1 995
2 985
3 979
4 972
5 963
6 959
7 952
8 946
9 939
10 933
11 926
12 922
13 917
14 912
15 908
16 903
17 899
18 896
19 893
20 890
21 886
22 883
23 880
24 877
25 874
26 872
27 869
28 867
29 865
30 862
31 862
32 859
33 857
34 856
35 854
36 853
37 852
38 851
39 848
40 848
41 847
42 846
43 845
44 844
45 844
46 843
47 842
48 841
49 840
50 840
51 839
52 839
53 838
54 837
55 838
56 836
57 835
58 836
59 835
60 835
61 835
62 835
63 834
64 834
65 833
66 833
67 833
68 833
69 833
70 832
71 832
72 832
73 831
74 831
75 832
76 832
77 831
78 831
79 831
80 830
81 831
82 831
83 830
84 831
85 830
86 832
87 831
88 831
89 831
90 831
91 831
92 831
93 831
94 831
95 831
96 831
97 832
98 831
99 831
100 830
101 830
102 831
103 830
104 831
105 831
106 830
107 830
108 829
109 830
110 830
111 830
112 830
113 830
114 830
115 830
116 829
117 830
118 830
119 830
120 831
121 830
122 831
123 830
124 831
125 831
126 830
127 831
128 830
129 830
130 831
131 830
132 829
133 830
134 829
135 829
136 830
137 830
138 830
139 829
140 830
141 830
142 830
143 830
144 830
145 829
146 830
147 831
148 830
149 830
150 830
151 830
152 830
153 830
154 830
155 830
156 829
157 830
158 830
159 829
160 830
161 830
162 830
163 829
164 830
165 831
166 830
167 830
168 829
169 830
170 829
171 830
172 831
173 830
174 830
175 830
176 829
177 830
178 830
179 830
180 831
181 829
182 830
183 829
184 830
185 830
186 830
187 830
188 830
189 830
190 831
191 830
192 830
193 830
194 831
195 830
196 829
197 829
198 830
199 829
200 829
201 829
202 830
203 830
204 829
205 829
206 830
207 829
208 831
209 830
210 830
211 829
212 829
213 830
214 829
215 830
216 830
217 830
218 829
219 829
220 829
221 830
222 829
223 829
224 830
225 830
226 829
227 829
228 829
229 829
230 830
231 829
232 830
233 830
234 829
235 829
236 829
237 829
238 830
239 829
240 829
241 829
242 829
243 829
244 829
245 829
246 829
247 828
248 830
249 829
250 831
251 829
252 829
253 829
254 829
255 829
256 829
257 828
258 828
259 829
260 829
261 829
262 828
263 829
264 828
265 828
266 829
267 829
268 829
269 829
270 829
271 829
272 828
273 829
274 828
275 828
276 828
277 828
278 829
279 828
280 829
281 828
282 829
283 829
284 828
285 828
286 829
287 829
288 828
289 828
290 828
291 829
292 829
293 828
294 829
295 829
296 829
297 829
298 828
299 828
300 828
301 829
302 829
303 828
304 828
305 829
306 829
307 828
308 828
309 829
310 828
311 829
312 829
313 829
314 829
315 829
316 829
317 829
318 829
319 829
320 828
321 828
322 830
323 829
324 829
325 829
326 829
327 828
328 828
329 829
330 828
331 828
332 828
333 828
334 828
335 828
336 829
337 829
338 829
339 829
340 830
341 829
342 829
343 828
344 828
345 828
346 828
347 828
348 828
349 829
350 828
351 828
352 828
353 828
354 828
355 829
356 829
357 829
358 828
359 828
360 829
361 829
362 828
363 828
364 830
365 829
366 828
367 828
368 828
369 828
370 828
371 828
372 828
373 829
374 828
375 828
376 828
377 828
378 827
379 827
380 827
381 828
382 827
383 828
384 828
385 828
386 829
387 828
388 827
389 828
390 828
391 827
392 828
393 827
394 827
395 828
396 828
397 826
398 827
399 828
400 828
401 828
402 829
403 828
404 827
405 828
406 827
407 828
408 827
409 829
410 828
411 828
412 827
413 828
414 828
415 828
416 828
417 827
418 828
419 828
420 829
421 827
422 827
423 828
424 828
425 827
426 827
427 828
428 827
429 827
430 828
431 827
432 827
433 827
434 828
435 826
436 827
437 827
438 827
439 827
440 827
441 827
442 827
443 827
444 827
445 828
446 828
447 828
448 827
449 828
450 827
451 828
452 827
453 827
454 827
455 827
456 827
457 827
458 827
459 827
460 827
461 827
462 828
463 827
464 828
465 827
466 828
467 827
468 828
469 827
470 828
471 827
472 827
473 827
474 827
475 827
476 827
477 828
478 827
479 828
480 828
481 828
482 829
483 828
484 828
485 828
486 827
487 828
488 828
489 828
490 827
491 828
492 828
493 828
494 828
495 827
496 828
497 828
498 828
499 828
500 828
501 828
502 828
503 828
504 827
505 828
506 829
507 828
508 828
509 829
510 828
511 828
512 828
513 829
514 828
515 828
516 827
517 828
518 827
519 827
520 828
521 828
522 829
523 828
524 827
525 828
526 828
527 828
528 828
529 828
530 828
531 827
532 828
533 828
534 829
535 829
536 829
537 828
538 827
539 828
540 829
541 828
542 829
543 829
544 828
545 828
546 828
547 828
548 828
549 828
550 828
551 829
552 827
553 828
554 828
555 827
556 827
557 827
558 828
559 828
560 828
561 828
562 828
563 828
564 827
565 827
566 827
567 827
568 828
569 828
570 827
571 829
572 828
573 828
574 828
575 828
576 828
577 827
578 827
579 828
580 828
581 828
582 827
583 827
584 828
585 828
586 828
587 828
588 828
589 827
590 828
591 827
592 828
593 827
594 828
595 828
596 828
597 828
598 827
599 827
600 827
601 828
602 827
603 828
604 828
605 828
606 829
607 828
608 827
609 827
610 827
611 826
612 827
613 827
614 827
615 827
616 827
617 827
618 827
619 827
620 827
621 827
622 827
623 827
624 828
625 828
626 828
627 827
628 827
629 827
630 828
631 829
632 828
633 828
634 828
635 828
636 828
637 827
638 827
639 828
640 828
641 828
642 828
643 827
644 827
645 829
646 828
647 828
648 828
649 828
650 829
651 828
652 828
653 828
654 828
655 829
656 828
657 829
658 828
659 827
660 829
661 828
662 828
663 828
664 828
665 828
666 828
667 828
668 828
669 828
670 828
671 827
672 828
673 828
674 827
675 828
676 828
677 828
678 828
679 828
680 828
681 828
682 828
683 828
684 828
685 828
686 828
687 828
688 827
689 827
690 827
691 828
692 828
693 828
694 828
695 828
696 828
697 828
698 827
699 827
700 827
701 827
702 827
703 827
704 827
705 827
706 827
707 827
708 828
709 828
710 828
711 828
712 828
713 828
714 827
715 828
716 827
717 826
718 826
719 826
720 826
721 827
722 827
723 827
724 827
725 827
726 826
727 827
728 827
729 827
730 827
731 827
732 827
733 827
734 827
735 827
736 827
737 827
738 827
739 827
740 828
741 828
742 828
743 828
744 828
745 828
746 828
747 828
748 828
749 827
750 828
751 828
752 828
753 828
754 828
755 828
756 829
757 828
758 828
759 828
760 827
761 827
762 827
763 827
764 828
765 828
766 828
767 828
768 829
769 828
770 828
771 828
772 829
773 828
774 828
775 828
776 828
777 828
778 827
779 828
780 828
781 828
782 828
783 828
784 829
785 829
786 828
787 827
788 828
789 828
790 828
791 828
792 828
793 828
794 828
795 828
796 828
797 829
798 828
799 829
800 828
801 827
802 828
803 828
804 828
805 827
806 828
807 828
808 827
809 828
810 828
811 828
812 828
813 827
814 828
815 828
816 828
817 828
818 829
819 828
820 828
821 828
822 828
823 827
824 827
825 828
826 828
827 828
828 828
829 827
830 827
831 828
832 829
833 828
834 828
835 828
836 828
837 828
838 828
839 828
840 829
841 828
842 828
843 828
844 828
845 828
846 828
847 828
848 828
849 829
850 828
851 828
852 828
853 828
854 828
855 829
856 828
857 828
858 828
859 829
860 829
861 828
862 828
863 828
864 828
865 828
866 829
867 828
868 828
869 829
870 829
871 827
872 829
873 828
874 828
875 829
876 830
877 829
878 828
879 828
880 828
881 828
882 828
883 828
884 829
885 828
886 828
887 829
888 829
889 828
890 851
891 912
892 1018
893 1148
894 1290
895 1424
896 1548
897 1651
898 1744
899 1826
900 1889
901 1940
902 1980
903 2008
904 2029
905 2041
906 2046
907 2044
908 2037
909 2024
910 2007
911 1988
912 1968
913 1940
914 1914
915 1884
916 1855
917 1827
918 1793
919 1761
920 1729
921 1699
922 1665
923 1634
924 1603
925 1574
926 1543
927 1513
928 1484
929 1459
930 1429
931 1403
932 1378
933 1352
934 1330
935 1306
936 1284
937 1264
938 1242
939 1223
940 1205
941 1188
942 1170
943 1152
944 1137
945 1121
946 1107
947 1092
948 1081
949 1068
950 1055
951 1044
952 1032
953 1023
954 1012
955 1002
956 994
957 984
958 975
959 967
960 960
961 955
962 949
963 943
964 936
965 931
966 924
967 919
968 915
969 909
970 906
971 900
972 896
973 894
974 891
975 888
976 883
977 881
978 878
979 876
980 873
981 870
982 868
983 866
984 865
985 861
986 860
987 858
988 857
989 854
990 854
991 852
992 851
993 850
994 848
995 848
996 847
997 845
998 845
999 843
1000 844
1001 842
1002 842
1003 842
1004 840
1005 840
1006 839
1007 838
1008 837
1009 837
1010 837
1011 836
1012 836
1013 836
1014 836
1015 834
1016 835
1017 834
1018 834
1019 835
1020 833
1021 834
1022 833
1023 833
1024 832
1025 832
1026 831
1027 833
1028 832
1029 831
1030 832
1031 831
1032 830
1033 831
1034 831
1035 831
1036 831
1037 830
1038 831
1039 831
1040 831
1041 831
1042 831
1043 831
1044 832
1045 831
1046 831
1047 831
1048 831
1049 831
1050 831
1051 831
1052 831
1053 832
1054 832
1055 831
1056 831
1057 832
1058 831
1059 831
1060 831
1061 831
1062 831
1063 831
1064 831
1065 831
1066 830
1067 831
1068 831
1069 831
1070 831
1071 830
1072 832
1073 831
1074 831
1075 831
1076 831
1077 831
1078 831
1079 831
1080 830
1081 832
1082 830
1083 831
1084 831
1085 832
1086 831
1087 831
1088 830
1089 830
1090 831
1091 831
1092 832
1093 831
1094 831
1095 831
1096 832
1097 831
1098 832
1099 832
1100 831
1101 831
1102 831
1103 831
1104 831
1105 831
1106 831
1107 831
1108 831
1109 831
1110 831
1111 831
1112 830
1113 831
1114 831
1115 831
1116 831
1117 831
1118 831
1119 830
1120 831
1121 831
1122 831
1123 831
1124 830
1125 831
1126 831
1127 831
1128 830
1129 830
1130 830
1131 830
1132 830
1133 829
1134 829
1135 830
1136 831
1137 832
1138 831
1139 830
1140 831
1141 830
1142 830
1143 830
1144 831
1145 830
1146 831
1147 830
1148 831
1149 831
1150 831
1151 830
1152 830
1153 830
1154 830
1155 830
1156 831
1157 829
1158 830
1159 831
1160 830
1161 830
1162 831
1163 830
1164 831
1165 830
1166 830
1167 830
1168 831
1169 830
1170 830
1171 830
1172 831
1173 830
1174 830
1175 831
1176 830
1177 831
1178 830
1179 830
1180 829
1181 830
1182 831
1183 831
1184 830
1185 831
1186 831
1187 830
1188 830
1189 830
1190 831
1191 831
1192 831
1193 831
1194 830
1195 830
1196 830
1197 831
1198 831
1199 830
1200 831
1201 830
1202 830
1203 830
1204 830
1205 830
1206 831
1207 830
1208 830
1209 830
1210 831
1211 831
1212 830
1213 831
1214 831
1215 831
1216 830
1217 830
1218 830
1219 830
1220 830
1221 830
1222 830
1223 830
1224 831
1225 830
1226 830
1227 831
1228 831
1229 830
1230 829
1231 830
1232 830
1233 829
1234 830
1235 830
1236 830
1237 830
1238 829
1239 829
1240 830
1241 830
1242 830
1243 830
1244 830
1245 831
1246 829
1247 828
1248 830
1249 829
1250 829
1251 829
1252 829
1253 829
1254 829
1255 829
1256 829
1257 829
1258 829
1259 829
1260 829
1261 829
1262 829
1263 830
1264 830
1265 829
1266 829
1267 829
1268 829
1269 829
1270 829
1271 828
1272 828
1273 829
1274 829
1275 829
1276 829
1277 829
1278 828
1279 829
1280 829
1281 829
1282 828
1283 829
1284 830
1285 830
1286 829
1287 829
1288 829
1289 828
1290 828
1291 830
1292 830
1293 829
1294 829
1295 829
1296 830
1297 829
1298 829
1299 830
1300 829
1301 830
1302 830
1303 831
1304 829
1305 829
1306 830
1307 830
1308 829
1309 829
1310 829
1311 829
1312 829
1313 829
1314 829
1315 829
1316 829
1317 829
1318 829
1319 829
1320 829
1321 828
1322 828
1323 829
1324 829
1325 829
1326 828
1327 829
1328 829
1329 829
1330 829
1331 828
1332 829
1333 829
1334 829
1335 829
1336 829
1337 829
1338 829
1339 829
1340 829
1341 829
1342 829
1343 830
1344 829
1345 830
1346 829
1347 828
1348 829
1349 830
1350 830
1351 829
1352 830
1353 829
1354 828
1355 830
1356 829
1357 829
1358 829
1359 829
1360 829
1361 830
1362 830
1363 829
1364 829
1365 829
1366 829
1367 829
1368 828
1369 830
1370 829
1371 829
1372 830
1373 830
1374 829
1375 829
1376 830
1377 829
1378 829
1379 829
1380 828
1381 828
1382 828
1383 829
1384 830
1385 830
1386 828
1387 829
1388 829
1389 829
1390 828
1391 829
1392 830
1393 829
1394 829
1395 828
1396 828
1397 829
1398 829
1399 829
1400 829
1401 829
1402 829
1403 829
1404 829
1405 829
1406 829
1407 829
1408 829
1409 829
1410 829
1411 830
1412 829
1413 829
1414 829
1415 829
1416 829
1417 828
1418 829
1419 829
1420 829
1421 829
1422 830
1423 830
1424 829
1425 830
1426 830
1427 830
1428 829
1429 829
1430 829
1431 829
1432 829
1433 830
1434 830
1435 829
1436 830
1437 830
1438 830
1439 829
1440 829
1441 830
1442 830
1443 829
1444 829
1445 829
1446 830
1447 829
1448 830
1449 830
1450 830
1451 829
1452 829
1453 830
1454 829
1455 829
1456 829
1457 829
1458 829
1459 829
1460 829
1461 829
1462 830
1463 829
1464 828
1465 829
1466 829
1467 828
1468 830
1469 830
1470 829
1471 828
1472 829
1473 829
1474 829
1475 829
1476 829
1477 828
1478 829
1479 829
1480 829
1481 828
1482 829
1483 829
1484 829
1485 829
1486 829
1487 829
1488 829
1489 829
1490 829
1491 828
1492 828
1493 828
1494 829
1495 828
1496 828
1497 828
1498 829
1499 829
1500 828
1501 828
1502 828
1503 829
1504 829
1505 829
1506 828
1507 828
1508 829
1509 829
1510 828
1511 828
1512 829
1513 828
1514 829
1515 829
1516 828
1517 829
1518 828
1519 828
1520 828
1521 829
1522 829
1523 829
1524 829
1525 829
1526 828
1527 828
1528 829
1529 829
1530 829
1531 828
1532 829
1533 829
1534 829
1535 829
1536 829
1537 829
1538 829
1539 830
1540 829
1541 829
1542 829
1543 828
1544 829
1545 829
1546 829
1547 828
1548 828
1549 828
1550 828
1551 828
1552 829
1553 828
1554 829
1555 829
1556 830
1557 829
1558 829
1559 829
1560 829
1561 829
1562 830
1563 829
1564 828
1565 828
1566 829
1567 829
1568 828
1569 829
1570 829
1571 829
1572 829
1573 829
1574 829
1575 828
1576 829
1577 828
1578 829
1579 829
1580 829
1581 829
1582 828
1583 829
1584 829
1585 829
1586 829
1587 830
1588 829
1589 829
1590 828
1591 828
1592 828
1593 828
1594 828
1595 829
1596 828
1597 829
1598 828
1599 829
1600 829
1601 829
1602 829
1603 829
1604 829
1605 829
1606 828
1607 828
1608 829
1609 829
1610 828
1611 828
1612 829
1613 829
1614 829
1615 829
1616 830
1617 828
1618 828
1619 827
1620 827
1621 828
1622 828
1623 828
1624 829
1625 829
1626 829
1627 829
1628 829
1629 829
1630 829
1631 828
1632 828
1633 829
1634 829
1635 829
1636 828
1637 829
1638 828
1639 828
1640 829
1641 828
1642 828
1643 828
1644 829
1645 829
1646 829
1647 829
1648 829
1649 828
1650 828
1651 828
1652 827
1653 828
1654 827
1655 828
1656 828
1657 828
1658 829
1659 828
1660 829
1661 829
1662 829
1663 828
1664 829
1665 829
1666 829
1667 828
1668 829
1669 828
1670 828
1671 829
1672 830
1673 829
1674 828
1675 829
1676 828
1677 829
1678 829
1679 829
1680 828
1681 828
1682 829
1683 829
1684 827
1685 828
1686 829
1687 829
1688 829
1689 829
1690 829
1691 829
1692 830
1693 829
1694 828
1695 828
1696 829
1697 829
1698 829
1699 828
1700 828
1701 828
1702 828
1703 828
1704 828
1705 828
1706 828
1707 829
1708 829
1709 828
1710 828
1711 829
1712 828
1713 829
1714 829
1715 828
1716 829
1717 828
1718 828
1719 828
1720 828
1721 827
1722 828
1723 828
1724 828
1725 828
1726 828
1727 828
1728 828
1729 829
1730 828
1731 829
1732 828
1733 828
1734 828
1735 828
1736 829
1737 829
1738 829
1739 829
1740 828
1741 827
1742 828
1743 828
1744 828
1745 828
1746 829
1747 828
1748 828
1749 828
1750 828
1751 828
1752 828
1753 828
1754 828
1755 828
1756 828
1757 828
1758 828
1759 829
1760 829
1761 828
1762 828
1763 827
1764 827
1765 828
1766 828
1767 828
1768 828
1769 828
1770 828
1771 828
1772 828
1773 828
1774 827
1775 828
1776 827
1777 828
1778 828
1779 828
1780 828
1781 829
1782 829
1783 828
1784 828
1785 828
1786 828
1787 829
1788 829
1789 828
1790 828
1791 828
1792 829
1793 828
1794 829
1795 828
1796 828
1797 829
1798 828
1799 828
1800 829
1801 828
1802 829
1803 828
1804 828
1805 828
1806 828
1807 828
1808 828
1809 828
1810 828
1811 828
1812 828
1813 828
1814 829
1815 828
1816 828
1817 829
1818 827
1819 828
1820 828
1821 828
1822 828
1823 828
1824 828
1825 828
1826 828
1827 828
1828 828
1829 828
1830 828
1831 829
1832 828
1833 828
1834 828
1835 829
1836 828
1837 828
1838 828
1839 828
1840 828
1841 829
1842 828
1843 829
1844 836
1845 879
1846 957
1847 1079
1848 1215
1849 1356
1850 1485
1851 1600
1852 1701
1853 1787
1854 1856
1855 1916
1856 1962
1857 1993
1858 2020
1859 2036
1860 2044
1861 2046
1862 2042
1863 2033
1864 2019
1865 1999
1866 1979
1867 1956
1868 1927
1869 1901
1870 1871
1871 1843
1872 1810
1873 1779
1874 1744
1875 1715
1876 1683
1877 1652
1878 1619
1879 1591
1880 1559
1881 1530
1882 1499
1883 1472
1884 1445
1885 1417
1886 1392
1887 1366
1888 1343
1889 1321
1890 1296
1891 1275
1892 1253
1893 1232
1894 1215
1895 1196
1896 1178
1897 1161
1898 1145
1899 1130
1900 1114
1901 1100
1902 1087
1903 1075
1904 1063
1905 1050
1906 1038
1907 1027
1908 1018
1909 1008
1910 998
1911 988
1912 980
1913 972
1914 964
1915 959
1916 953
1917 946
1918 939
1919 933
1920 927
1921 922
1922 917
1923 914
1924 909
1925 905
1926 899
1927 897
1928 894
1929 890
1930 886
1931 884
1932 881
1933 877
1934 875
1935 872
1936 871
1937 868
1938 866
1939 865
1940 860
1941 859
1942 858
1943 856
1944 854
1945 853
1946 852
1947 851
1948 850
1949 848
1950 847
1951 846
1952 845
1953 844
1954 843
1955 843
1956 842
1957 841
1958 841
1959 840
1960 839
1961 839
1962 838
1963 837
1964 836
1965 836
1966 835
1967 836
1968 835
1969 835
1970 835
1971 835
1972 834
1973 834
1974 834
1975 834
1976 832
1977 833
1978 833
1979 832
1980 832
1981 833
1982 832
1983 831
1984 832
1985 831
1986 831
1987 831
1988 832
1989 831
1990 832
1991 831
1992 831
1993 831
1994 832
1995 831
1996 830
1997 831
1998 831
1999 831
2000 831
2001 831
2002 832
2003 832
2004 830
2005 831
2006 831
2007 831
2008 831
2009 831
2010 831
2011 831
2012 831
2013 831
2014 831
2015 831
2016 831
2017 832
2018 832
2019 831
2020 831
2021 830
2022 830
2023 831
2024 831
2025 831
2026 830
2027 831
2028 831
2029 830
2030 831
2031 831
2032 831
2033 831
2034 831
2035 832
2036 832
2037 831
2038 831
2039 830
2040 831
2041 830
2042 830
2043 830
2044 831
2045 830
2046 831
2047 830
