1 1190
2 1173
3 1154
4 1137
5 1120
6 1104
7 1089
8 1077
9 1063
10 1051
11 1039
12 1026
13 1017
14 1005
15 997
16 987
17 978
18 970
19 962
20 957
21 950
22 944
23 937
24 932
25 926
26 921
27 915
28 911
29 906
30 901
31 897
32 895
33 891
34 888
35 884
36 881
37 880
38 876
39 874
40 871
41 870
42 868
43 866
44 862
45 861
46 859
47 857
48 856
49 854
50 853
51 852
52 851
53 850
54 848
55 847
56 847
57 846
58 845
59 844
60 844
61 843
62 842
63 842
64 840
65 840
66 840
67 839
68 839
69 839
70 838
71 837
72 837
73 837
74 837
75 836
76 837
77 836
78 835
79 835
80 835
81 835
82 834
83 834
84 834
85 834
86 833
87 834
88 833
89 832
90 832
91 832
92 832
93 832
94 833
95 832
96 833
97 833
98 832
99 832
100 832
101 832
102 831
103 832
104 832
105 831
106 831
107 832
108 832
109 831
110 831
111 831
112 831
113 832
114 830
115 832
116 831
117 830
118 831
119 831
120 831
121 831
122 832
123 831
124 832
125 832
126 831
127 831
128 831
129 831
130 831
131 831
132 830
133 830
134 831
135 831
136 831
137 831
138 831
139 830
140 831
141 830
142 830
143 830
144 831
145 830
146 831
147 831
148 831
149 831
150 830
151 830
152 830
153 830
154 831
155 830
156 830
157 830
158 831
159 830
160 830
161 831
162 831
163 831
164 831
165 832
166 831
167 831
168 830
169 831
170 830
171 831
172 830
173 830
174 831
175 831
176 831
177 831
178 830
179 831
180 831
181 831
182 831
183 831
184 831
185 831
186 831
187 830
188 830
189 831
190 831
191 831
192 830
193 830
194 829
195 831
196 829
197 830
198 829
199 830
200 830
201 830
202 830
203 831
204 830
205 831
206 831
207 831
208 830
209 830
210 829
211 831
212 830
213 830
214 831
215 829
216 831
217 830
218 829
219 830
220 830
221 829
222 830
223 829
224 829
225 829
226 828
227 829
228 830
229 830
230 830
231 831
232 829
233 829
234 830
235 830
236 829
237 829
238 829
239 829
240 829
241 829
242 829
243 830
244 829
245 829
246 830
247 829
248 829
249 829
250 829
251 829
252 828
253 829
254 828
255 827
256 829
257 829
258 829
259 829
260 829
261 829
262 829
263 829
264 830
265 829
266 829
267 829
268 830
269 829
270 828
271 828
272 828
273 828
274 828
275 829
276 829
277 829
278 829
279 830
280 827
281 829
282 829
283 829
284 829
285 829
286 829
287 829
288 830
289 829
290 830
291 830
292 829
293 829
294 829
295 828
296 829
297 829
298 829
299 829
300 829
301 828
302 829
303 829
304 828
305 828
306 828
307 829
308 828
309 829
310 829
311 829
312 829
313 828
314 829
315 828
316 828
317 829
318 829
319 828
320 828
321 828
322 828
323 828
324 828
325 829
326 828
327 828
328 827
329 829
330 829
331 829
332 829
333 829
334 828
335 828
336 828
337 829
338 828
339 829
340 828
341 828
342 828
343 828
344 828
345 827
346 827
347 828
348 829
349 828
350 828
351 829
352 828
353 829
354 828
355 829
356 829
357 828
358 828
359 828
360 828
361 828
362 828
363 828
364 828
365 828
366 829
367 828
368 828
369 827
370 828
371 828
372 829
373 828
374 828
375 829
376 828
377 829
378 828
379 828
380 828
381 828
382 829
383 828
384 828
385 828
386 828
387 828
388 828
389 828
390 828
391 828
392 828
393 828
394 828
395 828
396 828
397 829
398 829
399 829
400 828
401 827
402 828
403 828
404 828
405 827
406 828
407 828
408 828
409 828
410 828
411 828
412 828
413 828
414 827
415 828
416 828
417 828
418 827
419 827
420 827
421 828
422 828
423 827
424 827
425 828
426 827
427 828
428 828
429 827
430 828
431 828
432 827
433 828
434 828
435 828
436 829
437 829
438 828
439 828
440 829
441 828
442 828
443 828
444 828
445 828
446 828
447 828
448 829
449 828
450 828
451 828
452 828
453 828
454 828
455 828
456 827
457 827
458 828
459 828
460 828
461 827
462 827
463 828
464 827
465 827
466 828
467 827
468 828
469 828
470 828
471 827
472 828
473 828
474 828
475 828
476 828
477 828
478 827
479 828
480 828
481 827
482 827
483 828
484 828
485 827
486 828
487 827
488 828
489 828
490 828
491 827
492 827
493 828
494 828
495 827
496 828
497 827
498 827
499 827
500 828
501 827
502 827
503 827
504 827
505 827
506 827
507 827
508 827
509 826
510 827
511 826
512 827
513 827
514 828
515 827
516 828
517 827
518 827
519 827
520 826
521 827
522 827
523 827
524 828
525 827
526 827
527 828
528 827
529 827
530 827
531 827
532 827
533 828
534 827
535 827
536 828
537 828
538 828
539 828
540 828
541 827
542 828
543 827
544 828
545 827
546 827
547 827
548 827
549 827
550 827
551 828
552 827
553 827
554 828
555 828
556 828
557 827
558 827
559 827
560 826
561 827
562 827
563 827
564 828
565 828
566 827
567 827
568 827
569 828
570 827
571 827
572 828
573 827
574 827
575 827
576 827
577 828
578 828
579 828
580 828
581 826
582 827
583 827
584 827
585 828
586 828
587 828
588 828
589 827
590 827
591 827
592 828
593 827
594 828
595 827
596 828
597 827
598 827
599 828
600 828
601 828
602 828
603 827
604 828
605 827
606 827
607 827
608 827
609 828
610 827
611 827
612 828
613 828
614 828
615 828
616 828
617 828
618 827
619 828
620 828
621 827
622 827
623 827
624 827
625 827
626 828
627 828
628 828
629 828
630 828
631 828
632 828
633 827
634 828
635 828
636 828
637 828
638 828
639 828
640 827
641 827
642 828
643 828
644 827
645 828
646 828
647 827
648 827
649 828
650 828
651 828
652 828
653 827
654 827
655 828
656 828
657 828
658 827
659 828
660 828
661 828
662 827
663 827
664 827
665 828
666 828
667 828
668 827
669 828
670 828
671 827
672 828
673 828
674 827
675 827
676 828
677 827
678 828
679 826
680 827
681 827
682 827
683 828
684 827
685 827
686 828
687 827
688 828
689 827
690 827
691 827
692 827
693 828
694 827
695 828
696 828
697 828
698 827
699 828
700 827
701 828
702 827
703 827
704 828
705 827
706 827
707 827
708 828
709 828
710 827
711 828
712 827
713 827
714 825
715 826
716 827
717 827
718 827
719 828
720 828
721 828
722 827
723 827
724 827
725 828
726 827
727 827
728 827
729 827
730 828
731 827
732 828
733 827
734 827
735 827
736 828
737 826
738 827
739 828
740 827
741 828
742 827
743 827
744 827
745 827
746 827
747 827
748 827
749 828
750 828
751 828
752 827
753 827
754 828
755 828
756 828
757 827
758 827
759 828
760 828
761 827
762 828
763 827
764 828
765 828
766 828
767 828
768 828
769 827
770 827
771 827
772 827
773 828
774 827
775 827
776 828
777 828
778 828
779 828
780 828
781 827
782 827
783 828
784 827
785 828
786 828
787 827
788 828
789 827
790 827
791 827
792 827
793 827
794 827
795 827
796 828
797 827
798 827
799 827
800 828
801 828
802 827
803 827
804 827
805 827
806 827
807 828
808 827
809 828
810 828
811 828
812 828
813 828
814 828
815 828
816 828
817 828
818 827
819 828
820 828
821 828
822 828
823 827
824 828
825 828
826 828
827 828
828 827
829 828
830 828
831 827
832 828
833 828
834 827
835 827
836 827
837 828
838 828
839 828
840 828
841 827
842 828
843 827
844 828
845 827
846 828
847 827
848 827
849 827
850 828
851 828
852 828
853 828
854 828
855 827
856 828
857 828
858 829
859 827
860 828
861 827
862 828
863 828
864 827
865 828
866 828
867 828
868 827
869 827
870 827
871 827
872 828
873 828
874 828
875 829
876 828
877 828
878 828
879 828
880 827
881 828
882 828
883 828
884 828
885 827
886 841
887 890
888 974
889 1099
890 1261
891 1458
892 1684
893 1948
894 2223
895 2495
896 2741
897 2951
898 3127
899 3276
900 3399
901 3495
902 3564
903 3613
904 3643
905 3652
906 3650
907 3635
908 3607
909 3570
910 3523
911 3472
912 3414
913 3352
914 3285
915 3216
916 3143
917 3072
918 2999
919 2924
920 2851
921 2776
922 2705
923 2631
924 2561
925 2493
926 2424
927 2358
928 2292
929 2227
930 2165
931 2105
932 2044
933 1986
934 1932
935 1880
936 1831
937 1780
938 1732
939 1690
940 1647
941 1606
942 1569
943 1529
944 1494
945 1461
946 1430
947 1398
948 1369
949 1341
950 1317
951 1290
952 1266
953 1241
954 1219
955 1201
956 1180
957 1162
958 1145
959 1128
960 1111
961 1097
962 1085
963 1072
964 1057
965 1045
966 1032
967 1022
968 1012
969 1001
970 993
971 983
972 974
973 967
974 958
975 954
976 948
977 940
978 934
979 929
980 922
981 917
982 912
983 908
984 904
985 900
986 896
987 893
988 890
989 887
990 884
991 881
992 877
993 875
994 872
995 871
996 867
997 866
998 864
999 861
1000 860
1001 857
1002 857
1003 856
1004 854
1005 853
1006 851
1007 849
1008 848
1009 847
1010 847
1011 847
1012 846
1013 845
1014 845
1015 843
1016 842
1017 842
1018 841
1019 841
1020 840
1021 840
1022 839
1023 839
1024 839
1025 838
1026 837
1027 837
1028 837
1029 837
1030 836
1031 836
1032 835
1033 835
1034 835
1035 834
1036 835
1037 834
1038 834
1039 834
1040 834
1041 833
1042 833
1043 833
1044 832
1045 832
1046 833
1047 832
1048 833
1049 832
1050 831
1051 832
1052 832
1053 832
1054 832
1055 830
1056 830
1057 831
1058 831
1059 831
1060 831
1061 831
1062 831
1063 831
1064 831
1065 831
1066 832
1067 832
1068 831
1069 831
1070 831
1071 831
1072 830
1073 830
1074 831
1075 830
1076 831
1077 832
1078 831
1079 832
1080 831
1081 831
1082 831
1083 830
1084 830
1085 831
1086 830
1087 830
1088 830
1089 831
1090 831
1091 831
1092 831
1093 831
1094 830
1095 831
1096 831
1097 831
1098 831
1099 831
1100 831
1101 831
1102 831
1103 831
1104 831
1105 830
1106 830
1107 831
1108 830
1109 830
1110 830
1111 830
1112 831
1113 831
1114 830
1115 830
1116 830
1117 830
1118 830
1119 830
1120 830
1121 831
1122 830
1123 831
1124 830
1125 830
1126 831
1127 830
1128 829
1129 831
1130 830
1131 831
1132 830
1133 830
1134 830
1135 830
1136 830
1137 830
1138 830
1139 830
1140 829
1141 829
1142 829
1143 829
1144 830
1145 829
1146 829
1147 830
1148 830
1149 830
1150 830
1151 830
1152 830
1153 829
1154 828
1155 829
1156 828
1157 829
1158 830
1159 829
1160 829
1161 830
1162 829
1163 830
1164 830
1165 829
1166 828
1167 829
1168 829
1169 829
1170 829
1171 829
1172 830
1173 830
1174 829
1175 829
1176 830
1177 829
1178 829
1179 829
1180 829
1181 829
1182 829
1183 830
1184 828
1185 829
1186 830
1187 829
1188 829
1189 829
1190 830
1191 829
1192 829
1193 830
1194 830
1195 829
1196 829
1197 829
1198 829
1199 829
1200 830
1201 828
1202 830
1203 829
1204 828
1205 829
1206 828
1207 828
1208 829
1209 828
1210 828
1211 830
1212 829
1213 828
1214 827
1215 828
1216 828
1217 828
1218 828
1219 828
1220 828
1221 829
1222 828
1223 828
1224 828
1225 828
1226 827
1227 828
1228 828
1229 827
1230 828
1231 828
1232 828
1233 827
1234 828
1235 827
1236 827
1237 828
1238 828
1239 828
1240 828
1241 828
1242 828
1243 828
1244 828
1245 828
1246 827
1247 827
1248 826
1249 827
1250 828
1251 827
1252 827
1253 828
1254 827
1255 827
1256 828
1257 828
1258 827
1259 827
1260 827
1261 827
1262 828
1263 828
1264 828
1265 828
1266 828
1267 827
1268 828
1269 827
1270 827
1271 827
1272 827
1273 828
1274 828
1275 828
1276 827
1277 828
1278 827
1279 828
1280 827
1281 827
1282 828
1283 828
1284 827
1285 827
1286 827
1287 828
1288 828
1289 828
1290 828
1291 828
1292 828
1293 827
1294 828
1295 828
1296 827
1297 828
1298 828
1299 827
1300 828
1301 828
1302 828
1303 829
1304 828
1305 828
1306 828
1307 828
1308 828
1309 828
1310 828
1311 827
1312 828
1313 828
1314 828
1315 828
1316 828
1317 828
1318 828
1319 827
1320 828
1321 828
1322 828
1323 828
1324 828
1325 828
1326 828
1327 828
1328 828
1329 828
1330 828
1331 828
1332 828
1333 828
1334 829
1335 829
1336 828
1337 828
1338 828
1339 828
1340 828
1341 828
1342 828
1343 829
1344 828
1345 828
1346 829
1347 828
1348 828
1349 828
1350 828
1351 829
1352 828
1353 828
1354 827
1355 828
1356 828
1357 828
1358 828
1359 828
1360 827
1361 828
1362 827
1363 828
1364 828
1365 827
1366 828
1367 827
1368 828
1369 827
1370 827
1371 827
1372 827
1373 827
1374 828
1375 828
1376 828
1377 828
1378 828
1379 827
1380 828
1381 828
1382 827
1383 828
1384 828
1385 828
1386 827
1387 828
1388 827
1389 827
1390 827
1391 829
1392 828
1393 827
1394 827
1395 826
1396 827
1397 826
1398 827
1399 827
1400 827
1401 827
1402 827
1403 827
1404 828
1405 827
1406 827
1407 827
1408 828
1409 827
1410 827
1411 827
1412 827
1413 828
1414 827
1415 827
1416 827
1417 827
1418 828
1419 828
1420 827
1421 827
1422 827
1423 826
1424 827
1425 828
1426 828
1427 828
1428 828
1429 828
1430 827
1431 827
1432 828
1433 828
1434 828
1435 828
1436 828
1437 827
1438 827
1439 826
1440 827
1441 827
1442 827
1443 828
1444 827
1445 827
1446 828
1447 828
1448 828
1449 827
1450 827
1451 828
1452 827
1453 827
1454 828
1455 827
1456 827
1457 827
1458 828
1459 828
1460 828
1461 827
1462 827
1463 827
1464 827
1465 827
1466 827
1467 827
1468 827
1469 827
1470 827
1471 828
1472 827
1473 827
1474 827
1475 827
1476 826
1477 827
1478 827
1479 827
1480 826
1481 827
1482 826
1483 826
1484 826
1485 827
1486 825
1487 827
1488 826
1489 826
1490 826
1491 826
1492 826
1493 826
1494 827
1495 826
1496 826
1497 826
1498 826
1499 826
1500 826
1501 826
1502 826
1503 825
1504 826
1505 826
1506 826
1507 826
1508 827
1509 825
1510 825
1511 827
1512 826
1513 826
1514 826
1515 826
1516 827
1517 825
1518 826
1519 825
1520 826
1521 826
1522 826
1523 826
1524 826
1525 827
1526 827
1527 825
1528 827
1529 825
1530 826
1531 827
1532 826
1533 825
1534 827
1535 826
1536 826
1537 827
1538 825
1539 826
1540 826
1541 826
1542 826
1543 826
1544 826
1545 826
1546 826
1547 826
1548 826
1549 827
1550 827
1551 825
1552 826
1553 825
1554 826
1555 826
1556 826
1557 826
1558 826
1559 826
1560 826
1561 825
1562 826
1563 826
1564 826
1565 826
1566 827
1567 826
1568 826
1569 827
1570 826
1571 826
1572 826
1573 827
1574 826
1575 826
1576 826
1577 825
1578 826
1579 826
1580 825
1581 826
1582 825
1583 826
1584 824
1585 825
1586 826
1587 825
1588 826
1589 827
1590 826
1591 827
1592 827
1593 826
1594 826
1595 826
1596 826
1597 826
1598 825
1599 826
1600 826
1601 827
1602 826
1603 826
1604 825
1605 826
1606 826
1607 826
1608 826
1609 827
1610 826
1611 826
1612 825
1613 826
1614 826
1615 826
1616 826
1617 826
1618 826
1619 826
1620 826
1621 827
1622 826
1623 827
1624 826
1625 826
1626 825
1627 826
1628 826
1629 826
1630 826
1631 826
1632 826
1633 826
1634 827
1635 827
1636 826
1637 826
1638 826
1639 826
1640 826
1641 826
1642 826
1643 825
1644 826
1645 826
1646 825
1647 825
1648 827
1649 826
1650 826
1651 826
1652 825
1653 827
1654 827
1655 827
1656 827
1657 828
1658 826
1659 826
1660 827
1661 827
1662 827
1663 827
1664 828
1665 826
1666 826
1667 827
1668 826
1669 827
1670 827
1671 827
1672 828
1673 827
1674 827
1675 826
1676 827
1677 827
1678 827
1679 827
1680 828
1681 827
1682 827
1683 827
1684 827
1685 826
1686 826
1687 827
1688 826
1689 826
1690 826
1691 826
1692 826
1693 827
1694 827
1695 827
1696 827
1697 827
1698 826
1699 827
1700 827
1701 826
1702 826
1703 827
1704 826
1705 827
1706 826
1707 826
1708 827
1709 826
1710 826
1711 826
1712 827
1713 826
1714 826
1715 828
1716 827
1717 827
1718 827
1719 827
1720 828
1721 828
1722 827
1723 827
1724 826
1725 826
1726 827
1727 827
1728 826
1729 826
1730 827
1731 827
1732 827
1733 827
1734 827
1735 827
1736 827
1737 827
1738 826
1739 826
1740 827
1741 827
1742 827
1743 827
1744 828
1745 826
1746 827
1747 827
1748 827
1749 826
1750 826
1751 826
1752 826
1753 826
1754 827
1755 826
1756 827
1757 826
1758 826
1759 828
1760 827
1761 827
1762 826
1763 826
1764 826
1765 826
1766 826
1767 826
1768 826
1769 826
1770 827
1771 826
1772 826
1773 827
1774 826
1775 827
1776 826
1777 826
1778 827
1779 826
1780 827
1781 827
1782 827
1783 826
1784 826
1785 827
1786 826
1787 825
1788 826
1789 826
1790 826
1791 826
1792 826
1793 826
1794 826
1795 826
1796 827
1797 827
1798 827
1799 826
1800 827
1801 826
1802 827
1803 827
1804 827
1805 827
1806 827
1807 827
1808 826
1809 826
1810 827
1811 826
1812 827
1813 827
1814 827
1815 827
1816 827
1817 828
1818 827
1819 827
1820 826
1821 828
1822 828
1823 828
1824 828
1825 828
1826 827
1827 828
1828 828
1829 828
1830 827
1831 827
1832 828
1833 827
1834 828
1835 828
1836 828
1837 828
1838 828
1839 827
1840 831
1841 859
1842 925
1843 1030
1844 1173
1845 1352
1846 1564
1847 1805
1848 2081
1849 2359
1850 2619
1851 2849
1852 3042
1853 3202
1854 3340
1855 3449
1856 3530
1857 3590
1858 3630
1859 3649
1860 3654
1861 3646
1862 3624
1863 3591
1864 3548
1865 3501
1866 3446
1867 3387
1868 3320
1869 3252
1870 3181
1871 3110
1872 3034
1873 2962
1874 2887
1875 2815
1876 2743
1877 2669
1878 2599
1879 2528
1880 2459
1881 2392
1882 2325
1883 2258
1884 2196
1885 2134
1886 2074
1887 2016
1888 1960
1889 1908
1890 1856
1891 1805
1892 1756
1893 1712
1894 1668
1895 1626
1896 1589
1897 1549
1898 1513
1899 1477
1900 1445
1901 1413
1902 1384
1903 1354
1904 1329
1905 1302
1906 1277
1907 1253
1908 1230
1909 1212
1910 1190
1911 1171
1912 1152
1913 1137
1914 1118
1915 1104
1916 1089
1917 1077
1918 1063
1919 1052
1920 1038
1921 1028
1922 1017
1923 1008
1924 997
1925 987
1926 978
1927 969
1928 963
1929 956
1930 950
1931 944
1932 937
1933 931
1934 924
1935 919
1936 915
1937 910
1938 907
1939 901
1940 899
1941 895
1942 891
1943 887
1944 884
1945 881
1946 879
1947 876
1948 874
1949 871
1950 870
1951 867
1952 865
1953 862
1954 859
1955 858
1956 857
1957 856
1958 854
1959 854
1960 852
1961 850
1962 848
1963 848
1964 847
1965 845
1966 845
1967 844
1968 843
1969 842
1970 842
1971 841
1972 840
1973 840
1974 839
1975 838
1976 838
1977 837
1978 837
1979 837
1980 836
1981 837
1982 835
1983 835
1984 835
1985 835
1986 836
1987 834
1988 833
1989 834
1990 833
1991 833
1992 833
1993 832
1994 832
1995 833
1996 833
1997 832
1998 832
1999 832
2000 832
2001 832
2002 831
2003 832
2004 832
2005 832
2006 831
2007 831
2008 831
2009 831
2010 831
2011 830
2012 832
2013 831
2014 830
2015 831
2016 831
2017 830
2018 832
2019 831
2020 830
2021 832
2022 831
2023 830
2024 831
2025 831
2026 831
2027 831
2028 831
2029 831
2030 830
2031 832
2032 831
2033 831
2034 831
2035 831
2036 831
2037 831
2038 831
2039 831
2040 831
2041 830
2042 832
2043 831
2044 830
2045 832
2046 832
2047 831
