1 1144
2 1125
3 1111
4 1095
5 1084
6 1071
7 1058
8 1044
9 1033
10 1022
11 1012
12 1002
13 992
14 982
15 975
16 967
17 960
18 954
19 947
20 940
21 934
22 929
23 924
24 919
25 913
26 909
27 904
28 899
29 896
30 893
31 891
32 886
33 884
34 881
35 878
36 875
37 872
38 871
39 868
40 866
41 865
42 862
43 860
44 858
45 856
46 855
47 854
48 853
49 852
50 851
51 849
52 848
53 847
54 846
55 846
56 844
57 844
58 844
59 842
60 842
61 842
62 841
63 839
64 839
65 840
66 839
67 837
68 838
69 837
70 837
71 835
72 835
73 835
74 836
75 834
76 835
77 836
78 834
79 834
80 833
81 833
82 833
83 834
84 833
85 833
86 832
87 833
88 832
89 832
90 832
91 832
92 833
93 832
94 832
95 832
96 832
97 831
98 831
99 832
100 832
101 832
102 832
103 832
104 831
105 831
106 832
107 831
108 830
109 831
110 831
111 831
112 831
113 830
114 832
115 832
116 831
117 831
118 830
119 830
120 831
121 832
122 831
123 832
124 831
125 831
126 831
127 831
128 831
129 831
130 831
131 831
132 832
133 831
134 829
135 831
136 831
137 831
138 830
139 831
140 830
141 831
142 830
143 831
144 831
145 831
146 830
147 830
148 831
149 830
150 830
151 831
152 831
153 830
154 831
155 831
156 831
157 831
158 831
159 830
160 830
161 830
162 830
163 831
164 831
165 830
166 830
167 831
168 831
169 830
170 830
171 831
172 830
173 830
174 831
175 831
176 831
177 830
178 831
179 831
180 831
181 830
182 830
183 830
184 830
185 830
186 831
187 830
188 831
189 830
190 831
191 830
192 831
193 830
194 830
195 831
196 831
197 831
198 830
199 831
200 830
201 830
202 830
203 830
204 831
205 831
206 831
207 831
208 830
209 830
210 831
211 830
212 830
213 829
214 830
215 830
216 830
217 830
218 830
219 830
220 831
221 830
222 829
223 830
224 830
225 830
226 829
227 830
228 830
229 829
230 829
231 829
232 829
233 829
234 828
235 829
236 829
237 828
238 830
239 830
240 830
241 829
242 829
243 829
244 830
245 829
246 829
247 829
248 829
249 829
250 829
251 829
252 829
253 828
254 828
255 829
256 829
257 828
258 829
259 829
260 829
261 829
262 830
263 829
264 828
265 829
266 829
267 829
268 828
269 829
270 829
271 828
272 828
273 829
274 828
275 828
276 827
277 829
278 828
279 829
280 828
281 828
282 829
283 829
284 829
285 828
286 827
287 828
288 828
289 829
290 829
291 829
292 829
293 828
294 828
295 828
296 828
297 828
298 828
299 828
300 828
301 828
302 828
303 828
304 828
305 828
306 828
307 828
308 829
309 829
310 829
311 829
312 828
313 827
314 828
315 829
316 828
317 828
318 827
319 827
320 828
321 828
322 829
323 829
324 828
325 829
326 829
327 829
328 829
329 828
330 828
331 828
332 828
333 827
334 828
335 828
336 828
337 828
338 828
339 828
340 828
341 828
342 828
343 828
344 828
345 828
346 828
347 828
348 828
349 827
350 827
351 828
352 828
353 827
354 827
355 828
356 828
357 828
358 828
359 827
360 828
361 828
362 828
363 828
364 828
365 828
366 828
367 828
368 828
369 828
370 827
371 828
372 828
373 827
374 828
375 828
376 827
377 827
378 828
379 828
380 828
381 827
382 828
383 828
384 827
385 827
386 828
387 829
388 828
389 827
390 827
391 827
392 828
393 828
394 828
395 828
396 827
397 828
398 827
399 828
400 828
401 829
402 828
403 828
404 829
405 828
406 828
407 828
408 828
409 828
410 828
411 827
412 827
413 828
414 827
415 827
416 827
417 827
418 828
419 828
420 829
421 827
422 828
423 828
424 827
425 828
426 828
427 827
428 827
429 828
430 827
431 828
432 828
433 828
434 828
435 828
436 827
437 827
438 827
439 827
440 826
441 827
442 827
443 827
444 827
445 827
446 828
447 827
448 828
449 827
450 827
451 826
452 826
453 828
454 828
455 827
456 828
457 827
458 827
459 827
460 827
461 827
462 827
463 827
464 828
465 827
466 827
467 828
468 827
469 827
470 827
471 826
472 827
473 827
474 827
475 827
476 827
477 827
478 826
479 826
480 828
481 828
482 827
483 827
484 827
485 826
486 826
487 827
488 828
489 827
490 826
491 827
492 828
493 828
494 827
495 827
496 827
497 827
498 827
499 827
500 828
501 827
502 826
503 826
504 827
505 827
506 827
507 827
508 828
509 827
510 827
511 826
512 827
513 827
514 827
515 827
516 828
517 827
518 827
519 827
520 828
521 828
522 827
523 827
524 827
525 828
526 828
527 828
528 828
529 827
530 828
531 827
532 827
533 827
534 827
535 827
536 828
537 828
538 828
539 828
540 827
541 827
542 827
543 828
544 827
545 827
546 827
547 828
548 828
549 828
550 828
551 828
552 828
553 828
554 828
555 828
556 827
557 827
558 827
559 827
560 827
561 828
562 829
563 828
564 828
565 828
566 827
567 828
568 828
569 828
570 828
571 828
572 828
573 828
574 829
575 828
576 828
577 829
578 828
579 828
580 828
581 828
582 827
583 828
584 828
585 828
586 828
587 828
588 828
589 828
590 828
591 828
592 828
593 827
594 828
595 827
596 828
597 828
598 828
599 827
600 828
601 828
602 827
603 827
604 827
605 828
606 827
607 828
608 827
609 828
610 827
611 827
612 827
613 827
614 827
615 828
616 827
617 826
618 827
619 827
620 827
621 828
622 827
623 827
624 827
625 827
626 827
627 827
628 826
629 827
630 826
631 827
632 827
633 827
634 827
635 827
636 827
637 827
638 827
639 828
640 828
641 828
642 827
643 828
644 827
645 827
646 827
647 827
648 827
649 826
650 827
651 828
652 828
653 827
654 827
655 828
656 826
657 828
658 827
659 827
660 828
661 828
662 827
663 827
664 827
665 826
666 827
667 827
668 828
669 828
670 828
671 827
672 828
673 828
674 828
675 828
676 828
677 828
678 829
679 827
680 828
681 827
682 828
683 827
684 828
685 826
686 827
687 827
688 828
689 828
690 828
691 827
692 826
693 827
694 828
695 828
696 829
697 827
698 827
699 827
700 827
701 827
702 828
703 827
704 828
705 828
706 828
707 827
708 827
709 828
710 827
711 826
712 827
713 827
714 827
715 827
716 826
717 827
718 827
719 827
720 827
721 827
722 828
723 826
724 826
725 827
726 827
727 826
728 827
729 827
730 827
731 827
732 827
733 827
734 826
735 827
736 827
737 827
738 827
739 828
740 827
741 827
742 826
743 828
744 827
745 827
746 828
747 827
748 827
749 828
750 827
751 827
752 828
753 828
754 828
755 827
756 827
757 828
758 827
759 827
760 828
761 828
762 828
763 827
764 827
765 828
766 828
767 828
768 827
769 827
770 827
771 828
772 827
773 828
774 827
775 827
776 828
777 828
778 827
779 828
780 827
781 827
782 828
783 828
784 828
785 828
786 827
787 828
788 826
789 828
790 827
791 828
792 828
793 828
794 828
795 828
796 828
797 828
798 828
799 828
800 828
801 828
802 828
803 828
804 827
805 828
806 828
807 827
808 828
809 828
810 828
811 828
812 827
813 828
814 828
815 828
816 826
817 828
818 828
819 827
820 827
821 828
822 827
823 827
824 827
825 827
826 828
827 827
828 827
829 827
830 828
831 827
832 827
833 827
834 827
835 826
836 827
837 827
838 826
839 828
840 827
841 827
842 827
843 827
844 827
845 827
846 827
847 828
848 828
849 828
850 827
851 827
852 827
853 827
854 827
855 827
856 828
857 827
858 828
859 828
860 828
861 827
862 828
863 827
864 826
865 827
866 828
867 827
868 827
869 828
870 826
871 827
872 827
873 827
874 826
875 828
876 827
877 827
878 827
879 827
880 827
881 827
882 827
883 828
884 828
885 828
886 834
887 875
888 952
889 1071
890 1223
891 1412
892 1635
893 1888
894 2144
895 2382
896 2596
897 2765
898 2919
899 3040
900 3138
901 3212
902 3266
903 3303
904 3323
905 3328
906 3322
907 3303
908 3274
909 3241
910 3198
911 3150
912 3099
913 3043
914 2985
915 2923
916 2860
917 2794
918 2731
919 2666
920 2602
921 2536
922 2473
923 2409
924 2347
925 2284
926 2224
927 2164
928 2105
929 2049
930 1992
931 1939
932 1889
933 1840
934 1791
935 1743
936 1702
937 1659
938 1618
939 1582
940 1543
941 1507
942 1472
943 1441
944 1409
945 1381
946 1353
947 1328
948 1301
949 1276
950 1252
951 1229
952 1211
953 1191
954 1172
955 1153
956 1137
957 1122
958 1104
959 1089
960 1077
961 1065
962 1052
963 1040
964 1028
965 1019
966 1007
967 998
968 987
969 979
970 970
971 963
972 958
973 951
974 945
975 937
976 932
977 926
978 921
979 916
980 911
981 907
982 902
983 898
984 895
985 893
986 889
987 886
988 883
989 879
990 876
991 874
992 871
993 869
994 867
995 865
996 862
997 860
998 859
999 858
1000 856
1001 855
1002 855
1003 853
1004 851
1005 850
1006 848
1007 847
1008 846
1009 846
1010 844
1011 844
1012 843
1013 843
1014 841
1015 842
1016 841
1017 842
1018 839
1019 839
1020 839
1021 839
1022 838
1023 837
1024 837
1025 836
1026 836
1027 836
1028 836
1029 835
1030 835
1031 835
1032 835
1033 834
1034 834
1035 834
1036 834
1037 833
1038 833
1039 833
1040 833
1041 833
1042 833
1043 833
1044 834
1045 832
1046 832
1047 833
1048 832
1049 833
1050 833
1051 832
1052 832
1053 832
1054 831
1055 832
1056 831
1057 831
1058 831
1059 831
1060 831
1061 831
1062 832
1063 832
1064 831
1065 831
1066 831
1067 831
1068 831
1069 832
1070 830
1071 832
1072 831
1073 831
1074 831
1075 831
1076 832
1077 831
1078 831
1079 830
1080 831
1081 830
1082 831
1083 832
1084 831
1085 831
1086 831
1087 830
1088 832
1089 831
1090 831
1091 830
1092 830
1093 831
1094 831
1095 831
1096 831
1097 830
1098 831
1099 831
1100 831
1101 832
1102 831
1103 832
1104 831
1105 831
1106 831
1107 831
1108 831
1109 832
1110 830
1111 830
1112 831
1113 831
1114 831
1115 831
1116 831
1117 831
1118 830
1119 830
1120 831
1121 831
1122 830
1123 831
1124 830
1125 831
1126 830
1127 831
1128 831
1129 830
1130 831
1131 830
1132 831
1133 831
1134 831
1135 831
1136 831
1137 831
1138 831
1139 831
1140 830
1141 831
1142 829
1143 829
1144 830
1145 830
1146 830
1147 830
1148 830
1149 831
1150 829
1151 830
1152 829
1153 829
1154 830
1155 830
1156 830
1157 830
1158 831
1159 831
1160 831
1161 830
1162 830
1163 831
1164 831
1165 830
1166 831
1167 831
1168 830
1169 830
1170 829
1171 830
1172 830
1173 830
1174 830
1175 830
1176 830
1177 830
1178 831
1179 831
1180 829
1181 830
1182 830
1183 831
1184 831
1185 831
1186 830
1187 831
1188 830
1189 831
1190 830
1191 830
1192 830
1193 830
1194 830
1195 829
1196 829
1197 830
1198 830
1199 830
1200 829
1201 830
1202 829
1203 830
1204 830
1205 830
1206 829
1207 830
1208 830
1209 830
1210 830
1211 830
1212 830
1213 830
1214 829
1215 830
1216 830
1217 829
1218 829
1219 830
1220 829
1221 829
1222 829
1223 829
1224 830
1225 830
1226 830
1227 829
1228 830
1229 829
1230 829
1231 830
1232 829
1233 830
1234 829
1235 829
1236 829
1237 829
1238 829
1239 829
1240 829
1241 828
1242 829
1243 828
1244 829
1245 829
1246 829
1247 829
1248 829
1249 830
1250 829
1251 829
1252 828
1253 829
1254 828
1255 830
1256 830
1257 830
1258 829
1259 829
1260 829
1261 829
1262 829
1263 828
1264 828
1265 828
1266 829
1267 829
1268 829
1269 829
1270 828
1271 828
1272 829
1273 828
1274 828
1275 828
1276 829
1277 829
1278 827
1279 828
1280 828
1281 828
1282 828
1283 828
1284 829
1285 828
1286 828
1287 827
1288 828
1289 828
1290 828
1291 828
1292 828
1293 828
1294 828
1295 828
1296 828
1297 829
1298 828
1299 828
1300 828
1301 828
1302 828
1303 828
1304 828
1305 829
1306 828
1307 828
1308 829
1309 828
1310 828
1311 828
1312 828
1313 829
1314 829
1315 828
1316 828
1317 829
1318 829
1319 829
1320 829
1321 828
1322 828
1323 828
1324 829
1325 829
1326 829
1327 828
1328 828
1329 829
1330 828
1331 829
1332 829
1333 829
1334 829
1335 829
1336 829
1337 829
1338 828
1339 829
1340 829
1341 829
1342 829
1343 829
1344 828
1345 829
1346 829
1347 828
1348 829
1349 828
1350 829
1351 829
1352 828
1353 828
1354 829
1355 829
1356 828
1357 829
1358 829
1359 829
1360 828
1361 828
1362 828
1363 828
1364 828
1365 828
1366 828
1367 829
1368 828
1369 830
1370 828
1371 828
1372 829
1373 829
1374 829
1375 829
1376 829
1377 828
1378 828
1379 829
1380 828
1381 828
1382 829
1383 828
1384 828
1385 828
1386 828
1387 829
1388 828
1389 829
1390 829
1391 829
1392 828
1393 828
1394 828
1395 829
1396 829
1397 828
1398 828
1399 828
1400 828
1401 828
1402 828
1403 829
1404 829
1405 829
1406 828
1407 829
1408 828
1409 828
1410 829
1411 828
1412 828
1413 829
1414 829
1415 829
1416 829
1417 829
1418 828
1419 828
1420 827
1421 828
1422 828
1423 828
1424 829
1425 828
1426 829
1427 829
1428 829
1429 829
1430 829
1431 829
1432 828
1433 829
1434 829
1435 828
1436 829
1437 829
1438 829
1439 828
1440 829
1441 829
1442 829
1443 828
1444 828
1445 828
1446 828
1447 827
1448 828
1449 828
1450 829
1451 829
1452 829
1453 829
1454 829
1455 828
1456 829
1457 828
1458 829
1459 829
1460 828
1461 828
1462 828
1463 829
1464 828
1465 829
1466 829
1467 829
1468 828
1469 827
1470 828
1471 828
1472 828
1473 828
1474 828
1475 827
1476 829
1477 828
1478 828
1479 828
1480 827
1481 828
1482 829
1483 828
1484 829
1485 828
1486 828
1487 828
1488 829
1489 828
1490 827
1491 828
1492 827
1493 827
1494 828
1495 828
1496 827
1497 828
1498 827
1499 828
1500 828
1501 828
1502 827
1503 827
1504 828
1505 828
1506 828
1507 827
1508 829
1509 828
1510 828
1511 828
1512 828
1513 828
1514 827
1515 829
1516 829
1517 828
1518 828
1519 828
1520 827
1521 828
1522 828
1523 828
1524 828
1525 828
1526 827
1527 828
1528 828
1529 827
1530 828
1531 828
1532 827
1533 828
1534 828
1535 828
1536 828
1537 828
1538 827
1539 828
1540 828
1541 828
1542 828
1543 827
1544 827
1545 828
1546 828
1547 828
1548 828
1549 828
1550 827
1551 828
1552 828
1553 829
1554 828
1555 828
1556 827
1557 828
1558 827
1559 827
1560 826
1561 827
1562 827
1563 828
1564 828
1565 828
1566 829
1567 828
1568 828
1569 827
1570 829
1571 829
1572 829
1573 828
1574 828
1575 828
1576 828
1577 828
1578 829
1579 828
1580 828
1581 828
1582 828
1583 829
1584 829
1585 828
1586 828
1587 828
1588 829
1589 829
1590 828
1591 829
1592 828
1593 829
1594 828
1595 829
1596 828
1597 828
1598 829
1599 828
1600 828
1601 828
1602 828
1603 828
1604 828
1605 828
1606 829
1607 828
1608 828
1609 828
1610 828
1611 828
1612 828
1613 828
1614 829
1615 828
1616 828
1617 828
1618 828
1619 827
1620 828
1621 827
1622 826
1623 828
1624 828
1625 828
1626 829
1627 828
1628 827
1629 828
1630 828
1631 828
1632 828
1633 829
1634 828
1635 828
1636 828
1637 828
1638 828
1639 827
1640 828
1641 828
1642 828
1643 828
1644 828
1645 828
1646 827
1647 827
1648 828
1649 828
1650 827
1651 827
1652 827
1653 828
1654 828
1655 827
1656 828
1657 828
1658 828
1659 828
1660 827
1661 828
1662 827
1663 827
1664 827
1665 827
1666 828
1667 828
1668 827
1669 827
1670 827
1671 827
1672 827
1673 827
1674 827
1675 828
1676 828
1677 827
1678 828
1679 828
1680 827
1681 827
1682 827
1683 827
1684 828
1685 828
1686 827
1687 828
1688 827
1689 828
1690 828
1691 827
1692 827
1693 828
1694 828
1695 828
1696 827
1697 828
1698 828
1699 828
1700 828
1701 828
1702 828
1703 827
1704 828
1705 828
1706 827
1707 827
1708 827
1709 828
1710 827
1711 828
1712 828
1713 828
1714 829
1715 828
1716 827
1717 827
1718 827
1719 828
1720 827
1721 827
1722 827
1723 828
1724 827
1725 828
1726 826
1727 828
1728 827
1729 828
1730 828
1731 827
1732 828
1733 828
1734 828
1735 827
1736 827
1737 828
1738 827
1739 827
1740 828
1741 828
1742 828
1743 828
1744 827
1745 828
1746 828
1747 828
1748 827
1749 828
1750 828
1751 827
1752 827
1753 828
1754 828
1755 827
1756 828
1757 828
1758 828
1759 828
1760 827
1761 828
1762 828
1763 828
1764 827
1765 828
1766 827
1767 828
1768 828
1769 829
1770 828
1771 828
1772 828
1773 827
1774 829
1775 828
1776 828
1777 830
1778 829
1779 829
1780 828
1781 828
1782 827
1783 828
1784 828
1785 828
1786 828
1787 827
1788 828
1789 828
1790 827
1791 828
1792 828
1793 828
1794 828
1795 827
1796 828
1797 828
1798 827
1799 828
1800 828
1801 828
1802 827
1803 828
1804 828
1805 828
1806 829
1807 828
1808 828
1809 829
1810 828
1811 828
1812 828
1813 828
1814 829
1815 828
1816 828
1817 828
1818 828
1819 828
1820 828
1821 829
1822 828
1823 827
1824 828
1825 828
1826 828
1827 828
1828 827
1829 828
1830 828
1831 829
1832 828
1833 828
1834 828
1835 828
1836 827
1837 830
1838 829
1839 828
1840 830
1841 851
1842 909
1843 1007
1844 1142
1845 1314
1846 1517
1847 1760
1848 2012
1849 2263
1850 2491
1851 2686
1852 2846
1853 2983
1854 3093
1855 3177
1856 3244
1857 3287
1858 3316
1859 3329
1860 3328
1861 3314
1862 3291
1863 3262
1864 3222
1865 3176
1866 3128
1867 3072
1868 3013
1869 2953
1870 2892
1871 2828
1872 2762
1873 2698
1874 2634
1875 2569
1876 2503
1877 2440
1878 2377
1879 2315
1880 2252
1881 2193
1882 2133
1883 2076
1884 2020
1885 1967
1886 1914
1887 1863
1888 1815
1889 1768
1890 1724
1891 1679
1892 1638
1893 1600
1894 1561
1895 1525
1896 1488
1897 1457
1898 1425
1899 1395
1900 1365
1901 1340
1902 1314
1903 1288
1904 1265
1905 1241
1906 1219
1907 1201
1908 1180
1909 1161
1910 1145
1911 1128
1912 1112
1913 1098
1914 1085
1915 1072
1916 1059
1917 1045
1918 1033
1919 1023
1920 1012
1921 1003
1922 994
1923 983
1924 975
1925 966
1926 959
1927 953
1928 947
1929 941
1930 935
1931 930
1932 922
1933 919
1934 914
1935 908
1936 904
1937 901
1938 896
1939 894
1940 890
1941 886
1942 883
1943 881
1944 877
1945 875
1946 873
1947 871
1948 869
1949 867
1950 865
1951 864
1952 860
1953 858
1954 856
1955 856
1956 854
1957 853
1958 852
1959 851
1960 850
1961 848
1962 847
1963 846
1964 845
1965 845
1966 844
1967 843
1968 843
1969 843
1970 842
1971 841
1972 840
1973 839
1974 838
1975 838
1976 837
1977 837
1978 838
1979 837
1980 836
1981 836
1982 836
1983 836
1984 835
1985 835
1986 835
1987 835
1988 834
1989 834
1990 835
1991 833
1992 833
1993 833
1994 834
1995 833
1996 832
1997 832
1998 833
1999 831
2000 832
2001 832
2002 832
2003 832
2004 831
2005 831
2006 831
2007 831
2008 831
2009 831
2010 831
2011 831
2012 831
2013 831
2014 831
2015 831
2016 831
2017 831
2018 830
2019 831
2020 831
2021 831
2022 832
2023 831
2024 831
2025 832
2026 832
2027 831
2028 830
2029 831
2030 831
2031 832
2032 830
2033 831
2034 832
2035 831
2036 832
2037 831
2038 831
2039 831
2040 831
2041 831
2042 831
2043 830
2044 831
2045 831
2046 831
2047 831
