1 957
2 949
3 945
4 938
5 933
6 927
7 920
8 916
9 911
10 908
11 903
12 899
13 897
14 894
15 891
16 886
17 884
18 881
19 877
20 876
21 873
22 871
23 869
24 867
25 864
26 862
27 860
28 858
29 857
30 856
31 854
32 853
33 851
34 850
35 850
36 848
37 848
38 845
39 845
40 844
41 844
42 843
43 842
44 841
45 841
46 840
47 840
48 840
49 839
50 838
51 837
52 837
53 837
54 837
55 837
56 837
57 836
58 837
59 835
60 835
61 836
62 835
63 835
64 835
65 834
66 834
67 834
68 834
69 834
70 833
71 833
72 833
73 834
74 833
75 833
76 833
77 833
78 833
79 833
80 832
81 832
82 832
83 833
84 832
85 832
86 832
87 832
88 832
89 832
90 831
91 831
92 831
93 832
94 831
95 831
96 831
97 832
98 831
99 832
100 831
101 831
102 831
103 831
104 830
105 831
106 831
107 831
108 831
109 831
110 832
111 831
112 830
113 831
114 831
115 831
116 831
117 831
118 832
119 832
120 831
121 832
122 831
123 830
124 831
125 831
126 830
127 832
128 831
129 831
130 830
131 831
132 831
133 831
134 832
135 831
136 831
137 831
138 831
139 831
140 832
141 831
142 831
143 830
144 831
145 831
146 831
147 831
148 831
149 831
150 830
151 832
152 831
153 832
154 832
155 831
156 830
157 831
158 831
159 831
160 831
161 831
162 831
163 831
164 831
165 831
166 831
167 831
168 831
169 831
170 831
171 831
172 831
173 831
174 831
175 831
176 831
177 832
178 831
179 830
180 831
181 831
182 831
183 830
184 831
185 830
186 831
187 831
188 831
189 832
190 832
191 831
192 830
193 831
194 832
195 831
196 831
197 832
198 831
199 831
200 830
201 831
202 831
203 830
204 831
205 831
206 832
207 831
208 830
209 831
210 831
211 831
212 831
213 831
214 831
215 831
216 831
217 831
218 831
219 832
220 832
221 830
222 831
223 831
224 831
225 831
226 831
227 831
228 831
229 830
230 830
231 830
232 831
233 831
234 831
235 831
236 831
237 830
238 832
239 831
240 831
241 831
242 831
243 831
244 831
245 831
246 831
247 831
248 831
249 830
250 831
251 831
252 831
253 831
254 831
255 830
256 830
257 830
258 832
259 831
260 831
261 831
262 830
263 830
264 830
265 832
266 831
267 831
268 830
269 831
270 831
271 831
272 831
273 830
274 831
275 831
276 831
277 830
278 831
279 831
280 831
281 831
282 831
283 831
284 831
285 831
286 830
287 830
288 830
289 831
290 832
291 831
292 831
293 831
294 831
295 830
296 831
297 831
298 831
299 832
300 831
301 831
302 831
303 831
304 831
305 829
306 831
307 831
308 830
309 831
310 831
311 831
312 831
313 831
314 830
315 831
316 831
317 831
318 831
319 831
320 831
321 831
322 831
323 831
324 830
325 831
326 831
327 831
328 831
329 831
330 831
331 830
332 831
333 831
334 831
335 830
336 831
337 831
338 831
339 832
340 831
341 831
342 831
343 831
344 832
345 831
346 830
347 831
348 831
349 830
350 832
351 830
352 831
353 830
354 831
355 831
356 831
357 831
358 831
359 832
360 830
361 831
362 832
363 830
364 830
365 830
366 831
367 830
368 831
369 831
370 830
371 831
372 830
373 831
374 831
375 831
376 831
377 831
378 831
379 831
380 831
381 830
382 830
383 830
384 831
385 831
386 831
387 831
388 830
389 831
390 831
391 831
392 831
393 831
394 830
395 831
396 831
397 830
398 830
399 831
400 830
401 831
402 831
403 830
404 831
405 831
406 830
407 831
408 831
409 831
410 831
411 830
412 830
413 830
414 831
415 831
416 830
417 830
418 830
419 831
420 831
421 831
422 831
423 831
424 830
425 831
426 830
427 830
428 831
429 831
430 831
431 831
432 830
433 830
434 831
435 831
436 830
437 831
438 830
439 830
440 831
441 831
442 831
443 831
444 831
445 830
446 830
447 831
448 830
449 832
450 831
451 831
452 830
453 830
454 831
455 831
456 831
457 831
458 831
459 831
460 831
461 830
462 831
463 830
464 831
465 830
466 830
467 831
468 831
469 831
470 831
471 830
472 831
473 831
474 830
475 830
476 830
477 830
478 831
479 831
480 831
481 830
482 830
483 830
484 830
485 831
486 830
487 830
488 831
489 831
490 830
491 831
492 831
493 830
494 830
495 831
496 831
497 830
498 831
499 830
500 830
501 830
502 829
503 830
504 831
505 830
506 830
507 831
508 829
509 831
510 830
511 830
512 830
513 830
514 831
515 829
516 830
517 830
518 830
519 830
520 830
521 830
522 831
523 830
524 830
525 831
526 830
527 829
528 829
529 829
530 831
531 830
532 830
533 830
534 829
535 830
536 830
537 829
538 830
539 830
540 831
541 829
542 830
543 830
544 830
545 829
546 831
547 830
548 830
549 830
550 831
551 830
552 830
553 830
554 830
555 830
556 830
557 831
558 831
559 830
560 829
561 829
562 830
563 829
564 830
565 831
566 829
567 830
568 830
569 830
570 830
571 830
572 830
573 830
574 830
575 830
576 830
577 830
578 829
579 830
580 831
581 830
582 830
583 831
584 830
585 831
586 830
587 831
588 830
589 831
590 831
591 830
592 830
593 829
594 830
595 831
596 831
597 831
598 830
599 830
600 830
601 831
602 830
603 830
604 830
605 830
606 829
607 830
608 830
609 830
610 831
611 830
612 831
613 831
614 830
615 830
616 830
617 830
618 830
619 830
620 830
621 830
622 831
623 830
624 830
625 830
626 830
627 830
628 830
629 831
630 831
631 830
632 830
633 830
634 829
635 830
636 829
637 830
638 830
639 830
640 830
641 830
642 830
643 830
644 829
645 829
646 829
647 830
648 830
649 829
650 831
651 830
652 830
653 830
654 830
655 830
656 830
657 830
658 830
659 830
660 829
661 830
662 830
663 830
664 830
665 830
666 830
667 830
668 830
669 829
670 829
671 829
672 830
673 831
674 830
675 830
676 829
677 830
678 830
679 830
680 830
681 830
682 830
683 830
684 830
685 830
686 830
687 830
688 830
689 830
690 831
691 830
692 830
693 830
694 830
695 829
696 830
697 830
698 830
699 830
700 830
701 830
702 829
703 831
704 830
705 831
706 830
707 830
708 829
709 829
710 830
711 829
712 830
713 830
714 830
715 830
716 831
717 831
718 831
719 829
720 831
721 831
722 830
723 829
724 829
725 829
726 830
727 829
728 829
729 829
730 830
731 830
732 830
733 830
734 829
735 830
736 829
737 830
738 831
739 830
740 830
741 830
742 830
743 830
744 830
745 829
746 831
747 830
748 829
749 829
750 830
751 831
752 830
753 831
754 831
755 830
756 830
757 831
758 830
759 830
760 830
761 829
762 830
763 830
764 831
765 830
766 830
767 830
768 830
769 830
770 830
771 830
772 829
773 830
774 831
775 829
776 830
777 829
778 829
779 830
780 830
781 830
782 830
783 831
784 829
785 830
786 830
787 830
788 829
789 830
790 830
791 831
792 829
793 830
794 829
795 830
796 831
797 830
798 830
799 830
800 830
801 830
802 830
803 830
804 830
805 829
806 830
807 829
808 829
809 828
810 830
811 830
812 830
813 831
814 830
815 830
816 830
817 831
818 830
819 831
820 831
821 831
822 830
823 830
824 830
825 830
826 831
827 829
828 831
829 830
830 830
831 831
832 830
833 830
834 830
835 828
836 831
837 830
838 830
839 830
840 830
841 830
842 829
843 830
844 830
845 830
846 830
847 830
848 831
849 830
850 830
851 831
852 828
853 831
854 830
855 831
856 830
857 829
858 829
859 829
860 830
861 829
862 830
863 829
864 831
865 831
866 831
867 830
868 830
869 830
870 829
871 829
872 830
873 830
874 830
875 830
876 831
877 829
878 829
879 829
880 830
881 830
882 829
883 830
884 830
885 830
886 831
887 829
888 831
889 830
890 843
891 889
892 977
893 1084
894 1190
895 1290
896 1373
897 1456
898 1522
899 1578
900 1622
901 1659
902 1685
903 1706
904 1720
905 1727
906 1728
907 1727
908 1723
909 1713
910 1701
911 1685
912 1669
913 1650
914 1629
915 1609
916 1587
917 1564
918 1542
919 1518
920 1493
921 1471
922 1448
923 1425
924 1402
925 1380
926 1357
927 1337
928 1317
929 1295
930 1275
931 1256
932 1236
933 1217
934 1202
935 1185
936 1167
937 1152
938 1138
939 1124
940 1107
941 1095
942 1084
943 1072
944 1060
945 1049
946 1037
947 1027
948 1017
949 1008
950 998
951 988
952 980
953 973
954 965
955 959
956 954
957 947
958 940
959 935
960 930
961 925
962 920
963 915
964 909
965 906
966 901
967 897
968 894
969 892
970 888
971 885
972 882
973 879
974 878
975 874
976 871
977 869
978 866
979 865
980 864
981 861
982 859
983 858
984 855
985 854
986 853
987 852
988 850
989 850
990 848
991 847
992 847
993 846
994 844
995 843
996 843
997 842
998 842
999 841
1000 841
1001 839
1002 839
1003 839
1004 839
1005 838
1006 838
1007 837
1008 837
1009 837
1010 836
1011 836
1012 836
1013 835
1014 835
1015 834
1016 835
1017 834
1018 833
1019 833
1020 833
1021 833
1022 833
1023 834
1024 833
1025 833
1026 832
1027 832
1028 833
1029 832
1030 833
1031 832
1032 832
1033 831
1034 832
1035 832
1036 831
1037 832
1038 831
1039 831
1040 831
1041 830
1042 832
1043 831
1044 830
1045 831
1046 832
1047 831
1048 830
1049 831
1050 831
1051 831
1052 832
1053 832
1054 830
1055 832
1056 831
1057 831
1058 831
1059 831
1060 830
1061 830
1062 831
1063 831
1064 830
1065 831
1066 831
1067 831
1068 832
1069 831
1070 831
1071 831
1072 832
1073 831
1074 830
1075 831
1076 832
1077 831
1078 831
1079 831
1080 831
1081 831
1082 831
1083 831
1084 831
1085 831
1086 831
1087 831
1088 831
1089 831
1090 832
1091 830
1092 831
1093 831
1094 830
1095 831
1096 830
1097 829
1098 831
1099 831
1100 831
1101 831
1102 831
1103 832
1104 831
1105 831
1106 830
1107 831
1108 830
1109 831
1110 831
1111 831
1112 831
1113 831
1114 831
1115 830
1116 830
1117 831
1118 831
1119 831
1120 831
1121 831
1122 831
1123 832
1124 831
1125 831
1126 830
1127 831
1128 831
1129 831
1130 831
1131 831
1132 830
1133 831
1134 830
1135 831
1136 831
1137 831
1138 831
1139 831
1140 830
1141 831
1142 831
1143 830
1144 831
1145 831
1146 831
1147 831
1148 831
1149 831
1150 831
1151 830
1152 830
1153 831
1154 831
1155 830
1156 831
1157 830
1158 831
1159 831
1160 829
1161 831
1162 831
1163 831
1164 830
1165 830
1166 830
1167 831
1168 831
1169 830
1170 832
1171 831
1172 831
1173 831
1174 831
1175 830
1176 830
1177 830
1178 831
1179 831
1180 831
1181 830
1182 830
1183 831
1184 831
1185 829
1186 830
1187 830
1188 830
1189 830
1190 831
1191 829
1192 831
1193 830
1194 831
1195 831
1196 831
1197 830
1198 831
1199 830
1200 831
1201 830
1202 831
1203 830
1204 831
1205 831
1206 831
1207 830
1208 831
1209 831
1210 831
1211 830
1212 830
1213 830
1214 832
1215 830
1216 831
1217 831
1218 830
1219 831
1220 831
1221 831
1222 831
1223 830
1224 831
1225 830
1226 831
1227 830
1228 830
1229 830
1230 830
1231 830
1232 831
1233 831
1234 829
1235 830
1236 830
1237 830
1238 830
1239 830
1240 831
1241 831
1242 831
1243 831
1244 829
1245 830
1246 830
1247 830
1248 831
1249 830
1250 830
1251 831
1252 831
1253 830
1254 830
1255 830
1256 831
1257 831
1258 831
1259 830
1260 831
1261 829
1262 831
1263 831
1264 830
1265 831
1266 830
1267 830
1268 831
1269 831
1270 831
1271 831
1272 831
1273 831
1274 830
1275 830
1276 830
1277 831
1278 830
1279 830
1280 831
1281 830
1282 830
1283 831
1284 831
1285 831
1286 831
1287 831
1288 831
1289 831
1290 831
1291 831
1292 831
1293 831
1294 830
1295 831
1296 831
1297 831
1298 831
1299 830
1300 830
1301 830
1302 830
1303 830
1304 830
1305 830
1306 830
1307 830
1308 830
1309 830
1310 831
1311 831
1312 831
1313 831
1314 831
1315 831
1316 830
1317 831
1318 830
1319 831
1320 830
1321 830
1322 830
1323 830
1324 830
1325 830
1326 830
1327 830
1328 830
1329 830
1330 830
1331 829
1332 830
1333 830
1334 829
1335 830
1336 830
1337 830
1338 830
1339 831
1340 829
1341 830
1342 829
1343 830
1344 830
1345 830
1346 830
1347 830
1348 829
1349 829
1350 829
1351 830
1352 831
1353 831
1354 830
1355 831
1356 830
1357 830
1358 830
1359 830
1360 830
1361 830
1362 831
1363 829
1364 830
1365 831
1366 830
1367 831
1368 831
1369 830
1370 831
1371 830
1372 830
1373 830
1374 830
1375 829
1376 829
1377 830
1378 830
1379 830
1380 831
1381 830
1382 830
1383 830
1384 830
1385 829
1386 830
1387 830
1388 829
1389 828
1390 829
1391 830
1392 830
1393 830
1394 831
1395 830
1396 830
1397 830
1398 829
1399 831
1400 830
1401 830
1402 829
1403 830
1404 830
1405 829
1406 830
1407 830
1408 830
1409 829
1410 829
1411 830
1412 829
1413 830
1414 830
1415 830
1416 830
1417 829
1418 829
1419 829
1420 829
1421 829
1422 830
1423 829
1424 830
1425 830
1426 829
1427 829
1428 830
1429 830
1430 830
1431 829
1432 829
1433 830
1434 830
1435 831
1436 830
1437 830
1438 830
1439 830
1440 830
1441 830
1442 830
1443 830
1444 829
1445 830
1446 830
1447 829
1448 829
1449 830
1450 830
1451 830
1452 831
1453 830
1454 830
1455 830
1456 830
1457 830
1458 830
1459 830
1460 829
1461 829
1462 830
1463 830
1464 830
1465 830
1466 830
1467 830
1468 830
1469 829
1470 830
1471 830
1472 829
1473 829
1474 829
1475 829
1476 829
1477 829
1478 829
1479 830
1480 831
1481 830
1482 831
1483 830
1484 831
1485 830
1486 830
1487 829
1488 829
1489 830
1490 830
1491 829
1492 830
1493 829
1494 829
1495 830
1496 830
1497 829
1498 829
1499 830
1500 829
1501 829
1502 829
1503 830
1504 829
1505 830
1506 830
1507 829
1508 829
1509 830
1510 829
1511 829
1512 829
1513 829
1514 829
1515 829
1516 829
1517 828
1518 829
1519 830
1520 830
1521 829
1522 829
1523 829
1524 830
1525 829
1526 829
1527 830
1528 830
1529 830
1530 831
1531 829
1532 830
1533 830
1534 830
1535 831
1536 830
1537 831
1538 831
1539 829
1540 831
1541 830
1542 829
1543 829
1544 830
1545 829
1546 829
1547 830
1548 829
1549 830
1550 830
1551 830
1552 830
1553 829
1554 829
1555 830
1556 830
1557 830
1558 830
1559 830
1560 830
1561 830
1562 831
1563 829
1564 830
1565 831
1566 830
1567 830
1568 829
1569 830
1570 829
1571 830
1572 830
1573 829
1574 830
1575 830
1576 830
1577 830
1578 830
1579 829
1580 830
1581 831
1582 830
1583 830
1584 830
1585 830
1586 830
1587 830
1588 830
1589 830
1590 830
1591 830
1592 830
1593 830
1594 830
1595 830
1596 831
1597 830
1598 830
1599 830
1600 829
1601 830
1602 830
1603 829
1604 830
1605 830
1606 830
1607 830
1608 830
1609 830
1610 830
1611 830
1612 830
1613 830
1614 831
1615 830
1616 830
1617 830
1618 830
1619 831
1620 830
1621 830
1622 830
1623 830
1624 829
1625 830
1626 829
1627 830
1628 830
1629 829
1630 829
1631 830
1632 830
1633 830
1634 829
1635 830
1636 830
1637 829
1638 829
1639 829
1640 830
1641 829
1642 829
1643 830
1644 828
1645 829
1646 829
1647 829
1648 829
1649 829
1650 829
1651 829
1652 830
1653 829
1654 829
1655 828
1656 829
1657 828
1658 829
1659 829
1660 828
1661 828
1662 829
1663 829
1664 829
1665 830
1666 828
1667 829
1668 829
1669 829
1670 829
1671 829
1672 829
1673 829
1674 829
1675 828
1676 829
1677 830
1678 829
1679 829
1680 829
1681 830
1682 829
1683 829
1684 829
1685 829
1686 830
1687 830
1688 830
1689 829
1690 829
1691 829
1692 830
1693 829
1694 829
1695 829
1696 829
1697 830
1698 830
1699 830
1700 829
1701 829
1702 829
1703 829
1704 829
1705 829
1706 829
1707 829
1708 829
1709 829
1710 829
1711 830
1712 829
1713 830
1714 830
1715 829
1716 829
1717 829
1718 829
1719 829
1720 829
1721 829
1722 829
1723 829
1724 829
1725 829
1726 829
1727 829
1728 830
1729 829
1730 830
1731 830
1732 829
1733 829
1734 829
1735 829
1736 830
1737 829
1738 830
1739 830
1740 830
1741 830
1742 830
1743 829
1744 830
1745 829
1746 830
1747 829
1748 830
1749 830
1750 830
1751 830
1752 828
1753 830
1754 829
1755 829
1756 829
1757 830
1758 829
1759 829
1760 830
1761 829
1762 830
1763 830
1764 830
1765 831
1766 830
1767 831
1768 830
1769 831
1770 830
1771 830
1772 831
1773 830
1774 831
1775 830
1776 830
1777 831
1778 830
1779 830
1780 831
1781 831
1782 831
1783 830
1784 830
1785 830
1786 831
1787 831
1788 831
1789 831
1790 831
1791 831
1792 831
1793 830
1794 831
1795 830
1796 830
1797 830
1798 829
1799 830
1800 831
1801 830
1802 831
1803 830
1804 830
1805 830
1806 830
1807 829
1808 831
1809 831
1810 830
1811 829
1812 830
1813 830
1814 830
1815 830
1816 829
1817 830
1818 830
1819 830
1820 830
1821 830
1822 831
1823 831
1824 831
1825 831
1826 830
1827 830
1828 831
1829 830
1830 830
1831 829
1832 831
1833 831
1834 830
1835 830
1836 830
1837 830
1838 830
1839 830
1840 830
1841 831
1842 831
1843 830
1844 832
1845 861
1846 933
1847 1028
1848 1136
1849 1239
1850 1336
1851 1412
1852 1485
1853 1549
1854 1600
1855 1640
1856 1671
1857 1696
1858 1713
1859 1724
1860 1726
1861 1727
1862 1725
1863 1717
1864 1706
1865 1692
1866 1676
1867 1660
1868 1640
1869 1618
1870 1598
1871 1576
1872 1553
1873 1529
1874 1506
1875 1482
1876 1460
1877 1436
1878 1412
1879 1392
1880 1368
1881 1347
1882 1327
1883 1305
1884 1284
1885 1265
1886 1245
1887 1226
1888 1210
1889 1192
1890 1175
1891 1160
1892 1145
1893 1131
1894 1115
1895 1102
1896 1089
1897 1077
1898 1065
1899 1053
1900 1042
1901 1031
1902 1021
1903 1011
1904 1002
1905 993
1906 984
1907 976
1908 968
1909 961
1910 956
1911 949
1912 945
1913 938
1914 932
1915 925
1916 921
1917 916
1918 911
1919 907
1920 903
1921 899
1922 895
1923 892
1924 889
1925 886
1926 883
1927 880
1928 877
1929 874
1930 872
1931 868
1932 868
1933 866
1934 862
1935 861
1936 859
1937 857
1938 856
1939 854
1940 853
1941 852
1942 852
1943 850
1944 848
1945 847
1946 845
1947 845
1948 845
1949 843
1950 842
1951 843
1952 842
1953 841
1954 840
1955 840
1956 839
1957 838
1958 838
1959 838
1960 837
1961 836
1962 837
1963 836
1964 835
1965 835
1966 836
1967 835
1968 835
1969 834
1970 834
1971 834
1972 834
1973 833
1974 834
1975 834
1976 833
1977 832
1978 833
1979 832
1980 833
1981 832
1982 832
1983 832
1984 831
1985 831
1986 831
1987 831
1988 832
1989 832
1990 831
1991 831
1992 831
1993 831
1994 831
1995 831
1996 831
1997 831
1998 831
1999 831
2000 831
2001 831
2002 831
2003 830
2004 830
2005 831
2006 830
2007 830
2008 831
2009 831
2010 830
2011 832
2012 831
2013 831
2014 830
2015 831
2016 830
2017 832
2018 830
2019 831
2020 831
2021 831
2022 831
2023 832
2024 830
2025 832
2026 831
2027 831
2028 831
2029 831
2030 831
2031 831
2032 832
2033 832
2034 832
2035 830
2036 831
2037 830
2038 831
2039 830
2040 830
2041 831
2042 831
2043 830
2044 830
2045 830
2046 831
2047 831
