1 1115
2 1101
3 1086
4 1073
5 1059
6 1047
7 1035
8 1023
9 1012
10 1003
11 994
12 984
13 974
14 968
15 961
16 954
17 947
18 941
19 935
20 930
21 924
22 919
23 914
24 909
25 904
26 900
27 896
28 893
29 890
30 886
31 883
32 881
33 878
34 875
35 872
36 870
37 867
38 865
39 864
40 861
41 860
42 857
43 856
44 854
45 854
46 852
47 851
48 848
49 848
50 847
51 846
52 846
53 845
54 844
55 844
56 842
57 841
58 840
59 839
60 839
61 838
62 838
63 838
64 837
65 837
66 836
67 837
68 836
69 835
70 835
71 835
72 834
73 834
74 834
75 834
76 833
77 833
78 833
79 833
80 833
81 833
82 832
83 832
84 832
85 833
86 832
87 832
88 831
89 831
90 831
91 831
92 831
93 831
94 831
95 831
96 830
97 831
98 831
99 831
100 832
101 830
102 831
103 830
104 831
105 831
106 831
107 830
108 831
109 832
110 831
111 830
112 830
113 831
114 831
115 831
116 832
117 831
118 831
119 831
120 830
121 830
122 831
123 830
124 830
125 831
126 831
127 831
128 831
129 831
130 829
131 830
132 830
133 830
134 830
135 829
136 830
137 829
138 830
139 830
140 830
141 830
142 830
143 830
144 830
145 829
146 830
147 830
148 830
149 829
150 830
151 830
152 830
153 830
154 830
155 830
156 830
157 830
158 830
159 830
160 831
161 830
162 829
163 830
164 830
165 830
166 830
167 830
168 830
169 829
170 830
171 830
172 830
173 830
174 829
175 829
176 830
177 829
178 830
179 830
180 830
181 830
182 830
183 828
184 829
185 829
186 829
187 829
188 830
189 829
190 830
191 828
192 829
193 830
194 829
195 829
196 829
197 828
198 829
199 829
200 829
201 828
202 828
203 828
204 829
205 829
206 829
207 829
208 829
209 829
210 828
211 829
212 828
213 828
214 829
215 829
216 828
217 829
218 829
219 829
220 829
221 830
222 829
223 829
224 829
225 830
226 828
227 829
228 828
229 828
230 830
231 829
232 829
233 828
234 829
235 829
236 829
237 830
238 829
239 829
240 829
241 829
242 830
243 830
244 829
245 830
246 829
247 829
248 829
249 828
250 828
251 828
252 828
253 829
254 828
255 829
256 829
257 829
258 829
259 828
260 830
261 829
262 828
263 829
264 829
265 828
266 828
267 829
268 829
269 830
270 829
271 829
272 829
273 829
274 830
275 828
276 829
277 830
278 829
279 830
280 829
281 829
282 829
283 829
284 829
285 828
286 829
287 829
288 828
289 829
290 828
291 828
292 829
293 829
294 829
295 829
296 829
297 828
298 829
299 828
300 828
301 828
302 829
303 828
304 828
305 827
306 828
307 828
308 829
309 828
310 828
311 828
312 829
313 829
314 829
315 829
316 829
317 828
318 827
319 828
320 828
321 828
322 827
323 828
324 827
325 828
326 828
327 828
328 828
329 828
330 828
331 828
332 828
333 828
334 828
335 827
336 828
337 828
338 828
339 828
340 828
341 829
342 828
343 828
344 828
345 828
346 827
347 828
348 827
349 827
350 828
351 828
352 827
353 828
354 828
355 829
356 828
357 828
358 828
359 827
360 828
361 828
362 829
363 829
364 828
365 828
366 828
367 827
368 828
369 828
370 828
371 828
372 829
373 828
374 828
375 828
376 828
377 828
378 828
379 828
380 828
381 828
382 828
383 828
384 828
385 828
386 829
387 830
388 829
389 828
390 828
391 828
392 828
393 828
394 828
395 828
396 829
397 829
398 827
399 828
400 828
401 828
402 828
403 828
404 829
405 828
406 828
407 828
408 828
409 828
410 827
411 828
412 828
413 828
414 829
415 828
416 828
417 828
418 828
419 828
420 828
421 828
422 828
423 828
424 828
425 828
426 828
427 828
428 828
429 828
430 828
431 828
432 829
433 829
434 828
435 829
436 828
437 827
438 828
439 828
440 828
441 829
442 828
443 829
444 828
445 828
446 828
447 828
448 828
449 828
450 828
451 828
452 829
453 828
454 828
455 828
456 829
457 828
458 828
459 828
460 828
461 828
462 828
463 828
464 828
465 827
466 827
467 828
468 828
469 828
470 827
471 827
472 828
473 828
474 827
475 828
476 828
477 829
478 828
479 828
480 828
481 827
482 828
483 827
484 828
485 828
486 828
487 828
488 828
489 828
490 828
491 828
492 828
493 829
494 829
495 828
496 828
497 829
498 828
499 828
500 829
501 829
502 828
503 828
504 828
505 829
506 829
507 829
508 828
509 828
510 828
511 828
512 828
513 829
514 827
515 828
516 828
517 828
518 828
519 828
520 828
521 827
522 828
523 828
524 827
525 827
526 828
527 827
528 827
529 828
530 828
531 828
532 828
533 828
534 828
535 827
536 827
537 828
538 828
539 828
540 829
541 829
542 828
543 828
544 828
545 827
546 827
547 828
548 828
549 828
550 827
551 828
552 828
553 828
554 827
555 828
556 827
557 828
558 828
559 828
560 828
561 828
562 828
563 828
564 828
565 828
566 828
567 828
568 828
569 828
570 828
571 828
572 828
573 828
574 828
575 829
576 828
577 829
578 829
579 829
580 829
581 828
582 828
583 828
584 827
585 828
586 828
587 828
588 828
589 827
590 828
591 828
592 828
593 828
594 828
595 829
596 828
597 829
598 829
599 828
600 829
601 828
602 829
603 828
604 828
605 827
606 828
607 828
608 827
609 828
610 828
611 828
612 828
613 828
614 827
615 827
616 828
617 829
618 828
619 828
620 828
621 828
622 828
623 828
624 829
625 828
626 829
627 828
628 828
629 829
630 829
631 829
632 828
633 828
634 828
635 828
636 828
637 829
638 829
639 828
640 828
641 828
642 828
643 827
644 828
645 828
646 828
647 829
648 827
649 827
650 828
651 828
652 828
653 828
654 828
655 828
656 828
657 828
658 829
659 828
660 828
661 828
662 828
663 828
664 829
665 828
666 828
667 828
668 828
669 828
670 828
671 828
672 828
673 829
674 828
675 828
676 828
677 828
678 828
679 828
680 828
681 828
682 828
683 827
684 828
685 827
686 827
687 828
688 828
689 828
690 828
691 828
692 828
693 827
694 827
695 828
696 827
697 828
698 828
699 829
700 828
701 828
702 828
703 828
704 828
705 828
706 828
707 829
708 828
709 828
710 827
711 828
712 827
713 828
714 828
715 829
716 828
717 827
718 828
719 827
720 828
721 828
722 827
723 828
724 828
725 828
726 827
727 827
728 828
729 827
730 828
731 827
732 827
733 827
734 827
735 827
736 827
737 828
738 828
739 827
740 828
741 828
742 828
743 828
744 828
745 827
746 828
747 828
748 827
749 827
750 826
751 827
752 828
753 827
754 827
755 827
756 827
757 828
758 828
759 828
760 828
761 828
762 828
763 828
764 828
765 827
766 828
767 827
768 827
769 827
770 828
771 828
772 827
773 827
774 827
775 828
776 827
777 829
778 828
779 828
780 828
781 828
782 827
783 827
784 827
785 827
786 828
787 828
788 828
789 827
790 826
791 828
792 828
793 827
794 827
795 827
796 828
797 828
798 829
799 828
800 828
801 828
802 827
803 828
804 828
805 828
806 828
807 827
808 828
809 827
810 827
811 827
812 827
813 827
814 827
815 827
816 828
817 828
818 827
819 827
820 828
821 828
822 827
823 828
824 827
825 827
826 827
827 828
828 827
829 827
830 827
831 828
832 828
833 828
834 827
835 827
836 828
837 827
838 828
839 827
840 828
841 827
842 828
843 828
844 827
845 827
846 827
847 827
848 828
849 828
850 828
851 828
852 828
853 827
854 827
855 828
856 828
857 828
858 828
859 828
860 829
861 828
862 827
863 828
864 828
865 828
866 828
867 829
868 828
869 828
870 827
871 827
872 827
873 828
874 828
875 828
876 828
877 828
878 828
879 828
880 828
881 828
882 827
883 828
884 828
885 828
886 828
887 832
888 867
889 939
890 1050
891 1200
892 1383
893 1604
894 1835
895 2057
896 2258
897 2433
898 2577
899 2699
900 2795
901 2873
902 2928
903 2968
904 2993
905 3005
906 3004
907 2994
908 2974
909 2948
910 2915
911 2877
912 2834
913 2787
914 2738
915 2686
916 2631
917 2578
918 2520
919 2465
920 2408
921 2353
922 2294
923 2238
924 2181
925 2126
926 2071
927 2019
928 1968
929 1917
930 1867
931 1821
932 1776
933 1731
934 1690
935 1650
936 1610
937 1574
938 1537
939 1501
940 1470
941 1437
942 1407
943 1379
944 1350
945 1326
946 1301
947 1276
948 1253
949 1229
950 1211
951 1191
952 1173
953 1153
954 1137
955 1122
956 1104
957 1090
958 1079
959 1065
960 1053
961 1039
962 1028
963 1018
964 1008
965 999
966 988
967 980
968 972
969 964
970 958
971 952
972 945
973 939
974 933
975 925
976 921
977 915
978 911
979 907
980 902
981 898
982 895
983 892
984 889
985 886
986 882
987 879
988 876
989 874
990 871
991 870
992 868
993 865
994 862
995 860
996 858
997 856
998 856
999 854
1000 852
1001 851
1002 851
1003 848
1004 847
1005 847
1006 846
1007 845
1008 844
1009 843
1010 842
1011 842
1012 840
1013 841
1014 839
1015 839
1016 839
1017 837
1018 836
1019 836
1020 836
1021 835
1022 836
1023 835
1024 835
1025 834
1026 834
1027 834
1028 833
1029 835
1030 833
1031 833
1032 833
1033 831
1034 832
1035 832
1036 832
1037 832
1038 831
1039 831
1040 831
1041 830
1042 831
1043 831
1044 831
1045 830
1046 830
1047 830
1048 831
1049 831
1050 831
1051 830
1052 831
1053 831
1054 830
1055 831
1056 831
1057 831
1058 831
1059 830
1060 831
1061 831
1062 830
1063 830
1064 830
1065 831
1066 831
1067 831
1068 831
1069 831
1070 831
1071 830
1072 830
1073 830
1074 830
1075 829
1076 830
1077 830
1078 831
1079 831
1080 830
1081 830
1082 830
1083 830
1084 830
1085 830
1086 831
1087 831
1088 832
1089 831
1090 830
1091 829
1092 829
1093 830
1094 830
1095 831
1096 831
1097 831
1098 829
1099 830
1100 829
1101 830
1102 829
1103 830
1104 830
1105 829
1106 830
1107 829
1108 829
1109 830
1110 830
1111 830
1112 830
1113 829
1114 829
1115 829
1116 829
1117 829
1118 829
1119 829
1120 829
1121 829
1122 829
1123 829
1124 828
1125 829
1126 829
1127 829
1128 829
1129 829
1130 830
1131 829
1132 830
1133 829
1134 829
1135 829
1136 829
1137 829
1138 829
1139 829
1140 829
1141 829
1142 828
1143 828
1144 829
1145 829
1146 828
1147 829
1148 830
1149 829
1150 829
1151 828
1152 829
1153 828
1154 830
1155 828
1156 829
1157 829
1158 829
1159 828
1160 828
1161 829
1162 829
1163 828
1164 829
1165 830
1166 829
1167 829
1168 829
1169 828
1170 830
1171 828
1172 829
1173 829
1174 829
1175 828
1176 827
1177 828
1178 828
1179 829
1180 829
1181 828
1182 828
1183 829
1184 829
1185 827
1186 829
1187 829
1188 829
1189 828
1190 829
1191 828
1192 828
1193 829
1194 828
1195 829
1196 829
1197 829
1198 829
1199 829
1200 828
1201 829
1202 828
1203 829
1204 828
1205 829
1206 828
1207 829
1208 829
1209 829
1210 829
1211 829
1212 829
1213 828
1214 829
1215 829
1216 830
1217 829
1218 829
1219 828
1220 829
1221 829
1222 828
1223 829
1224 828
1225 828
1226 828
1227 829
1228 829
1229 829
1230 829
1231 829
1232 829
1233 829
1234 828
1235 828
1236 829
1237 828
1238 829
1239 828
1240 828
1241 828
1242 829
1243 828
1244 828
1245 829
1246 829
1247 828
1248 829
1249 830
1250 828
1251 829
1252 829
1253 829
1254 829
1255 829
1256 828
1257 828
1258 828
1259 828
1260 829
1261 829
1262 828
1263 828
1264 828
1265 828
1266 828
1267 828
1268 828
1269 828
1270 828
1271 829
1272 829
1273 828
1274 828
1275 828
1276 828
1277 829
1278 827
1279 828
1280 828
1281 829
1282 829
1283 829
1284 828
1285 828
1286 829
1287 828
1288 828
1289 829
1290 828
1291 828
1292 827
1293 828
1294 828
1295 827
1296 827
1297 828
1298 828
1299 828
1300 829
1301 828
1302 827
1303 829
1304 828
1305 828
1306 828
1307 829
1308 828
1309 828
1310 828
1311 828
1312 829
1313 828
1314 828
1315 828
1316 828
1317 828
1318 828
1319 827
1320 828
1321 828
1322 829
1323 829
1324 828
1325 828
1326 828
1327 827
1328 828
1329 828
1330 828
1331 828
1332 828
1333 828
1334 828
1335 827
1336 828
1337 828
1338 827
1339 827
1340 828
1341 827
1342 828
1343 826
1344 827
1345 826
1346 827
1347 828
1348 828
1349 828
1350 827
1351 828
1352 828
1353 829
1354 828
1355 828
1356 828
1357 828
1358 827
1359 827
1360 828
1361 828
1362 827
1363 828
1364 828
1365 827
1366 828
1367 828
1368 828
1369 828
1370 827
1371 827
1372 828
1373 829
1374 828
1375 828
1376 827
1377 828
1378 828
1379 828
1380 828
1381 828
1382 828
1383 828
1384 828
1385 827
1386 828
1387 828
1388 828
1389 828
1390 828
1391 827
1392 827
1393 827
1394 828
1395 828
1396 828
1397 828
1398 828
1399 828
1400 828
1401 828
1402 828
1403 828
1404 828
1405 828
1406 828
1407 828
1408 828
1409 828
1410 828
1411 829
1412 828
1413 829
1414 829
1415 828
1416 827
1417 828
1418 828
1419 828
1420 828
1421 827
1422 827
1423 828
1424 828
1425 828
1426 828
1427 828
1428 828
1429 828
1430 827
1431 827
1432 829
1433 828
1434 828
1435 828
1436 828
1437 828
1438 829
1439 828
1440 828
1441 828
1442 828
1443 827
1444 828
1445 828
1446 828
1447 828
1448 827
1449 828
1450 828
1451 828
1452 828
1453 828
1454 829
1455 828
1456 828
1457 828
1458 828
1459 828
1460 828
1461 828
1462 828
1463 829
1464 828
1465 828
1466 828
1467 828
1468 828
1469 828
1470 828
1471 828
1472 828
1473 827
1474 828
1475 828
1476 828
1477 828
1478 828
1479 828
1480 827
1481 828
1482 827
1483 828
1484 828
1485 828
1486 829
1487 829
1488 828
1489 828
1490 828
1491 828
1492 827
1493 826
1494 828
1495 828
1496 828
1497 827
1498 827
1499 827
1500 827
1501 828
1502 828
1503 828
1504 828
1505 828
1506 827
1507 828
1508 827
1509 827
1510 828
1511 829
1512 828
1513 828
1514 828
1515 827
1516 827
1517 827
1518 828
1519 828
1520 828
1521 828
1522 828
1523 828
1524 828
1525 828
1526 828
1527 829
1528 828
1529 827
1530 828
1531 827
1532 828
1533 828
1534 828
1535 827
1536 828
1537 828
1538 827
1539 828
1540 828
1541 828
1542 828
1543 828
1544 828
1545 827
1546 828
1547 827
1548 827
1549 828
1550 827
1551 828
1552 827
1553 827
1554 827
1555 826
1556 827
1557 828
1558 828
1559 827
1560 827
1561 827
1562 826
1563 827
1564 827
1565 827
1566 828
1567 827
1568 827
1569 827
1570 827
1571 827
1572 827
1573 826
1574 828
1575 827
1576 828
1577 828
1578 828
1579 827
1580 827
1581 826
1582 827
1583 827
1584 827
1585 827
1586 828
1587 826
1588 826
1589 827
1590 827
1591 826
1592 828
1593 827
1594 828
1595 827
1596 827
1597 828
1598 827
1599 827
1600 827
1601 826
1602 827
1603 827
1604 828
1605 828
1606 828
1607 828
1608 827
1609 826
1610 828
1611 827
1612 826
1613 827
1614 827
1615 827
1616 827
1617 827
1618 827
1619 827
1620 827
1621 827
1622 828
1623 828
1624 828
1625 827
1626 828
1627 828
1628 827
1629 828
1630 828
1631 827
1632 828
1633 827
1634 827
1635 826
1636 827
1637 827
1638 828
1639 827
1640 828
1641 828
1642 828
1643 827
1644 828
1645 827
1646 828
1647 827
1648 828
1649 828
1650 827
1651 827
1652 828
1653 828
1654 827
1655 828
1656 828
1657 828
1658 827
1659 827
1660 827
1661 828
1662 827
1663 826
1664 827
1665 828
1666 828
1667 828
1668 827
1669 828
1670 828
1671 828
1672 828
1673 828
1674 828
1675 828
1676 828
1677 827
1678 827
1679 828
1680 828
1681 828
1682 828
1683 829
1684 828
1685 828
1686 828
1687 828
1688 829
1689 828
1690 829
1691 828
1692 827
1693 828
1694 828
1695 828
1696 828
1697 827
1698 827
1699 828
1700 827
1701 828
1702 827
1703 828
1704 828
1705 828
1706 828
1707 828
1708 829
1709 829
1710 828
1711 828
1712 828
1713 828
1714 828
1715 828
1716 827
1717 827
1718 827
1719 828
1720 826
1721 827
1722 828
1723 828
1724 829
1725 829
1726 828
1727 828
1728 828
1729 827
1730 828
1731 827
1732 827
1733 827
1734 828
1735 827
1736 827
1737 827
1738 828
1739 828
1740 828
1741 827
1742 828
1743 827
1744 828
1745 827
1746 827
1747 827
1748 827
1749 828
1750 826
1751 827
1752 828
1753 827
1754 828
1755 828
1756 827
1757 828
1758 828
1759 827
1760 828
1761 827
1762 828
1763 828
1764 827
1765 827
1766 826
1767 826
1768 827
1769 827
1770 827
1771 827
1772 828
1773 827
1774 828
1775 828
1776 827
1777 827
1778 828
1779 827
1780 827
1781 827
1782 827
1783 827
1784 828
1785 827
1786 827
1787 827
1788 826
1789 827
1790 827
1791 827
1792 827
1793 827
1794 827
1795 828
1796 828
1797 827
1798 828
1799 827
1800 826
1801 826
1802 827
1803 827
1804 827
1805 828
1806 827
1807 828
1808 828
1809 827
1810 826
1811 828
1812 827
1813 826
1814 827
1815 827
1816 827
1817 826
1818 827
1819 826
1820 826
1821 827
1822 827
1823 827
1824 828
1825 827
1826 827
1827 827
1828 827
1829 826
1830 827
1831 827
1832 827
1833 828
1834 828
1835 826
1836 827
1837 827
1838 827
1839 826
1840 827
1841 828
1842 843
1843 896
1844 987
1845 1118
1846 1284
1847 1488
1848 1715
1849 1944
1850 2158
1851 2348
1852 2502
1853 2640
1854 2751
1855 2837
1856 2901
1857 2948
1858 2982
1859 3000
1860 3006
1861 3001
1862 2987
1863 2963
1864 2933
1865 2896
1866 2858
1867 2812
1868 2763
1869 2714
1870 2662
1871 2608
1872 2551
1873 2495
1874 2438
1875 2380
1876 2325
1877 2266
1878 2212
1879 2155
1880 2101
1881 2046
1882 1994
1883 1944
1884 1894
1885 1847
1886 1800
1887 1754
1888 1712
1889 1669
1890 1630
1891 1595
1892 1556
1893 1521
1894 1485
1895 1455
1896 1422
1897 1394
1898 1366
1899 1340
1900 1314
1901 1288
1902 1264
1903 1242
1904 1220
1905 1202
1906 1181
1907 1163
1908 1146
1909 1129
1910 1113
1911 1099
1912 1086
1913 1073
1914 1061
1915 1046
1916 1034
1917 1024
1918 1015
1919 1003
1920 994
1921 985
1922 975
1923 969
1924 960
1925 955
1926 948
1927 943
1928 936
1929 930
1930 924
1931 918
1932 913
1933 908
1934 904
1935 900
1936 896
1937 894
1938 889
1939 886
1940 884
1941 881
1942 877
1943 875
1944 872
1945 870
1946 868
1947 866
1948 864
1949 860
1950 859
1951 858
1952 856
1953 855
1954 853
1955 852
1956 850
1957 850
1958 847
1959 847
1960 847
1961 845
1962 844
1963 844
1964 843
1965 842
1966 841
1967 840
1968 839
1969 839
1970 838
1971 838
1972 838
1973 839
1974 837
1975 836
1976 836
1977 836
1978 836
1979 835
1980 835
1981 835
1982 833
1983 834
1984 834
1985 834
1986 833
1987 833
1988 833
1989 833
1990 832
1991 833
1992 832
1993 832
1994 832
1995 832
1996 831
1997 832
1998 831
1999 831
2000 831
2001 831
2002 832
2003 831
2004 831
2005 830
2006 832
2007 832
2008 831
2009 831
2010 831
2011 831
2012 831
2013 830
2014 831
2015 831
2016 831
2017 830
2018 831
2019 832
2020 831
2021 831
2022 831
2023 831
2024 831
2025 831
2026 831
2027 831
2028 831
2029 831
2030 830
2031 830
2032 831
2033 832
2034 831
2035 831
2036 831
2037 830
2038 830
2039 831
2040 831
2041 830
2042 831
2043 831
2044 831
2045 830
2046 830
2047 831
