1 1199
2 1182
3 1164
4 1145
5 1130
6 1113
7 1098
8 1086
9 1073
10 1059
11 1045
12 1035
13 1024
14 1013
15 1003
16 995
17 984
18 976
19 968
20 960
21 955
22 948
23 942
24 936
25 930
26 923
27 919
28 914
29 910
30 906
31 901
32 898
33 895
34 891
35 887
36 886
37 882
38 880
39 876
40 875
41 872
42 870
43 869
44 866
45 864
46 860
47 860
48 858
49 857
50 856
51 854
52 853
53 852
54 851
55 849
56 850
57 847
58 847
59 846
60 845
61 845
62 844
63 844
64 843
65 842
66 842
67 842
68 841
69 840
70 839
71 839
72 839
73 838
74 838
75 838
76 837
77 836
78 837
79 837
80 836
81 836
82 835
83 835
84 835
85 835
86 835
87 835
88 836
89 834
90 834
91 834
92 834
93 834
94 834
95 834
96 834
97 833
98 834
99 833
100 832
101 833
102 833
103 833
104 833
105 833
106 833
107 833
108 833
109 832
110 831
111 833
112 832
113 832
114 832
115 832
116 832
117 832
118 832
119 831
120 831
121 831
122 832
123 831
124 831
125 832
126 832
127 832
128 832
129 832
130 832
131 831
132 831
133 830
134 832
135 831
136 830
137 831
138 832
139 831
140 831
141 831
142 832
143 831
144 831
145 832
146 832
147 832
148 831
149 832
150 831
151 831
152 831
153 831
154 831
155 830
156 831
157 831
158 831
159 831
160 831
161 831
162 830
163 831
164 831
165 831
166 832
167 830
168 830
169 831
170 831
171 830
172 831
173 830
174 830
175 832
176 831
177 830
178 831
179 832
180 831
181 830
182 831
183 831
184 830
185 831
186 831
187 831
188 831
189 832
190 831
191 832
192 832
193 831
194 831
195 831
196 831
197 830
198 831
199 830
200 831
201 831
202 830
203 831
204 831
205 830
206 831
207 831
208 830
209 831
210 831
211 831
212 830
213 831
214 830
215 830
216 831
217 830
218 830
219 830
220 830
221 831
222 830
223 830
224 830
225 830
226 831
227 830
228 830
229 830
230 831
231 832
232 831
233 831
234 831
235 830
236 831
237 830
238 831
239 830
240 830
241 831
242 830
243 830
244 830
245 830
246 830
247 830
248 830
249 830
250 831
251 831
252 830
253 829
254 830
255 829
256 830
257 829
258 829
259 830
260 830
261 831
262 831
263 830
264 829
265 830
266 830
267 830
268 830
269 830
270 831
271 830
272 830
273 829
274 830
275 830
276 831
277 830
278 829
279 829
280 829
281 829
282 830
283 831
284 830
285 829
286 830
287 829
288 830
289 830
290 829
291 830
292 830
293 829
294 830
295 830
296 830
297 830
298 829
299 829
300 829
301 829
302 830
303 829
304 829
305 829
306 830
307 829
308 829
309 828
310 829
311 829
312 830
313 830
314 830
315 830
316 830
317 831
318 830
319 830
320 829
321 829
322 829
323 829
324 829
325 830
326 829
327 828
328 829
329 829
330 829
331 829
332 829
333 829
334 830
335 830
336 830
337 829
338 829
339 830
340 830
341 830
342 830
343 830
344 829
345 829
346 829
347 829
348 829
349 829
350 830
351 830
352 831
353 829
354 829
355 828
356 828
357 829
358 828
359 829
360 829
361 829
362 829
363 829
364 829
365 829
366 830
367 829
368 829
369 829
370 830
371 830
372 830
373 828
374 829
375 829
376 829
377 829
378 829
379 829
380 829
381 829
382 829
383 828
384 829
385 829
386 830
387 830
388 829
389 829
390 829
391 829
392 829
393 829
394 829
395 829
396 829
397 829
398 829
399 829
400 830
401 830
402 829
403 828
404 828
405 829
406 829
407 829
408 829
409 829
410 829
411 829
412 828
413 829
414 828
415 829
416 829
417 829
418 828
419 829
420 828
421 828
422 829
423 829
424 829
425 829
426 828
427 829
428 829
429 829
430 828
431 828
432 828
433 828
434 829
435 829
436 829
437 828
438 828
439 829
440 829
441 829
442 829
443 828
444 828
445 828
446 829
447 827
448 828
449 828
450 828
451 828
452 828
453 829
454 829
455 828
456 829
457 828
458 829
459 829
460 829
461 829
462 829
463 829
464 829
465 829
466 829
467 828
468 829
469 829
470 829
471 830
472 829
473 829
474 829
475 829
476 828
477 828
478 829
479 830
480 828
481 829
482 829
483 828
484 829
485 829
486 829
487 830
488 830
489 830
490 828
491 829
492 830
493 829
494 830
495 830
496 830
497 829
498 831
499 830
500 830
501 830
502 830
503 830
504 830
505 830
506 831
507 830
508 829
509 830
510 830
511 830
512 830
513 830
514 829
515 830
516 830
517 830
518 830
519 829
520 829
521 829
522 829
523 829
524 830
525 829
526 830
527 829
528 829
529 828
530 829
531 830
532 829
533 829
534 829
535 828
536 829
537 830
538 829
539 830
540 830
541 829
542 830
543 828
544 829
545 829
546 829
547 829
548 829
549 829
550 829
551 829
552 829
553 829
554 829
555 830
556 828
557 829
558 828
559 829
560 830
561 829
562 828
563 828
564 828
565 829
566 828
567 829
568 829
569 828
570 828
571 828
572 828
573 828
574 828
575 828
576 828
577 828
578 828
579 828
580 829
581 829
582 828
583 828
584 828
585 828
586 829
587 829
588 828
589 829
590 828
591 828
592 829
593 829
594 828
595 829
596 829
597 829
598 829
599 829
600 828
601 829
602 829
603 829
604 830
605 828
606 829
607 829
608 829
609 829
610 828
611 829
612 829
613 829
614 828
615 829
616 829
617 828
618 828
619 829
620 829
621 828
622 829
623 829
624 829
625 829
626 829
627 829
628 829
629 829
630 830
631 829
632 830
633 829
634 830
635 829
636 829
637 829
638 830
639 830
640 831
641 830
642 830
643 830
644 830
645 830
646 830
647 831
648 830
649 829
650 830
651 829
652 829
653 829
654 829
655 829
656 829
657 829
658 831
659 829
660 829
661 829
662 829
663 829
664 829
665 829
666 829
667 828
668 829
669 829
670 829
671 829
672 828
673 829
674 829
675 829
676 829
677 829
678 830
679 830
680 830
681 829
682 829
683 829
684 829
685 828
686 830
687 829
688 829
689 829
690 828
691 828
692 830
693 830
694 831
695 829
696 829
697 830
698 830
699 829
700 829
701 830
702 829
703 829
704 829
705 830
706 829
707 829
708 830
709 829
710 829
711 829
712 829
713 828
714 829
715 829
716 829
717 829
718 829
719 829
720 829
721 830
722 829
723 829
724 829
725 829
726 828
727 828
728 829
729 829
730 829
731 829
732 828
733 828
734 828
735 828
736 828
737 827
738 828
739 828
740 828
741 828
742 828
743 828
744 829
745 829
746 828
747 828
748 828
749 829
750 830
751 828
752 829
753 829
754 828
755 828
756 827
757 828
758 827
759 828
760 828
761 828
762 828
763 828
764 828
765 828
766 827
767 828
768 828
769 829
770 828
771 829
772 828
773 828
774 828
775 828
776 829
777 828
778 828
779 828
780 828
781 828
782 829
783 829
784 828
785 828
786 829
787 828
788 828
789 829
790 828
791 829
792 829
793 829
794 828
795 828
796 828
797 828
798 829
799 829
800 828
801 828
802 828
803 828
804 828
805 828
806 829
807 829
808 829
809 829
810 828
811 828
812 828
813 828
814 828
815 829
816 829
817 829
818 828
819 828
820 828
821 828
822 828
823 830
824 828
825 829
826 829
827 829
828 829
829 828
830 829
831 829
832 830
833 829
834 829
835 829
836 829
837 829
838 829
839 829
840 828
841 829
842 828
843 829
844 829
845 828
846 829
847 829
848 830
849 829
850 830
851 829
852 829
853 829
854 828
855 828
856 829
857 829
858 829
859 829
860 828
861 829
862 829
863 828
864 830
865 829
866 829
867 828
868 829
869 830
870 828
871 829
872 829
873 828
874 828
875 829
876 829
877 829
878 829
879 829
880 830
881 830
882 829
883 830
884 840
885 884
886 963
887 1087
888 1244
889 1438
890 1663
891 1917
892 2203
893 2496
894 2782
895 3040
896 3263
897 3449
898 3610
899 3736
900 3832
901 3902
902 3947
903 3972
904 3980
905 3971
906 3948
907 3914
908 3870
909 3817
910 3759
911 3691
912 3622
913 3544
914 3466
915 3388
916 3303
917 3221
918 3137
919 3053
920 2971
921 2890
922 2811
923 2733
924 2656
925 2581
926 2507
927 2435
928 2367
929 2297
930 2230
931 2166
932 2103
933 2042
934 1983
935 1928
936 1874
937 1823
938 1773
939 1727
940 1681
941 1638
942 1599
943 1559
944 1522
945 1484
946 1452
947 1420
948 1390
949 1360
950 1334
951 1307
952 1282
953 1258
954 1235
955 1215
956 1195
957 1175
958 1156
959 1140
960 1123
961 1107
962 1092
963 1080
964 1067
965 1052
966 1042
967 1030
968 1019
969 1009
970 999
971 989
972 980
973 972
974 963
975 959
976 953
977 946
978 939
979 932
980 928
981 922
982 917
983 911
984 907
985 904
986 899
987 895
988 893
989 889
990 886
991 883
992 880
993 879
994 875
995 871
996 871
997 868
998 867
999 865
1000 862
1001 860
1002 858
1003 857
1004 855
1005 854
1006 853
1007 852
1008 851
1009 851
1010 848
1011 848
1012 847
1013 846
1014 845
1015 845
1016 845
1017 844
1018 843
1019 842
1020 841
1021 841
1022 841
1023 840
1024 839
1025 839
1026 838
1027 838
1028 838
1029 838
1030 837
1031 836
1032 837
1033 836
1034 836
1035 835
1036 837
1037 836
1038 836
1039 835
1040 835
1041 835
1042 835
1043 835
1044 834
1045 835
1046 835
1047 834
1048 833
1049 834
1050 833
1051 833
1052 833
1053 833
1054 834
1055 834
1056 832
1057 832
1058 832
1059 832
1060 832
1061 832
1062 833
1063 833
1064 832
1065 832
1066 833
1067 833
1068 832
1069 832
1070 832
1071 832
1072 832
1073 832
1074 831
1075 832
1076 832
1077 832
1078 832
1079 832
1080 831
1081 832
1082 832
1083 831
1084 831
1085 831
1086 832
1087 831
1088 832
1089 832
1090 831
1091 831
1092 831
1093 832
1094 831
1095 831
1096 831
1097 831
1098 832
1099 831
1100 830
1101 831
1102 831
1103 832
1104 831
1105 830
1106 831
1107 832
1108 830
1109 831
1110 831
1111 830
1112 830
1113 831
1114 830
1115 831
1116 831
1117 831
1118 830
1119 830
1120 831
1121 830
1122 832
1123 831
1124 831
1125 831
1126 832
1127 830
1128 831
1129 830
1130 831
1131 831
1132 831
1133 830
1134 830
1135 831
1136 832
1137 832
1138 831
1139 832
1140 831
1141 831
1142 831
1143 831
1144 831
1145 831
1146 831
1147 831
1148 831
1149 831
1150 831
1151 830
1152 830
1153 830
1154 831
1155 830
1156 830
1157 831
1158 831
1159 831
1160 831
1161 832
1162 831
1163 831
1164 831
1165 831
1166 831
1167 831
1168 831
1169 831
1170 831
1171 832
1172 830
1173 831
1174 832
1175 831
1176 831
1177 830
1178 831
1179 831
1180 832
1181 831
1182 831
1183 831
1184 831
1185 831
1186 831
1187 830
1188 830
1189 831
1190 831
1191 830
1192 830
1193 831
1194 830
1195 830
1196 831
1197 830
1198 830
1199 831
1200 830
1201 830
1202 831
1203 830
1204 830
1205 830
1206 830
1207 829
1208 830
1209 830
1210 830
1211 829
1212 830
1213 830
1214 829
1215 829
1216 830
1217 829
1218 829
1219 830
1220 831
1221 831
1222 830
1223 831
1224 830
1225 829
1226 829
1227 830
1228 830
1229 830
1230 829
1231 829
1232 829
1233 830
1234 829
1235 829
1236 830
1237 829
1238 829
1239 830
1240 830
1241 830
1242 830
1243 830
1244 829
1245 829
1246 830
1247 830
1248 829
1249 829
1250 829
1251 829
1252 829
1253 829
1254 830
1255 830
1256 831
1257 830
1258 829
1259 831
1260 830
1261 830
1262 828
1263 830
1264 829
1265 829
1266 828
1267 829
1268 828
1269 828
1270 828
1271 830
1272 829
1273 829
1274 829
1275 828
1276 829
1277 829
1278 829
1279 827
1280 829
1281 829
1282 828
1283 829
1284 829
1285 829
1286 829
1287 828
1288 828
1289 828
1290 829
1291 829
1292 829
1293 828
1294 828
1295 828
1296 828
1297 828
1298 829
1299 828
1300 829
1301 828
1302 829
1303 829
1304 828
1305 828
1306 828
1307 828
1308 828
1309 829
1310 828
1311 828
1312 828
1313 828
1314 828
1315 828
1316 827
1317 828
1318 828
1319 828
1320 828
1321 828
1322 828
1323 828
1324 828
1325 828
1326 828
1327 828
1328 827
1329 828
1330 828
1331 828
1332 828
1333 828
1334 828
1335 828
1336 828
1337 828
1338 828
1339 828
1340 828
1341 828
1342 829
1343 827
1344 827
1345 828
1346 828
1347 828
1348 827
1349 828
1350 828
1351 828
1352 828
1353 828
1354 828
1355 828
1356 828
1357 828
1358 828
1359 827
1360 828
1361 828
1362 828
1363 828
1364 828
1365 828
1366 828
1367 828
1368 826
1369 828
1370 828
1371 828
1372 828
1373 828
1374 828
1375 828
1376 828
1377 827
1378 827
1379 828
1380 828
1381 829
1382 828
1383 828
1384 828
1385 828
1386 827
1387 829
1388 828
1389 827
1390 828
1391 829
1392 828
1393 827
1394 828
1395 828
1396 828
1397 828
1398 828
1399 828
1400 827
1401 829
1402 829
1403 828
1404 829
1405 829
1406 828
1407 828
1408 828
1409 827
1410 827
1411 827
1412 828
1413 828
1414 828
1415 828
1416 828
1417 828
1418 828
1419 828
1420 828
1421 828
1422 828
1423 828
1424 828
1425 829
1426 829
1427 828
1428 828
1429 828
1430 828
1431 828
1432 828
1433 828
1434 828
1435 827
1436 828
1437 828
1438 829
1439 828
1440 828
1441 828
1442 828
1443 828
1444 828
1445 827
1446 828
1447 829
1448 828
1449 827
1450 828
1451 827
1452 827
1453 828
1454 828
1455 828
1456 827
1457 828
1458 827
1459 828
1460 828
1461 828
1462 829
1463 828
1464 828
1465 827
1466 827
1467 828
1468 828
1469 828
1470 828
1471 828
1472 828
1473 828
1474 827
1475 828
1476 828
1477 828
1478 828
1479 828
1480 828
1481 827
1482 827
1483 828
1484 828
1485 828
1486 827
1487 828
1488 828
1489 828
1490 827
1491 827
1492 827
1493 828
1494 827
1495 827
1496 827
1497 828
1498 828
1499 828
1500 828
1501 828
1502 828
1503 827
1504 827
1505 828
1506 828
1507 827
1508 828
1509 828
1510 828
1511 827
1512 828
1513 828
1514 828
1515 827
1516 827
1517 827
1518 828
1519 828
1520 827
1521 828
1522 827
1523 828
1524 828
1525 828
1526 829
1527 828
1528 828
1529 828
1530 828
1531 827
1532 828
1533 828
1534 828
1535 828
1536 827
1537 828
1538 828
1539 828
1540 829
1541 828
1542 828
1543 827
1544 829
1545 829
1546 828
1547 828
1548 828
1549 828
1550 827
1551 828
1552 828
1553 828
1554 829
1555 829
1556 828
1557 829
1558 828
1559 828
1560 828
1561 828
1562 828
1563 827
1564 828
1565 827
1566 828
1567 828
1568 828
1569 828
1570 828
1571 828
1572 829
1573 828
1574 828
1575 829
1576 829
1577 828
1578 828
1579 827
1580 828
1581 828
1582 827
1583 828
1584 828
1585 827
1586 828
1587 828
1588 827
1589 828
1590 828
1591 828
1592 827
1593 828
1594 828
1595 828
1596 828
1597 828
1598 828
1599 828
1600 827
1601 827
1602 828
1603 828
1604 828
1605 827
1606 827
1607 828
1608 827
1609 827
1610 828
1611 828
1612 828
1613 828
1614 828
1615 828
1616 827
1617 827
1618 827
1619 827
1620 828
1621 827
1622 827
1623 828
1624 828
1625 827
1626 827
1627 828
1628 828
1629 827
1630 827
1631 827
1632 828
1633 828
1634 828
1635 828
1636 826
1637 827
1638 827
1639 827
1640 827
1641 828
1642 828
1643 827
1644 827
1645 828
1646 828
1647 827
1648 826
1649 826
1650 827
1651 828
1652 827
1653 828
1654 827
1655 827
1656 826
1657 828
1658 827
1659 827
1660 827
1661 828
1662 828
1663 827
1664 827
1665 826
1666 827
1667 827
1668 826
1669 828
1670 827
1671 826
1672 827
1673 827
1674 828
1675 828
1676 827
1677 828
1678 827
1679 828
1680 827
1681 828
1682 828
1683 828
1684 828
1685 827
1686 828
1687 828
1688 827
1689 827
1690 828
1691 828
1692 828
1693 827
1694 827
1695 827
1696 826
1697 827
1698 827
1699 827
1700 828
1701 827
1702 828
1703 827
1704 827
1705 828
1706 826
1707 828
1708 827
1709 827
1710 827
1711 827
1712 827
1713 827
1714 827
1715 827
1716 827
1717 827
1718 827
1719 827
1720 828
1721 828
1722 828
1723 828
1724 826
1725 828
1726 828
1727 827
1728 828
1729 827
1730 828
1731 827
1732 827
1733 826
1734 828
1735 828
1736 827
1737 827
1738 827
1739 827
1740 827
1741 826
1742 827
1743 827
1744 827
1745 828
1746 827
1747 827
1748 827
1749 827
1750 827
1751 827
1752 827
1753 826
1754 826
1755 827
1756 826
1757 827
1758 827
1759 827
1760 827
1761 827
1762 827
1763 828
1764 827
1765 827
1766 827
1767 827
1768 827
1769 827
1770 827
1771 826
1772 826
1773 826
1774 826
1775 826
1776 826
1777 827
1778 826
1779 826
1780 826
1781 826
1782 826
1783 827
1784 828
1785 828
1786 827
1787 827
1788 827
1789 827
1790 827
1791 826
1792 827
1793 826
1794 826
1795 827
1796 826
1797 826
1798 826
1799 826
1800 827
1801 827
1802 827
1803 827
1804 826
1805 826
1806 826
1807 826
1808 826
1809 827
1810 827
1811 827
1812 826
1813 826
1814 826
1815 827
1816 826
1817 827
1818 826
1819 827
1820 827
1821 827
1822 826
1823 827
1824 827
1825 827
1826 826
1827 826
1828 827
1829 827
1830 827
1831 828
1832 828
1833 828
1834 827
1835 827
1836 826
1837 827
1838 830
1839 854
1840 917
1841 1018
1842 1158
1843 1334
1844 1541
1845 1782
1846 2049
1847 2345
1848 2637
1849 2909
1850 3151
1851 3361
1852 3528
1853 3672
1854 3783
1855 3866
1856 3923
1857 3960
1858 3975
1859 3975
1860 3960
1861 3931
1862 3893
1863 3844
1864 3785
1865 3724
1866 3655
1867 3581
1868 3505
1869 3426
1870 3345
1871 3262
1872 3178
1873 3095
1874 3011
1875 2930
1876 2850
1877 2768
1878 2692
1879 2618
1880 2542
1881 2471
1882 2398
1883 2330
1884 2261
1885 2196
1886 2132
1887 2072
1888 2010
1889 1956
1890 1900
1891 1849
1892 1797
1893 1748
1894 1703
1895 1659
1896 1616
1897 1579
1898 1539
1899 1501
1900 1468
1901 1435
1902 1404
1903 1371
1904 1344
1905 1319
1906 1294
1907 1268
1908 1245
1909 1223
1910 1203
1911 1181
1912 1164
1913 1146
1914 1129
1915 1112
1916 1097
1917 1085
1918 1072
1919 1059
1920 1045
1921 1034
1922 1022
1923 1012
1924 1001
1925 992
1926 982
1927 975
1928 966
1929 960
1930 954
1931 947
1932 941
1933 935
1934 929
1935 922
1936 918
1937 912
1938 908
1939 903
1940 900
1941 896
1942 894
1943 890
1944 886
1945 883
1946 880
1947 879
1948 876
1949 873
1950 871
1951 868
1952 867
1953 862
1954 861
1955 860
1956 858
1957 857
1958 855
1959 854
1960 853
1961 851
1962 850
1963 848
1964 848
1965 847
1966 846
1967 845
1968 844
1969 844
1970 843
1971 843
1972 842
1973 842
1974 841
1975 839
1976 838
1977 839
1978 839
1979 839
1980 837
1981 836
1982 838
1983 837
1984 836
1985 836
1986 835
1987 835
1988 835
1989 836
1990 835
1991 835
1992 835
1993 835
1994 834
1995 834
1996 834
1997 834
1998 834
1999 833
2000 833
2001 834
2002 833
2003 832
2004 832
2005 832
2006 832
2007 832
2008 832
2009 832
2010 832
2011 832
2012 833
2013 831
2014 832
2015 832
2016 832
2017 831
2018 831
2019 831
2020 830
2021 831
2022 831
2023 832
2024 831
2025 831
2026 832
2027 831
2028 831
2029 831
2030 831
2031 831
2032 831
2033 831
2034 831
2035 831
2036 830
2037 831
2038 831
2039 830
2040 832
2041 830
2042 831
2043 830
2044 831
2045 831
2046 831
2047 831
