1 828
2 826
3 827
4 827
5 827
6 826
7 826
8 826
9 826
10 824
11 825
12 826
13 826
14 826
15 826
16 826
17 826
18 826
19 827
20 826
21 826
22 825
23 825
24 826
25 826
26 826
27 825
28 826
29 826
30 826
31 826
32 826
33 826
34 826
35 826
36 826
37 825
38 827
39 826
40 826
41 826
42 825
43 826
44 826
45 826
46 826
47 825
48 825
49 827
50 826
51 827
52 826
53 827
54 826
55 826
56 826
57 826
58 826
59 825
60 825
61 826
62 825
63 825
64 826
65 826
66 826
67 827
68 826
69 827
70 826
71 826
72 826
73 825
74 826
75 826
76 826
77 826
78 826
79 826
80 826
81 827
82 826
83 826
84 826
85 827
86 828
87 827
88 826
89 826
90 828
91 827
92 826
93 826
94 827
95 828
96 827
97 827
98 826
99 826
100 827
101 826
102 828
103 825
104 827
105 827
106 826
107 827
108 827
109 826
110 826
111 827
112 827
113 826
114 826
115 826
116 825
117 826
118 827
119 826
120 826
121 827
122 826
123 827
124 827
125 826
126 826
127 826
128 827
129 826
130 826
131 828
132 826
133 825
134 825
135 826
136 826
137 826
138 826
139 826
140 826
141 826
142 825
143 825
144 827
145 826
146 827
147 825
148 826
149 827
150 826
151 826
152 826
153 827
154 826
155 826
156 827
157 826
158 826
159 826
160 826
161 827
162 826
163 826
164 827
165 826
166 826
167 826
168 826
169 826
170 826
171 825
172 826
173 826
174 826
175 826
176 826
177 825
178 825
179 826
180 825
181 827
182 826
183 826
184 826
185 826
186 826
187 826
188 826
189 826
190 826
191 825
192 826
193 826
194 835
195 877
196 946
197 1019
198 1089
199 1153
200 1210
201 1257
202 1298
203 1331
204 1356
205 1377
206 1394
207 1405
208 1411
209 1414
210 1415
211 1413
212 1408
213 1403
214 1393
215 1383
216 1370
217 1358
218 1347
219 1333
220 1319
221 1304
222 1288
223 1274
224 1257
225 1241
226 1226
227 1213
228 1199
229 1184
230 1168
231 1155
232 1142
233 1129
234 1115
235 1103
236 1090
237 1080
238 1068
239 1058
240 1047
241 1036
242 1026
243 1017
244 1007
245 998
246 989
247 982
248 974
249 967
250 960
251 954
252 947
253 942
254 937
255 930
256 924
257 919
258 915
259 909
260 906
261 901
262 898
263 895
264 891
265 887
266 884
267 881
268 879
269 875
270 873
271 869
272 867
273 865
274 862
275 859
276 858
277 857
278 854
279 854
280 852
281 851
282 849
283 847
284 847
285 845
286 844
287 844
288 842
289 841
290 841
291 841
292 839
293 838
294 837
295 837
296 837
297 835
298 836
299 834
300 834
301 834
302 833
303 832
304 833
305 832
306 832
307 831
308 831
309 831
310 830
311 832
312 830
313 831
314 831
315 831
316 831
317 831
318 830
319 830
320 829
321 829
322 830
323 830
324 829
325 830
326 830
327 829
328 829
329 829
330 829
331 829
332 829
333 830
334 829
335 828
336 829
337 829
338 828
339 829
340 828
341 828
342 827
343 828
344 828
345 828
346 828
347 828
348 827
349 827
350 828
351 828
352 828
353 828
354 829
355 827
356 827
357 829
358 828
359 828
360 828
361 828
362 827
363 828
364 828
365 828
366 828
367 827
368 828
369 827
370 828
371 827
372 827
373 826
374 827
375 828
376 827
377 828
378 827
379 828
380 828
381 828
382 827
383 827
384 827
385 827
386 828
387 827
388 827
389 827
390 827
391 827
392 828
393 827
394 827
395 827
396 827
397 828
398 827
399 827
400 827
401 827
402 827
403 827
404 827
405 829
406 828
407 828
408 828
409 827
410 828
411 827
412 828
413 827
414 828
415 828
416 827
417 828
418 828
419 828
420 827
421 827
422 826
423 827
424 827
425 827
426 828
427 828
428 828
429 828
430 828
431 828
432 828
433 828
434 827
435 827
436 827
437 827
438 827
439 828
440 828
441 828
442 827
443 827
444 828
445 828
446 828
447 828
448 829
449 829
450 828
451 828
452 828
453 828
454 828
455 828
456 828
457 828
458 827
459 827
460 828
461 828
462 828
463 828
464 827
465 828
466 828
467 828
468 828
469 828
470 828
471 828
472 828
473 828
474 828
475 828
476 828
477 828
478 828
479 827
480 827
481 828
482 828
483 828
484 828
485 828
486 829
487 828
488 828
489 828
490 828
491 828
492 828
493 829
494 829
495 828
496 829
497 829
498 828
499 828
500 828
501 828
502 828
503 829
504 828
505 828
506 829
507 829
508 828
509 829
510 828
511 828
512 828
513 829
514 827
515 828
516 829
517 828
518 827
519 828
520 829
521 828
522 829
523 829
524 828
525 828
526 828
527 828
528 829
529 828
530 828
531 829
532 828
533 828
534 828
535 829
536 829
537 829
538 828
539 828
540 829
541 829
542 828
543 828
544 828
545 828
546 828
547 828
548 828
549 829
550 828
551 829
552 828
553 829
554 829
555 830
556 829
557 829
558 829
559 829
560 827
561 828
562 828
563 828
564 828
565 828
566 829
567 828
568 828
569 827
570 828
571 828
572 828
573 829
574 828
575 828
576 828
577 828
578 829
579 828
580 827
581 828
582 828
583 829
584 829
585 829
586 829
587 829
588 829
589 828
590 829
591 828
592 829
593 828
594 829
595 828
596 829
597 829
598 829
599 829
600 829
601 828
602 829
603 828
604 828
605 828
606 829
607 828
608 829
609 829
610 829
611 829
612 829
613 828
614 828
615 828
616 828
617 828
618 829
619 828
620 829
621 828
622 829
623 828
624 828
625 828
626 828
627 828
628 828
629 829
630 828
631 829
632 829
633 828
634 829
635 829
636 828
637 828
638 829
639 828
640 829
641 829
642 828
643 828
644 828
645 828
646 828
647 828
648 829
649 828
650 828
651 828
652 829
653 828
654 828
655 828
656 829
657 829
658 829
659 828
660 829
661 829
662 829
663 828
664 829
665 828
666 829
667 829
668 828
669 829
670 828
671 828
672 829
673 828
674 829
675 829
676 829
677 828
678 829
679 829
680 829
681 829
682 829
683 829
684 829
685 828
686 829
687 829
688 829
689 829
690 829
691 829
692 828
693 828
694 829
695 829
696 828
697 829
698 828
699 829
700 829
701 828
702 829
703 829
704 828
705 828
706 828
707 829
708 828
709 828
710 828
711 828
712 828
713 828
714 829
715 829
716 829
717 828
718 828
719 828
720 829
721 828
722 828
723 828
724 829
725 829
726 829
727 828
728 829
729 829
730 829
731 828
732 828
733 828
734 829
735 827
736 829
737 829
738 828
739 829
740 828
741 828
742 829
743 828
744 828
745 828
746 828
747 828
748 829
749 828
750 829
751 828
752 827
753 828
754 829
755 828
756 828
757 828
758 827
759 828
760 828
761 828
762 829
763 828
764 828
765 829
766 828
767 829
768 829
769 829
770 829
771 829
772 829
773 829
774 829
775 828
776 828
777 828
778 829
779 829
780 829
781 829
782 829
783 829
784 829
785 828
786 829
787 828
788 828
789 828
790 828
791 828
792 829
793 828
794 828
795 829
796 828
797 829
798 828
799 828
800 828
801 829
802 828
803 828
804 828
805 828
806 828
807 828
808 829
809 829
810 829
811 829
812 829
813 828
814 829
815 829
816 829
817 828
818 828
819 828
820 829
821 828
822 828
823 829
824 828
825 828
826 828
827 828
828 827
829 827
830 828
831 828
832 829
833 828
834 829
835 828
836 828
837 829
838 828
839 828
840 828
841 828
842 828
843 828
844 827
845 828
846 828
847 828
848 827
849 828
850 828
851 829
852 828
853 828
854 828
855 828
856 828
857 828
858 828
859 828
860 828
861 827
862 827
863 827
864 828
865 828
866 828
867 828
868 827
869 827
870 828
871 828
872 828
873 828
874 828
875 828
876 829
877 828
878 828
879 828
880 828
881 828
882 828
883 828
884 829
885 828
886 829
887 828
888 828
889 828
890 829
891 828
892 828
893 831
894 829
895 829
896 829
897 830
898 825
899 827
900 828
901 829
902 828
903 828
904 828
905 829
906 828
907 829
908 828
909 828
910 828
911 828
912 828
913 829
914 828
915 828
916 828
917 828
918 828
919 829
920 830
921 828
922 828
923 828
924 828
925 827
926 828
927 828
928 828
929 829
930 829
931 828
932 828
933 828
934 827
935 829
936 828
937 829
938 828
939 828
940 828
941 828
942 828
943 828
944 828
945 828
946 828
947 828
948 828
949 827
950 827
951 828
952 827
953 827
954 827
955 828
956 828
957 828
958 828
959 828
960 828
961 828
962 828
963 828
964 828
965 828
966 827
967 827
968 827
969 827
970 828
971 828
972 828
973 828
974 828
975 828
976 828
977 827
978 828
979 828
980 828
981 828
982 827
983 827
984 828
985 828
986 827
987 827
988 828
989 828
990 828
991 829
992 828
993 829
994 828
995 828
996 828
997 828
998 828
999 828
1000 828
1001 828
1002 828
1003 828
1004 828
1005 828
1006 828
1007 828
1008 828
1009 829
1010 829
1011 829
1012 829
1013 829
1014 829
1015 828
1016 828
1017 828
1018 828
1019 829
1020 828
1021 827
1022 829
1023 829
1024 828
1025 829
1026 829
1027 828
1028 829
1029 828
1030 828
1031 828
1032 829
1033 830
1034 829
1035 828
1036 829
1037 830
1038 829
1039 828
1040 830
1041 829
1042 828
1043 829
1044 828
1045 828
1046 828
1047 828
1048 828
1049 828
1050 829
1051 829
1052 828
1053 829
1054 829
1055 828
1056 828
1057 829
1058 828
1059 828
1060 827
1061 828
1062 828
1063 828
1064 828
1065 828
1066 828
1067 829
1068 829
1069 828
1070 828
1071 828
1072 828
1073 829
1074 828
1075 829
1076 829
1077 828
1078 828
1079 828
1080 828
1081 827
1082 828
1083 828
1084 828
1085 828
1086 828
1087 828
1088 828
1089 829
1090 828
1091 828
1092 828
1093 828
1094 828
1095 827
1096 828
1097 828
1098 829
1099 828
1100 829
1101 828
1102 829
1103 829
1104 829
1105 828
1106 827
1107 829
1108 828
1109 828
1110 830
1111 828
1112 829
1113 828
1114 828
1115 829
1116 829
1117 829
1118 828
1119 829
1120 830
1121 829
1122 829
1123 829
1124 830
1125 829
1126 828
1127 829
1128 829
1129 829
1130 829
1131 830
1132 829
1133 828
1134 828
1135 828
1136 828
1137 829
1138 828
1139 828
1140 828
1141 829
1142 829
1143 829
1144 829
1145 828
1146 828
1147 829
1148 831
1149 854
1150 912
1151 982
1152 1059
1153 1124
1154 1184
1155 1235
1156 1280
1157 1317
1158 1345
1159 1368
1160 1387
1161 1403
1162 1411
1163 1416
1164 1418
1165 1417
1166 1412
1167 1407
1168 1400
1169 1389
1170 1379
1171 1367
1172 1353
1173 1342
1174 1327
1175 1314
1176 1297
1177 1282
1178 1267
1179 1251
1180 1236
1181 1220
1182 1208
1183 1192
1184 1177
1185 1163
1186 1150
1187 1137
1188 1124
1189 1110
1190 1097
1191 1086
1192 1077
1193 1065
1194 1053
1195 1043
1196 1033
1197 1023
1198 1014
1199 1005
1200 996
1201 987
1202 979
1203 971
1204 964
1205 959
1206 952
1207 946
1208 940
1209 934
1210 929
1211 923
1212 918
1213 914
1214 908
1215 904
1216 899
1217 896
1218 893
1219 890
1220 888
1221 883
1222 881
1223 877
1224 875
1225 872
1226 869
1227 867
1228 865
1229 862
1230 861
1231 859
1232 857
1233 855
1234 853
1235 852
1236 851
1237 850
1238 848
1239 847
1240 846
1241 846
1242 843
1243 842
1244 841
1245 841
1246 839
1247 840
1248 839
1249 839
1250 839
1251 838
1252 837
1253 836
1254 836
1255 835
1256 835
1257 834
1258 834
1259 833
1260 833
1261 832
1262 833
1263 832
1264 831
1265 832
1266 831
1267 832
1268 831
1269 831
1270 832
1271 830
1272 831
1273 832
1274 831
1275 831
1276 831
1277 831
1278 830
1279 831
1280 831
1281 830
1282 830
1283 831
1284 830
1285 830
1286 829
1287 830
1288 830
1289 830
1290 829
1291 830
1292 829
1293 829
1294 829
1295 828
1296 829
1297 829
1298 829
1299 830
1300 829
1301 829
1302 830
1303 829
1304 829
1305 828
1306 828
1307 828
1308 828
1309 829
1310 828
1311 830
1312 829
1313 829
1314 829
1315 828
1316 828
1317 829
1318 829
1319 829
1320 829
1321 828
1322 829
1323 828
1324 829
1325 829
1326 829
1327 829
1328 829
1329 828
1330 828
1331 829
1332 828
1333 828
1334 829
1335 828
1336 828
1337 829
1338 829
1339 828
1340 829
1341 829
1342 828
1343 828
1344 828
1345 828
1346 828
1347 828
1348 828
1349 828
1350 828
1351 828
1352 829
1353 828
1354 829
1355 827
1356 828
1357 828
1358 828
1359 828
1360 829
1361 829
1362 829
1363 828
1364 829
1365 828
1366 828
1367 828
1368 827
1369 828
1370 828
1371 828
1372 828
1373 828
1374 828
1375 828
1376 829
1377 829
1378 828
1379 828
1380 829
1381 828
1382 828
1383 829
1384 828
1385 827
1386 828
1387 828
1388 828
1389 828
1390 829
1391 828
1392 828
1393 828
1394 828
1395 828
1396 828
1397 829
1398 828
1399 828
1400 828
1401 827
1402 829
1403 828
1404 828
1405 828
1406 828
1407 828
1408 828
1409 828
1410 828
1411 828
1412 828
1413 828
1414 828
1415 829
1416 829
1417 828
1418 829
1419 828
1420 828
1421 828
1422 828
1423 829
1424 827
1425 828
1426 829
1427 828
1428 828
1429 828
1430 829
1431 828
1432 828
1433 828
1434 828
1435 827
1436 827
1437 829
1438 829
1439 830
1440 828
1441 828
1442 828
1443 828
1444 828
1445 828
1446 828
1447 828
1448 829
1449 828
1450 829
1451 830
1452 829
1453 829
1454 828
1455 828
1456 829
1457 828
1458 828
1459 829
1460 828
1461 829
1462 828
1463 828
1464 828
1465 828
1466 828
1467 828
1468 828
1469 829
1470 827
1471 829
1472 829
1473 829
1474 828
1475 828
1476 828
1477 828
1478 828
1479 828
1480 828
1481 828
1482 828
1483 828
1484 829
1485 829
1486 828
1487 828
1488 828
1489 828
1490 828
1491 828
1492 827
1493 828
1494 828
1495 828
1496 827
1497 828
1498 828
1499 828
1500 828
1501 827
1502 828
1503 828
1504 828
1505 827
1506 827
1507 827
1508 826
1509 828
1510 827
1511 828
1512 827
1513 828
1514 828
1515 828
1516 828
1517 828
1518 828
1519 828
1520 827
1521 828
1522 827
1523 828
1524 828
1525 828
1526 828
1527 827
1528 827
1529 827
1530 827
1531 828
1532 827
1533 828
1534 828
1535 828
1536 827
1537 827
1538 827
1539 828
1540 828
1541 828
1542 827
1543 827
1544 827
1545 827
1546 827
1547 827
1548 826
1549 828
1550 826
1551 827
1552 827
1553 827
1554 827
1555 827
1556 827
1557 827
1558 828
1559 827
1560 827
1561 828
1562 827
1563 827
1564 826
1565 826
1566 826
1567 827
1568 826
1569 828
1570 828
1571 826
1572 827
1573 827
1574 827
1575 826
1576 826
1577 827
1578 827
1579 826
1580 827
1581 827
1582 827
1583 826
1584 827
1585 827
1586 827
1587 827
1588 828
1589 827
1590 828
1591 828
1592 827
1593 827
1594 828
1595 828
1596 828
1597 828
1598 828
1599 827
1600 827
1601 827
1602 827
1603 828
1604 828
1605 828
1606 827
1607 827
1608 828
1609 827
1610 827
1611 827
1612 827
1613 827
1614 828
1615 828
1616 827
1617 827
1618 827
1619 828
1620 828
1621 828
1622 828
1623 828
1624 828
1625 828
1626 829
1627 828
1628 829
1629 828
1630 829
1631 827
1632 828
1633 827
1634 828
1635 828
1636 828
1637 828
1638 828
1639 829
1640 828
1641 828
1642 828
1643 827
1644 828
1645 829
1646 828
1647 827
1648 828
1649 828
1650 827
1651 829
1652 828
1653 827
1654 828
1655 828
1656 828
1657 827
1658 828
1659 828
1660 827
1661 828
1662 828
1663 828
1664 827
1665 828
1666 828
1667 829
1668 829
1669 828
1670 828
1671 827
1672 827
1673 827
1674 827
1675 828
1676 827
1677 828
1678 828
1679 827
1680 826
1681 828
1682 827
1683 827
1684 828
1685 828
1686 828
1687 828
1688 827
1689 828
1690 827
1691 827
1692 827
1693 828
1694 827
1695 828
1696 827
1697 827
1698 828
1699 826
1700 827
1701 827
1702 826
1703 827
1704 828
1705 828
1706 828
1707 827
1708 827
1709 828
1710 828
1711 827
1712 828
1713 828
1714 826
1715 826
1716 828
1717 827
1718 827
1719 827
1720 827
1721 827
1722 827
1723 827
1724 828
1725 827
1726 828
1727 827
1728 827
1729 827
1730 827
1731 828
1732 828
1733 827
1734 827
1735 828
1736 827
1737 828
1738 828
1739 828
1740 827
1741 827
1742 827
1743 828
1744 827
1745 827
1746 827
1747 828
1748 827
1749 828
1750 828
1751 828
1752 828
1753 828
1754 828
1755 828
1756 828
1757 828
1758 827
1759 828
1760 828
1761 828
1762 827
1763 829
1764 828
1765 828
1766 828
1767 828
1768 828
1769 828
1770 828
1771 828
1772 829
1773 828
1774 828
1775 828
1776 828
1777 828
1778 828
1779 826
1780 827
1781 828
1782 828
1783 827
1784 828
1785 828
1786 827
1787 828
1788 827
1789 828
1790 828
1791 827
1792 827
1793 827
1794 827
1795 828
1796 827
1797 827
1798 827
1799 828
1800 827
1801 828
1802 827
1803 828
1804 828
1805 828
1806 828
1807 828
1808 827
1809 828
1810 827
1811 828
1812 828
1813 827
1814 827
1815 828
1816 827
1817 828
1818 828
1819 828
1820 828
1821 827
1822 827
1823 828
1824 828
1825 828
1826 828
1827 828
1828 827
1829 827
1830 828
1831 828
1832 828
1833 827
1834 827
1835 828
1836 828
1837 828
1838 828
1839 828
1840 828
1841 827
1842 829
1843 828
1844 829
1845 829
1846 828
1847 829
1848 831
1849 830
1850 830
1851 829
1852 823
1853 827
1854 828
1855 828
1856 828
1857 828
1858 828
1859 829
1860 828
1861 827
1862 828
1863 828
1864 828
1865 828
1866 828
1867 828
1868 828
1869 827
1870 829
1871 827
1872 828
1873 828
1874 827
1875 828
1876 827
1877 828
1878 827
1879 828
1880 827
1881 828
1882 827
1883 828
1884 828
1885 827
1886 827
1887 828
1888 827
1889 827
1890 827
1891 826
1892 827
1893 827
1894 826
1895 826
1896 827
1897 827
1898 827
1899 828
1900 827
1901 827
1902 827
1903 827
1904 827
1905 827
1906 828
1907 827
1908 827
1909 827
1910 827
1911 827
1912 828
1913 827
1914 826
1915 827
1916 828
1917 827
1918 827
1919 827
1920 827
1921 827
1922 827
1923 827
1924 827
1925 826
1926 826
1927 828
1928 827
1929 827
1930 827
1931 828
1932 826
1933 827
1934 827
1935 826
1936 827
1937 826
1938 827
1939 828
1940 827
1941 828
1942 827
1943 827
1944 827
1945 827
1946 827
1947 827
1948 828
1949 827
1950 828
1951 827
1952 826
1953 827
1954 828
1955 828
1956 827
1957 828
1958 827
1959 828
1960 827
1961 827
1962 827
1963 826
1964 828
1965 828
1966 828
1967 827
1968 828
1969 828
1970 828
1971 827
1972 827
1973 828
1974 828
1975 828
1976 828
1977 828
1978 828
1979 828
1980 827
1981 827
1982 827
1983 828
1984 827
1985 827
1986 828
1987 826
1988 827
1989 827
1990 827
1991 827
1992 826
1993 827
1994 827
1995 828
1996 828
1997 828
1998 827
1999 827
2000 828
2001 827
2002 827
2003 828
2004 827
2005 828
2006 827
2007 827
2008 828
2009 828
2010 827
2011 828
2012 827
2013 827
2014 827
2015 826
2016 827
2017 827
2018 827
2019 827
2020 828
2021 827
2022 827
2023 827
2024 827
2025 827
2026 828
2027 827
2028 826
2029 827
2030 828
2031 827
2032 827
2033 827
2034 828
2035 828
2036 827
2037 828
2038 828
2039 827
2040 827
2041 827
2042 827
2043 827
2044 827
2045 827
2046 828
2047 827
