1 1035
2 1023
3 1015
4 1004
5 995
6 984
7 976
8 968
9 960
10 956
11 949
12 941
13 936
14 930
15 924
16 919
17 915
18 909
19 905
20 900
21 897
22 894
23 890
24 886
25 884
26 879
27 877
28 875
29 872
30 869
31 868
32 865
33 862
34 861
35 858
36 856
37 855
38 854
39 852
40 851
41 849
42 847
43 847
44 846
45 845
46 843
47 843
48 842
49 842
50 842
51 840
52 839
53 838
54 837
55 837
56 836
57 836
58 836
59 835
60 835
61 834
62 834
63 834
64 833
65 832
66 832
67 832
68 832
69 831
70 831
71 831
72 831
73 831
74 831
75 831
76 831
77 832
78 830
79 832
80 831
81 831
82 830
83 831
84 831
85 831
86 832
87 831
88 830
89 830
90 830
91 829
92 830
93 830
94 831
95 830
96 829
97 829
98 828
99 828
100 829
101 829
102 829
103 829
104 829
105 830
106 829
107 829
108 829
109 829
110 829
111 828
112 829
113 828
114 827
115 829
116 829
117 828
118 828
119 828
120 829
121 829
122 828
123 828
124 828
125 828
126 827
127 829
128 828
129 828
130 829
131 827
132 828
133 829
134 828
135 829
136 828
137 828
138 828
139 828
140 829
141 828
142 827
143 827
144 828
145 828
146 828
147 828
148 829
149 829
150 829
151 829
152 828
153 828
154 828
155 828
156 829
157 828
158 828
159 828
160 828
161 827
162 828
163 828
164 828
165 829
166 828
167 828
168 829
169 827
170 828
171 828
172 828
173 828
174 829
175 828
176 828
177 828
178 827
179 829
180 828
181 828
182 828
183 828
184 828
185 827
186 828
187 828
188 828
189 828
190 828
191 828
192 828
193 828
194 827
195 828
196 829
197 828
198 829
199 828
200 828
201 828
202 828
203 828
204 828
205 827
206 828
207 828
208 828
209 828
210 829
211 828
212 828
213 828
214 828
215 828
216 828
217 828
218 827
219 828
220 827
221 827
222 827
223 827
224 828
225 827
226 828
227 826
228 827
229 827
230 826
231 827
232 827
233 828
234 827
235 827
236 827
237 825
238 827
239 827
240 826
241 827
242 827
243 827
244 827
245 827
246 826
247 826
248 825
249 826
250 825
251 827
252 828
253 828
254 827
255 827
256 827
257 827
258 826
259 826
260 827
261 827
262 827
263 827
264 827
265 827
266 826
267 827
268 826
269 827
270 826
271 827
272 826
273 827
274 826
275 826
276 827
277 826
278 825
279 827
280 826
281 826
282 826
283 826
284 826
285 826
286 827
287 826
288 827
289 827
290 826
291 827
292 827
293 827
294 827
295 827
296 826
297 826
298 827
299 826
300 826
301 826
302 827
303 827
304 826
305 827
306 827
307 826
308 827
309 828
310 826
311 826
312 826
313 827
314 826
315 826
316 827
317 826
318 826
319 827
320 826
321 827
322 828
323 826
324 827
325 827
326 826
327 827
328 828
329 827
330 827
331 827
332 826
333 826
334 828
335 827
336 826
337 827
338 827
339 826
340 827
341 827
342 826
343 825
344 826
345 826
346 827
347 826
348 827
349 826
350 826
351 827
352 826
353 826
354 826
355 827
356 826
357 826
358 826
359 827
360 827
361 826
362 826
363 827
364 827
365 827
366 827
367 826
368 827
369 827
370 827
371 827
372 826
373 827
374 827
375 826
376 827
377 827
378 826
379 827
380 827
381 826
382 827
383 826
384 827
385 826
386 826
387 826
388 825
389 827
390 827
391 827
392 827
393 828
394 826
395 827
396 828
397 827
398 827
399 826
400 827
401 827
402 827
403 827
404 827
405 827
406 827
407 826
408 826
409 826
410 826
411 827
412 826
413 826
414 827
415 827
416 827
417 827
418 827
419 827
420 827
421 827
422 827
423 827
424 826
425 826
426 827
427 827
428 826
429 827
430 826
431 826
432 827
433 827
434 826
435 827
436 827
437 827
438 827
439 827
440 827
441 827
442 827
443 827
444 826
445 828
446 827
447 827
448 827
449 827
450 826
451 827
452 827
453 826
454 827
455 827
456 826
457 828
458 827
459 827
460 827
461 826
462 827
463 827
464 827
465 827
466 827
467 827
468 827
469 827
470 828
471 826
472 826
473 826
474 825
475 827
476 827
477 826
478 827
479 826
480 827
481 827
482 827
483 827
484 828
485 828
486 827
487 826
488 827
489 828
490 826
491 827
492 827
493 827
494 826
495 825
496 826
497 826
498 827
499 827
500 827
501 826
502 826
503 827
504 827
505 827
506 826
507 827
508 826
509 827
510 828
511 827
512 827
513 826
514 826
515 827
516 826
517 827
518 827
519 827
520 827
521 827
522 827
523 827
524 826
525 827
526 827
527 827
528 827
529 827
530 827
531 827
532 827
533 826
534 827
535 828
536 827
537 827
538 826
539 827
540 826
541 826
542 826
543 825
544 827
545 827
546 827
547 826
548 827
549 826
550 827
551 826
552 826
553 827
554 827
555 827
556 826
557 827
558 826
559 826
560 826
561 827
562 827
563 828
564 827
565 827
566 827
567 826
568 826
569 826
570 826
571 826
572 827
573 827
574 826
575 826
576 827
577 827
578 826
579 827
580 826
581 827
582 826
583 826
584 826
585 827
586 827
587 826
588 827
589 826
590 826
591 827
592 826
593 826
594 827
595 826
596 827
597 827
598 827
599 827
600 826
601 827
602 826
603 826
604 826
605 827
606 826
607 826
608 826
609 826
610 826
611 827
612 826
613 826
614 826
615 826
616 826
617 826
618 826
619 827
620 827
621 827
622 826
623 826
624 826
625 826
626 826
627 827
628 826
629 826
630 826
631 827
632 827
633 827
634 827
635 826
636 827
637 827
638 827
639 827
640 827
641 827
642 827
643 827
644 827
645 826
646 827
647 827
648 826
649 826
650 827
651 826
652 827
653 827
654 826
655 827
656 827
657 828
658 827
659 827
660 827
661 826
662 827
663 827
664 827
665 826
666 826
667 826
668 827
669 827
670 827
671 826
672 827
673 826
674 826
675 827
676 826
677 827
678 827
679 827
680 827
681 827
682 827
683 827
684 828
685 828
686 827
687 828
688 827
689 827
690 827
691 826
692 827
693 827
694 826
695 827
696 826
697 827
698 827
699 826
700 827
701 827
702 828
703 826
704 827
705 827
706 827
707 827
708 827
709 827
710 827
711 827
712 827
713 826
714 827
715 827
716 827
717 827
718 827
719 827
720 826
721 826
722 827
723 827
724 828
725 828
726 827
727 827
728 827
729 826
730 827
731 827
732 826
733 827
734 826
735 826
736 827
737 826
738 827
739 827
740 826
741 827
742 827
743 827
744 827
745 827
746 827
747 826
748 827
749 826
750 826
751 827
752 826
753 826
754 827
755 827
756 826
757 826
758 827
759 827
760 827
761 827
762 827
763 826
764 826
765 826
766 826
767 827
768 826
769 826
770 828
771 828
772 826
773 826
774 827
775 827
776 826
777 826
778 827
779 827
780 827
781 827
782 827
783 826
784 826
785 827
786 827
787 826
788 826
789 826
790 826
791 827
792 826
793 826
794 826
795 827
796 827
797 826
798 827
799 827
800 826
801 826
802 826
803 826
804 826
805 826
806 827
807 827
808 826
809 826
810 826
811 825
812 826
813 826
814 825
815 826
816 826
817 826
818 826
819 826
820 827
821 827
822 827
823 827
824 826
825 827
826 827
827 828
828 827
829 826
830 827
831 827
832 826
833 827
834 828
835 826
836 827
837 827
838 827
839 827
840 827
841 827
842 826
843 827
844 827
845 827
846 827
847 826
848 827
849 828
850 827
851 828
852 826
853 826
854 827
855 826
856 826
857 827
858 827
859 827
860 827
861 828
862 827
863 827
864 827
865 826
866 827
867 827
868 828
869 827
870 827
871 828
872 827
873 827
874 827
875 827
876 828
877 828
878 828
879 827
880 827
881 828
882 828
883 828
884 828
885 828
886 828
887 828
888 828
889 843
890 895
891 984
892 1120
893 1279
894 1452
895 1618
896 1768
897 1895
898 2011
899 2109
900 2185
901 2246
902 2294
903 2329
904 2353
905 2366
906 2367
907 2366
908 2355
909 2339
910 2316
911 2289
912 2260
913 2229
914 2193
915 2156
916 2118
917 2079
918 2039
919 1996
920 1957
921 1917
922 1875
923 1837
924 1796
925 1756
926 1721
927 1682
928 1648
929 1610
930 1578
931 1544
932 1511
933 1478
934 1450
935 1421
936 1394
937 1366
938 1343
939 1318
940 1293
941 1272
942 1249
943 1228
944 1210
945 1190
946 1171
947 1153
948 1138
949 1123
950 1107
951 1092
952 1080
953 1067
954 1054
955 1043
956 1031
957 1020
958 1011
959 1000
960 992
961 981
962 973
963 964
964 959
965 953
966 947
967 941
968 934
969 930
970 923
971 917
972 911
973 907
974 902
975 899
976 896
977 892
978 888
979 885
980 882
981 879
982 876
983 874
984 871
985 869
986 867
987 865
988 861
989 859
990 858
991 856
992 855
993 853
994 853
995 852
996 850
997 848
998 846
999 845
1000 845
1001 844
1002 843
1003 842
1004 842
1005 841
1006 839
1007 839
1008 838
1009 838
1010 837
1011 836
1012 837
1013 836
1014 835
1015 835
1016 835
1017 834
1018 833
1019 833
1020 834
1021 834
1022 833
1023 833
1024 832
1025 832
1026 832
1027 831
1028 831
1029 831
1030 831
1031 831
1032 831
1033 831
1034 831
1035 831
1036 832
1037 831
1038 831
1039 832
1040 831
1041 831
1042 831
1043 831
1044 831
1045 830
1046 831
1047 831
1048 831
1049 830
1050 831
1051 831
1052 830
1053 831
1054 830
1055 830
1056 829
1057 831
1058 830
1059 830
1060 829
1061 830
1062 829
1063 829
1064 829
1065 829
1066 829
1067 830
1068 829
1069 828
1070 829
1071 828
1072 828
1073 829
1074 829
1075 829
1076 829
1077 830
1078 830
1079 829
1080 829
1081 828
1082 829
1083 830
1084 829
1085 830
1086 829
1087 828
1088 829
1089 828
1090 829
1091 828
1092 829
1093 829
1094 829
1095 829
1096 829
1097 828
1098 828
1099 828
1100 829
1101 828
1102 829
1103 829
1104 829
1105 828
1106 829
1107 829
1108 829
1109 828
1110 828
1111 829
1112 828
1113 829
1114 829
1115 828
1116 828
1117 828
1118 828
1119 828
1120 829
1121 828
1122 828
1123 828
1124 829
1125 827
1126 828
1127 828
1128 829
1129 829
1130 828
1131 828
1132 827
1133 828
1134 828
1135 828
1136 828
1137 828
1138 828
1139 828
1140 828
1141 828
1142 828
1143 828
1144 828
1145 828
1146 828
1147 827
1148 828
1149 828
1150 828
1151 828
1152 828
1153 828
1154 828
1155 828
1156 827
1157 828
1158 828
1159 828
1160 829
1161 828
1162 827
1163 829
1164 828
1165 828
1166 828
1167 828
1168 827
1169 828
1170 828
1171 828
1172 828
1173 828
1174 827
1175 827
1176 827
1177 828
1178 827
1179 827
1180 828
1181 827
1182 828
1183 828
1184 828
1185 828
1186 827
1187 828
1188 828
1189 828
1190 827
1191 828
1192 828
1193 827
1194 827
1195 827
1196 828
1197 828
1198 827
1199 827
1200 827
1201 828
1202 828
1203 828
1204 827
1205 827
1206 827
1207 827
1208 827
1209 827
1210 827
1211 827
1212 828
1213 828
1214 827
1215 827
1216 828
1217 827
1218 827
1219 827
1220 827
1221 826
1222 826
1223 827
1224 828
1225 827
1226 827
1227 827
1228 827
1229 828
1230 827
1231 828
1232 827
1233 827
1234 827
1235 827
1236 827
1237 827
1238 827
1239 827
1240 827
1241 827
1242 828
1243 827
1244 827
1245 826
1246 827
1247 827
1248 827
1249 826
1250 827
1251 827
1252 827
1253 828
1254 828
1255 827
1256 826
1257 827
1258 827
1259 827
1260 827
1261 827
1262 827
1263 827
1264 828
1265 827
1266 827
1267 826
1268 828
1269 828
1270 827
1271 827
1272 826
1273 827
1274 827
1275 827
1276 827
1277 827
1278 827
1279 826
1280 826
1281 826
1282 827
1283 826
1284 827
1285 827
1286 827
1287 828
1288 827
1289 827
1290 826
1291 826
1292 825
1293 826
1294 827
1295 827
1296 827
1297 827
1298 826
1299 827
1300 827
1301 827
1302 827
1303 827
1304 826
1305 826
1306 827
1307 827
1308 827
1309 826
1310 826
1311 827
1312 826
1313 827
1314 827
1315 826
1316 827
1317 826
1318 826
1319 825
1320 826
1321 826
1322 826
1323 827
1324 826
1325 826
1326 826
1327 826
1328 826
1329 826
1330 826
1331 826
1332 827
1333 827
1334 826
1335 826
1336 825
1337 825
1338 827
1339 826
1340 826
1341 828
1342 826
1343 826
1344 826
1345 825
1346 826
1347 826
1348 826
1349 826
1350 826
1351 826
1352 826
1353 826
1354 826
1355 825
1356 825
1357 825
1358 825
1359 826
1360 826
1361 825
1362 826
1363 827
1364 826
1365 825
1366 827
1367 827
1368 826
1369 827
1370 826
1371 827
1372 826
1373 826
1374 826
1375 826
1376 827
1377 826
1378 826
1379 826
1380 826
1381 826
1382 825
1383 827
1384 826
1385 826
1386 826
1387 826
1388 827
1389 826
1390 826
1391 826
1392 826
1393 827
1394 826
1395 826
1396 826
1397 826
1398 826
1399 826
1400 826
1401 826
1402 827
1403 827
1404 827
1405 826
1406 826
1407 825
1408 827
1409 827
1410 827
1411 827
1412 826
1413 827
1414 826
1415 826
1416 826
1417 827
1418 827
1419 827
1420 826
1421 826
1422 825
1423 826
1424 827
1425 827
1426 827
1427 826
1428 827
1429 828
1430 827
1431 827
1432 827
1433 826
1434 826
1435 827
1436 827
1437 827
1438 827
1439 826
1440 826
1441 827
1442 826
1443 826
1444 826
1445 826
1446 826
1447 826
1448 826
1449 827
1450 826
1451 826
1452 826
1453 827
1454 827
1455 826
1456 826
1457 826
1458 827
1459 827
1460 826
1461 827
1462 826
1463 826
1464 827
1465 826
1466 826
1467 825
1468 826
1469 826
1470 827
1471 827
1472 827
1473 826
1474 827
1475 826
1476 827
1477 826
1478 826
1479 826
1480 826
1481 826
1482 826
1483 826
1484 827
1485 827
1486 826
1487 827
1488 826
1489 827
1490 827
1491 827
1492 826
1493 826
1494 826
1495 826
1496 826
1497 827
1498 827
1499 827
1500 826
1501 827
1502 826
1503 826
1504 825
1505 826
1506 826
1507 825
1508 826
1509 826
1510 826
1511 827
1512 826
1513 826
1514 826
1515 825
1516 825
1517 825
1518 826
1519 825
1520 827
1521 828
1522 827
1523 825
1524 826
1525 826
1526 826
1527 825
1528 825
1529 826
1530 826
1531 826
1532 826
1533 826
1534 826
1535 825
1536 826
1537 827
1538 826
1539 825
1540 827
1541 825
1542 826
1543 826
1544 826
1545 826
1546 825
1547 826
1548 826
1549 827
1550 827
1551 827
1552 826
1553 825
1554 826
1555 826
1556 827
1557 826
1558 827
1559 826
1560 826
1561 826
1562 826
1563 826
1564 825
1565 825
1566 826
1567 826
1568 826
1569 826
1570 826
1571 826
1572 827
1573 826
1574 826
1575 826
1576 827
1577 826
1578 826
1579 826
1580 826
1581 826
1582 826
1583 826
1584 825
1585 826
1586 826
1587 826
1588 826
1589 826
1590 825
1591 826
1592 826
1593 826
1594 825
1595 826
1596 826
1597 827
1598 827
1599 826
1600 827
1601 827
1602 826
1603 827
1604 826
1605 825
1606 826
1607 826
1608 827
1609 826
1610 825
1611 826
1612 826
1613 826
1614 826
1615 826
1616 826
1617 827
1618 826
1619 826
1620 827
1621 826
1622 826
1623 826
1624 826
1625 827
1626 826
1627 826
1628 827
1629 827
1630 827
1631 826
1632 827
1633 826
1634 826
1635 827
1636 827
1637 827
1638 827
1639 826
1640 827
1641 826
1642 826
1643 826
1644 826
1645 826
1646 826
1647 826
1648 826
1649 827
1650 826
1651 826
1652 826
1653 826
1654 827
1655 827
1656 826
1657 826
1658 826
1659 826
1660 826
1661 826
1662 826
1663 826
1664 825
1665 825
1666 826
1667 825
1668 826
1669 826
1670 827
1671 826
1672 826
1673 827
1674 827
1675 825
1676 825
1677 827
1678 826
1679 826
1680 826
1681 826
1682 827
1683 826
1684 826
1685 826
1686 826
1687 826
1688 826
1689 826
1690 826
1691 826
1692 827
1693 827
1694 826
1695 827
1696 827
1697 826
1698 827
1699 827
1700 826
1701 827
1702 827
1703 826
1704 826
1705 827
1706 827
1707 825
1708 826
1709 826
1710 826
1711 826
1712 825
1713 826
1714 827
1715 826
1716 826
1717 827
1718 826
1719 827
1720 827
1721 826
1722 826
1723 827
1724 827
1725 826
1726 826
1727 826
1728 825
1729 826
1730 827
1731 827
1732 827
1733 827
1734 826
1735 827
1736 827
1737 826
1738 827
1739 826
1740 826
1741 827
1742 826
1743 825
1744 826
1745 826
1746 826
1747 827
1748 826
1749 826
1750 826
1751 826
1752 826
1753 826
1754 825
1755 827
1756 827
1757 826
1758 826
1759 827
1760 827
1761 827
1762 826
1763 826
1764 826
1765 827
1766 827
1767 827
1768 827
1769 827
1770 827
1771 827
1772 827
1773 826
1774 826
1775 826
1776 827
1777 827
1778 826
1779 827
1780 827
1781 827
1782 827
1783 827
1784 827
1785 827
1786 826
1787 827
1788 827
1789 827
1790 828
1791 827
1792 828
1793 827
1794 827
1795 826
1796 827
1797 827
1798 827
1799 827
1800 827
1801 827
1802 827
1803 828
1804 827
1805 827
1806 827
1807 829
1808 828
1809 828
1810 828
1811 828
1812 827
1813 828
1814 827
1815 827
1816 828
1817 829
1818 828
1819 828
1820 827
1821 828
1822 827
1823 827
1824 828
1825 827
1826 828
1827 827
1828 828
1829 828
1830 826
1831 827
1832 827
1833 827
1834 827
1835 828
1836 828
1837 828
1838 828
1839 827
1840 827
1841 827
1842 828
1843 831
1844 864
1845 934
1846 1043
1847 1196
1848 1363
1849 1534
1850 1694
1851 1838
1852 1956
1853 2061
1854 2147
1855 2218
1856 2272
1857 2313
1858 2344
1859 2360
1860 2367
1861 2367
1862 2360
1863 2347
1864 2328
1865 2303
1866 2275
1867 2244
1868 2212
1869 2174
1870 2138
1871 2100
1872 2059
1873 2018
1874 1978
1875 1937
1876 1895
1877 1855
1878 1816
1879 1777
1880 1738
1881 1702
1882 1664
1883 1627
1884 1594
1885 1560
1886 1528
1887 1495
1888 1466
1889 1436
1890 1407
1891 1381
1892 1354
1893 1331
1894 1306
1895 1283
1896 1260
1897 1237
1898 1218
1899 1201
1900 1180
1901 1162
1902 1146
1903 1131
1904 1115
1905 1099
1906 1087
1907 1074
1908 1062
1909 1048
1910 1036
1911 1026
1912 1015
1913 1006
1914 996
1915 987
1916 979
1917 970
1918 962
1919 956
1920 950
1921 944
1922 937
1923 931
1924 925
1925 920
1926 915
1927 910
1928 905
1929 901
1930 898
1931 894
1932 891
1933 887
1934 884
1935 881
1936 877
1937 876
1938 873
1939 871
1940 868
1941 866
1942 864
1943 861
1944 859
1945 858
1946 856
1947 854
1948 853
1949 852
1950 851
1951 848
1952 847
1953 846
1954 845
1955 845
1956 844
1957 843
1958 842
1959 842
1960 841
1961 840
1962 840
1963 839
1964 839
1965 838
1966 837
1967 836
1968 837
1969 836
1970 835
1971 835
1972 833
1973 834
1974 835
1975 833
1976 833
1977 834
1978 833
1979 833
1980 832
1981 831
1982 832
1983 832
1984 831
1985 831
1986 832
1987 831
1988 831
1989 832
1990 831
1991 832
1992 830
1993 830
1994 832
1995 831
1996 831
1997 831
1998 831
1999 831
2000 831
2001 830
2002 831
2003 831
2004 831
2005 831
2006 830
2007 830
2008 830
2009 830
2010 830
2011 831
2012 830
2013 830
2014 829
2015 831
2016 829
2017 830
2018 831
2019 830
2020 829
2021 830
2022 831
2023 830
2024 829
2025 829
2026 830
2027 830
2028 830
2029 830
2030 830
2031 829
2032 829
2033 830
2034 830
2035 830
2036 830
2037 830
2038 829
2039 830
2040 830
2041 829
2042 829
2043 830
2044 830
2045 829
2046 831
2047 829
