0.00000
0.00000
0.00000
0.00000
0.00000
0.00000
0.00000
0.00000
0.00000
0.00000
0.00000
0.00000
0.00000
0.00000
0.00000
0.00000
0.00000
0.00000
0.00000
0.00000
0.00000
0.00000
0.00000
0.00000
0.00000
0.00000
0.00000
0.00000
0.00000
0.00000
0.00000
0.00000
0.00000
0.00000
0.00000
0.00000
0.00000
0.00000
0.00000
0.00000
0.00000
0.00000
0.00000
0.00000
0.00000
0.00000
0.00000
0.00000
0.00000
0.00000
0.00000
0.00000
0.00000
0.00000
0.00000
0.00000
0.00000
0.00000
0.00000
0.00000
0.00000
0.00000
0.00000
0.00000
0.00000
0.00000
0.00000
0.00000
0.00000
0.00000
0.00000
0.00000
0.00000
13.00000
716.00000
586.00000
516.00000
531.00000
547.00000
564.00000
488.00000
540.00000
569.00000
522.00000
525.00000
523.00000
563.00000
564.00000
590.00000
680.00000
645.00000
665.00000
767.00000
795.00000
778.00000
884.00000
917.00000
978.00000
1079.00000
1118.00000
1186.00000
1213.00000
1395.00000
1501.00000
1651.00000
1697.00000
1793.00000
1864.00000
2010.00000
2134.00000
2205.00000
2325.00000
2292.00000
2434.00000
2486.00000
2505.00000
2510.00000
2716.00000
2688.00000
2819.00000
2870.00000
2891.00000
2857.00000
2920.00000
2936.00000
2893.00000
2829.00000
2964.00000
2944.00000
2815.00000
2755.00000
2825.00000
2921.00000
2937.00000
2875.00000
2827.00000
2883.00000
2834.00000
2766.00000
2775.00000
2782.00000
2822.00000
2774.00000
2713.00000
2711.00000
2696.00000
2801.00000
2652.00000
2677.00000
2593.00000
2500.00000
2532.00000
2544.00000
2343.00000
2353.00000
2370.00000
2174.00000
2171.00000
2061.00000
1956.00000
1870.00000
1828.00000
1810.00000
1653.00000
1604.00000
1536.00000
1505.00000
1329.00000
1254.00000
1175.00000
1083.00000
1039.00000
1041.00000
983.00000
915.00000
831.00000
788.00000
743.00000
767.00000
684.00000
624.00000
594.00000
596.00000
555.00000
509.00000
465.00000
422.00000
413.00000
429.00000
371.00000
383.00000
341.00000
342.00000
298.00000
252.00000
269.00000
234.00000
255.00000
222.00000
189.00000
188.00000
178.00000
171.00000
144.00000
160.00000
149.00000
142.00000
140.00000
144.00000
130.00000
159.00000
143.00000
123.00000
121.00000
139.00000
112.00000
130.00000
107.00000
136.00000
126.00000
129.00000
143.00000
128.00000
112.00000
91.00000
106.00000
91.00000
101.00000
86.00000
96.00000
91.00000
76.00000
82.00000
71.00000
68.00000
55.00000
59.00000
60.00000
51.00000
49.00000
30.00000
33.00000
41.00000
27.00000
21.00000
29.00000
20.00000
23.00000
15.00000
21.00000
18.00000
17.00000
13.00000
12.00000
10.00000
10.00000
16.00000
9.00000
5.00000
5.00000
8.00000
6.00000
8.00000
6.00000
6.00000
5.00000
8.00000
10.00000
6.00000
6.00000
6.00000
7.00000
5.00000
1.00000
8.00000
7.00000
8.00000
10.00000
2.00000
7.00000
8.00000
7.00000
2.00000
6.00000
6.00000
2.00000
6.00000
3.00000
4.00000
3.00000
6.00000
5.00000
3.00000
3.00000
5.00000
1.00000
6.00000
6.00000
6.00000
3.00000
2.00000
2.00000
3.00000
0.00000
3.00000
1.00000
6.00000
3.00000
3.00000
0.00000
3.00000
2.00000
3.00000
3.00000
2.00000
5.00000
3.00000
0.00000
3.00000
2.00000
3.00000
2.00000
1.00000
0.00000
0.00000
3.00000
4.00000
3.00000
2.00000
3.00000
1.00000
2.00000
0.00000
1.00000
1.00000
0.00000
0.00000
2.00000
3.00000
1.00000
1.00000
2.00000
4.00000
1.00000
1.00000
4.00000
0.00000
6.00000
4.00000
2.00000
1.00000
4.00000
4.00000
5.00000
2.00000
7.00000
0.00000
4.00000
4.00000
5.00000
1.00000
5.00000
1.00000
3.00000
3.00000
8.00000
4.00000
3.00000
0.00000
0.00000
4.00000
6.00000
10.00000
7.00000
5.00000
1.00000
7.00000
4.00000
7.00000
8.00000
8.00000
8.00000
5.00000
6.00000
8.00000
5.00000
12.00000
7.00000
6.00000
5.00000
9.00000
9.00000
11.00000
5.00000
9.00000
6.00000
4.00000
16.00000
11.00000
7.00000
14.00000
4.00000
6.00000
10.00000
12.00000
7.00000
8.00000
3.00000
20.00000
10.00000
16.00000
11.00000
14.00000
12.00000
13.00000
20.00000
11.00000
12.00000
16.00000
16.00000
13.00000
13.00000
15.00000
12.00000
10.00000
14.00000
10.00000
8.00000
11.00000
15.00000
10.00000
11.00000
6.00000
7.00000
6.00000
11.00000
16.00000
8.00000
4.00000
9.00000
7.00000
9.00000
10.00000
13.00000
15.00000
18.00000
8.00000
12.00000
10.00000
17.00000
16.00000
11.00000
15.00000
17.00000
11.00000
18.00000
19.00000
22.00000
17.00000
23.00000
14.00000
29.00000
28.00000
37.00000
35.00000
35.00000
33.00000
41.00000
48.00000
60.00000
58.00000
53.00000
55.00000
84.00000
64.00000
77.00000
94.00000
101.00000
104.00000
118.00000
98.00000
105.00000
103.00000
134.00000
129.00000
134.00000
127.00000
124.00000
128.00000
137.00000
126.00000
124.00000
112.00000
138.00000
124.00000
118.00000
105.00000
122.00000
97.00000
105.00000
94.00000
82.00000
80.00000
87.00000
76.00000
63.00000
63.00000
49.00000
59.00000
59.00000
39.00000
41.00000
39.00000
31.00000
24.00000
20.00000
17.00000
22.00000
13.00000
8.00000
14.00000
18.00000
7.00000
5.00000
8.00000
7.00000
3.00000
4.00000
3.00000
4.00000
3.00000
2.00000
4.00000
0.00000
1.00000
1.00000
0.00000
0.00000
1.00000
1.00000
2.00000
0.00000
0.00000
1.00000
0.00000
0.00000
0.00000
0.00000
1.00000
0.00000
0.00000
0.00000
0.00000
0.00000
0.00000
1.00000
0.00000
0.00000
0.00000
0.00000
0.00000
0.00000
0.00000
0.00000
0.00000
0.00000
0.00000
0.00000
0.00000
0.00000
0.00000
0.00000
0.00000
2.00000
1.00000
0.00000
0.00000
0.00000
0.00000
0.00000
0.00000
0.00000
0.00000
0.00000
0.00000
0.00000
0.00000
0.00000
0.00000
0.00000
0.00000
0.00000
1.00000
0.00000
0.00000
0.00000
0.00000
0.00000
0.00000
0.00000
0.00000
0.00000
0.00000
0.00000
0.00000
0.00000
0.00000
0.00000
0.00000
0.00000
0.00000
1.00000
0.00000
0.00000
0.00000
0.00000
0.00000
0.00000
0.00000
0.00000
0.00000
0.00000
0.00000
0.00000
0.00000
0.00000
0.00000
0.00000
0.00000
0.00000
0.00000
1.00000
0.00000
0.00000
0.00000
0.00000
0.00000
0.00000
0.00000
0.00000
1.00000
2.00000
0.00000
0.00000
0.00000
0.00000
0.00000
0.00000
0.00000
0.00000
0.00000
0.00000
0.00000
0.00000
0.00000
0.00000
0.00000
1.00000
0.00000
0.00000
0.00000
0.00000
1.00000
0.00000
0.00000
1.00000
0.00000
0.00000
0.00000
0.00000
1.00000
0.00000
0.00000
0.00000
0.00000
0.00000
0.00000
0.00000
0.00000
0.00000
0.00000
0.00000
0.00000
0.00000
0.00000
0.00000
0.00000
0.00000
0.00000
0.00000
0.00000
0.00000
0.00000
0.00000
0.00000
0.00000
0.00000
0.00000
0.00000
0.00000
0.00000
0.00000
0.00000
0.00000
0.00000
0.00000
0.00000
0.00000
0.00000
0.00000
0.00000
0.00000
0.00000
0.00000
0.00000
0.00000
0.00000
0.00000
0.00000
0.00000
0.00000
0.00000
0.00000
0.00000
0.00000
0.00000
0.00000
0.00000
0.00000
0.00000
0.00000
0.00000
0.00000
0.00000
0.00000
0.00000
0.00000
0.00000
0.00000
0.00000
0.00000
0.00000
0.00000
0.00000
0.00000
0.00000
0.00000
0.00000
0.00000
0.00000
0.00000
0.00000
0.00000
0.00000
0.00000
0.00000
0.00000
0.00000
0.00000
0.00000
0.00000
0.00000
0.00000
1.00000
0.00000
0.00000
0.00000
0.00000
0.00000
0.00000
0.00000
0.00000
0.00000
0.00000
0.00000
0.00000
0.00000
0.00000
0.00000
0.00000
0.00000
0.00000
0.00000
0.00000
0.00000
0.00000
0.00000
0.00000
0.00000
0.00000
0.00000
0.00000
0.00000
0.00000
0.00000
0.00000
0.00000
0.00000
0.00000
0.00000
0.00000
0.00000
0.00000
0.00000
0.00000
0.00000
0.00000
0.00000
0.00000
0.00000
0.00000
0.00000
0.00000
0.00000
0.00000
0.00000
0.00000
0.00000
0.00000
0.00000
1.00000
0.00000
0.00000
0.00000
0.00000
0.00000
1.00000
0.00000
0.00000
0.00000
0.00000
0.00000
0.00000
0.00000
0.00000
0.00000
0.00000
0.00000
0.00000
0.00000
0.00000
0.00000
0.00000
0.00000
0.00000
0.00000
0.00000
0.00000
0.00000
0.00000
0.00000
0.00000
0.00000
0.00000
0.00000
0.00000
0.00000
1.00000
0.00000
0.00000
0.00000
0.00000
0.00000
0.00000
0.00000
0.00000
0.00000
0.00000
0.00000
0.00000
0.00000
0.00000
0.00000
0.00000
1.00000
0.00000
0.00000
0.00000
0.00000
0.00000
0.00000
0.00000
0.00000
0.00000
0.00000
0.00000
0.00000
0.00000
0.00000
0.00000
0.00000
0.00000
1.00000
0.00000
0.00000
0.00000
0.00000
0.00000
0.00000
0.00000
0.00000
0.00000
0.00000
0.00000
0.00000
0.00000
0.00000
0.00000
0.00000
0.00000
0.00000
0.00000
0.00000
1.00000
0.00000
0.00000
0.00000
0.00000
0.00000
0.00000
0.00000
0.00000
0.00000
0.00000
0.00000
0.00000
0.00000
0.00000
0.00000
0.00000
0.00000
0.00000
0.00000
0.00000
0.00000
0.00000
0.00000
0.00000
0.00000
0.00000
0.00000
0.00000
0.00000
0.00000
0.00000
0.00000
1.00000
0.00000
0.00000
0.00000
0.00000
0.00000
0.00000
0.00000
0.00000
0.00000
0.00000
1.00000
0.00000
0.00000
0.00000
0.00000
0.00000
0.00000
0.00000
0.00000
0.00000
0.00000
0.00000
0.00000
0.00000
0.00000
0.00000
0.00000
0.00000
0.00000
0.00000
0.00000
0.00000
0.00000
0.00000
0.00000
0.00000
0.00000
0.00000
0.00000
0.00000
0.00000
0.00000
0.00000
0.00000
0.00000
0.00000
0.00000
0.00000
0.00000
0.00000
0.00000
0.00000
0.00000
0.00000
0.00000
0.00000
0.00000
0.00000
1.00000
0.00000
0.00000
0.00000
0.00000
0.00000
0.00000
0.00000
0.00000
0.00000
0.00000
0.00000
0.00000
0.00000
0.00000
0.00000
0.00000
0.00000
0.00000
