1 824
2 796
3 785
4 778
5 777
6 774
7 774
8 773
9 773
10 773
11 772
12 771
13 771
14 771
15 771
16 770
17 771
18 770
19 770
20 769
21 768
22 768
23 769
24 769
25 769
26 769
27 769
28 768
29 768
30 768
31 767
32 767
33 767
34 767
35 765
36 767
37 765
38 766
39 765
40 765
41 766
42 767
43 767
44 767
45 765
46 765
47 765
48 766
49 766
50 766
51 766
52 766
53 767
54 766
55 765
56 766
57 766
58 766
59 765
60 767
61 765
62 766
63 766
64 766
65 766
66 766
67 765
68 764
69 766
70 766
71 767
72 765
73 765
74 765
75 765
76 765
77 765
78 766
79 765
80 765
81 764
82 764
83 765
84 764
85 765
86 765
87 765
88 765
89 764
90 765
91 765
92 910
93 2622
94 3336
95 3645
96 3778
97 3839
98 3866
99 3879
100 3884
101 3887
102 3888
103 3890
104 3890
105 3891
106 3890
107 3893
108 3893
109 3893
110 3892
111 3894
112 3893
113 3895
114 3894
115 3895
116 3896
117 3895
118 3896
119 3898
120 3897
121 3897
122 3898
123 3899
124 3899
125 3898
126 3899
127 3900
128 3901
129 3901
130 3902
131 3901
132 3903
133 3902
134 3903
135 3901
136 3903
137 3901
138 3900
139 3901
140 3901
141 3900
142 3901
143 3901
144 3902
145 3900
146 3900
147 3901
148 3901
149 3902
150 3902
151 3901
152 3901
153 3900
154 3903
155 3902
156 3900
157 3901
158 3900
159 3900
160 3900
161 3901
162 3901
163 3901
164 3898
165 3900
166 3900
167 3901
168 3901
169 3903
170 3900
171 3903
172 3901
173 3901
174 3901
175 3903
176 3901
177 3901
178 3900
179 3902
180 3900
181 3902
182 3901
183 3901
184 3901
185 3901
186 3901
187 3899
188 2001
189 1288
190 991
191 867
192 818
193 793
194 783
195 778
196 775
197 773
198 774
199 772
200 771
201 770
202 771
203 770
204 771
205 770
206 769
207 770
208 769
209 768
210 770
211 770
212 769
213 770
214 770
215 768
216 769
217 769
218 767
219 767
220 767
221 767
222 767
223 768
224 767
225 766
226 767
227 768
228 767
229 766
230 766
231 767
232 766
233 766
234 766
235 766
236 766
237 766
238 766
239 766
240 766
241 766
242 765
243 766
244 765
245 765
246 766
247 767
248 767
249 767
250 766
251 765
252 765
253 767
254 767
255 766
256 767
257 766
258 767
259 766
260 766
261 765
262 766
263 765
264 765
265 764
266 765
267 766
268 766
269 766
270 766
271 764
272 765
273 766
274 765
275 767
276 765
277 765
278 765
279 764
280 765
281 765
282 765
283 923
284 2620
285 3335
286 3646
287 3778
288 3839
289 3866
290 3879
291 3883
292 3887
293 3889
294 3890
295 3889
296 3891
297 3891
298 3891
299 3892
300 3892
301 3893
302 3893
303 3894
304 3895
305 3895
306 3894
307 3896
308 3895
309 3898
310 3899
311 3900
312 3898
313 3899
314 3898
315 3900
316 3899
317 3900
318 3900
319 3900
320 3900
321 3900
322 3899
323 3901
324 3900
325 3901
326 3901
327 3901
328 3901
329 3901
330 3900
331 3902
332 3902
333 3902
334 3902
335 3902
336 3902
337 3903
338 3903
339 3901
340 3901
341 3901
342 3900
343 3900
344 3901
345 3900
346 3900
347 3900
348 3901
349 3900
350 3902
351 3900
352 3901
353 3900
354 3901
355 3899
356 3900
357 3898
358 3900
359 3901
360 3902
361 3900
362 3901
363 3902
364 3902
365 3900
366 3900
367 3902
368 3902
369 3902
370 3901
371 3902
372 3901
373 3901
374 3902
375 3902
376 3901
377 3902
378 3901
379 1956
380 1269
381 981
382 862
383 815
384 792
385 783
386 778
387 776
388 774
389 774
390 773
391 772
392 771
393 771
394 771
395 770
396 770
397 770
398 771
399 770
400 770
401 770
402 769
403 769
404 769
405 770
406 769
407 769
408 769
409 769
410 768
411 768
412 767
413 768
414 767
415 767
416 767
417 767
418 766
419 765
420 766
421 766
422 765
423 766
424 766
425 766
426 767
427 767
428 767
429 767
430 767
431 766
432 766
433 766
434 766
435 765
436 766
437 765
438 766
439 766
440 767
441 766
442 767
443 765
444 766
445 765
446 766
447 766
448 766
449 766
450 767
451 766
452 765
453 765
454 765
455 765
456 765
457 765
458 766
459 764
460 765
461 765
462 764
463 765
464 766
465 765
466 766
467 767
468 766
469 765
470 765
471 765
472 765
473 764
474 924
475 2618
476 3335
477 3648
478 3780
479 3842
480 3867
481 3880
482 3888
483 3888
484 3890
485 3891
486 3892
487 3893
488 3893
489 3894
490 3895
491 3894
492 3894
493 3894
494 3896
495 3895
496 3897
497 3896
498 3897
499 3895
500 3898
501 3898
502 3899
503 3898
504 3900
505 3899
506 3900
507 3899
508 3901
509 3900
510 3902
511 3902
512 3902
513 3901
514 3901
515 3903
516 3900
517 3902
518 3901
519 3901
520 3901
521 3902
522 3902
523 3903
524 3902
525 3902
526 3901
527 3902
528 3900
529 3900
530 3902
531 3901
532 3899
533 3900
534 3898
535 3902
536 3901
537 3900
538 3899
539 3901
540 3900
541 3901
542 3899
543 3901
544 3899
545 3899
546 3900
547 3901
548 3900
549 3900
550 3901
551 3900
552 3901
553 3901
554 3902
555 3900
556 3900
557 3901
558 3900
559 3901
560 3902
561 3901
562 3901
563 3900
564 3901
565 3900
566 3902
567 3901
568 3902
569 3902
570 1947
571 1265
572 980
573 862
574 815
575 793
576 783
577 779
578 775
579 775
580 774
581 773
582 772
583 771
584 770
585 770
586 770
587 771
588 771
589 770
590 769
591 770
592 769
593 769
594 769
595 769
596 769
597 769
598 768
599 769
600 768
601 769
602 768
603 767
604 767
605 767
606 768
607 768
608 768
609 767
610 767
611 766
612 765
613 767
614 766
615 766
616 767
617 766
618 765
619 766
620 767
621 767
622 766
623 767
624 767
625 766
626 766
627 766
628 766
629 766
630 766
631 766
632 767
633 767
634 767
635 767
636 765
637 765
638 766
639 766
640 765
641 765
642 765
643 765
644 766
645 765
646 766
647 766
648 766
649 765
650 765
651 765
652 766
653 765
654 766
655 765
656 766
657 767
658 766
659 765
660 765
661 765
662 765
663 766
664 766
665 925
666 2618
667 3337
668 3647
669 3781
670 3840
671 3868
672 3881
673 3888
674 3890
675 3891
676 3892
677 3894
678 3893
679 3894
680 3893
681 3895
682 3894
683 3895
684 3894
685 3896
686 3896
687 3898
688 3896
689 3896
690 3896
691 3895
692 3896
693 3898
694 3899
695 3900
696 3900
697 3899
698 3900
699 3900
700 3901
701 3900
702 3900
703 3901
704 3902
705 3902
706 3903
707 3901
708 3902
709 3902
710 3903
711 3902
712 3903
713 3902
714 3901
715 3902
716 3903
717 3902
718 3903
719 3902
720 3903
721 3901
722 3903
723 3901
724 3903
725 3902
726 3901
727 3900
728 3903
729 3902
730 3901
731 3901
732 3902
733 3901
734 3901
735 3901
736 3901
737 3903
738 3900
739 3902
740 3901
741 3901
742 3902
743 3903
744 3901
745 3903
746 3902
747 3903
748 3901
749 3903
750 3903
751 3903
752 3902
753 3903
754 3902
755 3902
756 3901
757 3903
758 3903
759 3903
760 3902
761 1945
762 1265
763 979
764 862
765 814
766 792
767 783
768 779
769 776
770 774
771 774
772 773
773 772
774 769
775 770
776 771
777 770
778 770
779 770
780 771
781 771
782 771
783 769
784 770
785 769
786 770
787 769
788 769
789 769
790 770
791 768
792 768
793 768
794 768
795 767
796 768
797 767
798 768
799 767
800 767
801 767
802 766
803 767
804 767
805 767
806 767
807 766
808 767
809 765
810 767
811 767
812 766
813 766
814 766
815 767
816 767
817 766
818 768
819 768
820 767
821 766
822 767
823 766
824 766
825 766
826 766
827 766
828 765
829 767
830 766
831 765
832 767
833 766
834 765
835 765
836 764
837 766
838 765
839 765
840 765
841 765
842 765
843 767
844 765
845 766
846 767
847 765
848 766
849 766
850 765
851 765
852 764
853 765
854 764
855 765
856 1474
857 2851
858 3435
859 3688
860 3801
861 3849
862 3871
863 3880
864 3888
865 3888
866 3889
867 3891
868 3893
869 3891
870 3893
871 3892
872 3895
873 3892
874 3894
875 3894
876 3896
877 3894
878 3896
879 3895
880 3896
881 3897
882 3898
883 3897
884 3897
885 3897
886 3897
887 3898
888 3898
889 3899
890 3903
891 3903
892 3901
893 3901
894 3901
895 3902
896 3903
897 3903
898 3904
899 3903
900 3898
901 3902
902 3902
903 3904
904 3902
905 3903
906 3902
907 3902
908 3901
909 3901
910 3900
911 3900
912 3898
913 3899
914 3898
915 3899
916 3898
917 3899
918 3899
919 3897
920 3899
921 3898
922 3898
923 3898
924 3899
925 3899
926 3898
927 3898
928 3900
929 3898
930 3900
931 3901
932 3902
933 3900
934 3902
935 3901
936 3900
937 3902
938 3902
939 3903
940 3904
941 3901
942 3903
943 3902
944 3903
945 3902
946 3903
947 3903
948 3904
949 3903
950 3902
951 3801
952 2010
953 1293
954 992
955 868
956 815
957 792
958 783
959 778
960 776
961 774
962 772
963 772
964 773
965 772
966 771
967 772
968 771
969 771
970 771
971 772
972 770
973 770
974 770
975 768
976 770
977 769
978 769
979 770
980 769
981 769
982 769
983 768
984 769
985 768
986 768
987 768
988 767
989 767
990 767
991 767
992 767
993 767
994 767
995 768
996 767
997 767
998 766
999 766
1000 766
1001 767
1002 767
1003 766
1004 767
1005 765
1006 766
1007 767
1008 767
1009 766
1010 766
1011 766
1012 767
1013 766
1014 766
1015 767
1016 767
1017 766
1018 767
1019 766
1020 765
1021 766
1022 766
1023 766
1024 765
1025 767
1026 767
1027 767
1028 766
1029 765
1030 764
1031 765
1032 767
1033 766
1034 765
1035 764
1036 765
1037 765
1038 765
1039 765
1040 765
1041 765
1042 764
1043 764
1044 766
1045 765
1046 764
1047 2522
1048 3297
1049 3631
1050 3775
1051 3839
1052 3866
1053 3881
1054 3886
1055 3889
1056 3890
1057 3892
1058 3892
1059 3892
1060 3893
1061 3894
1062 3893
1063 3895
1064 3895
1065 3894
1066 3896
1067 3897
1068 3896
1069 3897
1070 3898
1071 3897
1072 3898
1073 3897
1074 3899
1075 3896
1076 3900
1077 3899
1078 3900
1079 3900
1080 3901
1081 3900
1082 3901
1083 3900
1084 3900
1085 3901
1086 3903
1087 3902
1088 3903
1089 3903
1090 3903
1091 3902
1092 3903
1093 3902
1094 3903
1095 3903
1096 3902
1097 3901
1098 3901
1099 3901
1100 3901
1101 3901
1102 3901
1103 3901
1104 3899
1105 3902
1106 3901
1107 3901
1108 3900
1109 3900
1110 3900
1111 3900
1112 3899
1113 3900
1114 3899
1115 3900
1116 3899
1117 3901
1118 3899
1119 3900
1120 3899
1121 3901
1122 3900
1123 3902
1124 3900
1125 3901
1126 3902
1127 3901
1128 3900
1129 3901
1130 3900
1131 3900
1132 3900
1133 3901
1134 3901
1135 3901
1136 3902
1137 3902
1138 3901
1139 3901
1140 3901
1141 3901
1142 3754
1143 2024
1144 1297
1145 994
1146 868
1147 817
1148 793
1149 783
1150 778
1151 775
1152 774
1153 773
1154 772
1155 772
1156 772
1157 772
1158 772
1159 771
1160 770
1161 770
1162 770
1163 770
1164 771
1165 770
1166 769
1167 770
1168 770
1169 770
1170 768
1171 769
1172 768
1173 768
1174 767
1175 767
1176 767
1177 768
1178 768
1179 767
1180 768
1181 767
1182 767
1183 766
1184 767
1185 767
1186 767
1187 767
1188 767
1189 767
1190 768
1191 766
1192 766
1193 765
1194 765
1195 766
1196 766
1197 766
1198 765
1199 766
1200 765
1201 766
1202 768
1203 766
1204 767
1205 766
1206 765
1207 765
1208 766
1209 766
1210 767
1211 767
1212 765
1213 766
1214 765
1215 765
1216 767
1217 766
1218 765
1219 765
1220 765
1221 765
1222 765
1223 765
1224 765
1225 765
1226 766
1227 765
1228 766
1229 765
1230 764
1231 766
1232 766
1233 766
1234 765
1235 765
1236 766
1237 766
1238 2675
1239 3359
1240 3655
1241 3783
1242 3843
1243 3868
1244 3879
1245 3886
1246 3890
1247 3891
1248 3891
1249 3891
1250 3891
1251 3894
1252 3893
1253 3893
1254 3893
1255 3896
1256 3894
1257 3895
1258 3896
1259 3896
1260 3896
1261 3898
1262 3898
1263 3899
1264 3897
1265 3898
1266 3898
1267 3899
1268 3900
1269 3900
1270 3900
1271 3899
1272 3900
1273 3901
1274 3900
1275 3901
1276 3901
1277 3901
1278 3900
1279 3902
1280 3901
1281 3902
1282 3901
1283 3901
1284 3902
1285 3900
1286 3901
1287 3901
1288 3902
1289 3900
1290 3902
1291 3902
1292 3901
1293 3901
1294 3902
1295 3901
1296 3900
1297 3901
1298 3902
1299 3900
1300 3901
1301 3900
1302 3901
1303 3900
1304 3902
1305 3900
1306 3900
1307 3900
1308 3900
1309 3900
1310 3902
1311 3902
1312 3899
1313 3899
1314 3900
1315 3901
1316 3901
1317 3901
1318 3903
1319 3902
1320 3902
1321 3901
1322 3902
1323 3902
1324 3901
1325 3900
1326 3901
1327 3900
1328 3901
1329 3901
1330 3900
1331 3902
1332 3901
1333 3749
1334 2028
1335 1299
1336 996
1337 868
1338 816
1339 792
1340 782
1341 778
1342 775
1343 774
1344 772
1345 773
1346 772
1347 771
1348 770
1349 770
1350 771
1351 770
1352 770
1353 770
1354 770
1355 769
1356 770
1357 770
1358 770
1359 770
1360 769
1361 770
1362 769
1363 768
1364 768
1365 769
1366 768
1367 768
1368 768
1369 768
1370 767
1371 767
1372 767
1373 767
1374 766
1375 767
1376 766
1377 765
1378 766
1379 767
1380 766
1381 767
1382 766
1383 765
1384 766
1385 767
1386 766
1387 766
1388 766
1389 766
1390 767
1391 766
1392 766
1393 766
1394 767
1395 765
1396 766
1397 765
1398 767
1399 767
1400 767
1401 767
1402 766
1403 767
1404 767
1405 766
1406 767
1407 767
1408 767
1409 767
1410 766
1411 766
1412 765
1413 766
1414 765
1415 765
1416 764
1417 765
1418 765
1419 765
1420 765
1421 765
1422 764
1423 765
1424 764
1425 766
1426 765
1427 765
1428 766
1429 2694
1430 3368
1431 3659
1432 3785
1433 3843
1434 3868
1435 3881
1436 3887
1437 3889
1438 3890
1439 3890
1440 3890
1441 3890
1442 3892
1443 3892
1444 3893
1445 3893
1446 3893
1447 3892
1448 3895
1449 3894
1450 3896
1451 3897
1452 3898
1453 3897
1454 3897
1455 3898
1456 3899
1457 3898
1458 3899
1459 3898
1460 3900
1461 3898
1462 3900
1463 3900
1464 3901
1465 3900
1466 3901
1467 3901
1468 3903
1469 3902
1470 3901
1471 3903
1472 3903
1473 3903
1474 3901
1475 3901
1476 3902
1477 3903
1478 3901
1479 3902
1480 3901
1481 3901
1482 3900
1483 3901
1484 3900
1485 3902
1486 3901
1487 3901
1488 3900
1489 3901
1490 3900
1491 3900
1492 3900
1493 3902
1494 3901
1495 3901
1496 3900
1497 3902
1498 3900
1499 3902
1500 3901
1501 3901
1502 3901
1503 3901
1504 3901
1505 3899
1506 3900
1507 3900
1508 3900
1509 3901
1510 3901
1511 3900
1512 3903
1513 3902
1514 3901
1515 3901
1516 3901
1517 3900
1518 3902
1519 3900
1520 3901
1521 3901
1522 3903
1523 3901
1524 3748
1525 2027
1526 1299
1527 994
1528 868
1529 815
1530 792
1531 782
1532 779
1533 775
1534 774
1535 773
1536 771
1537 771
1538 771
1539 771
1540 772
1541 771
1542 771
1543 770
1544 771
1545 771
1546 770
1547 769
1548 768
1549 769
1550 768
1551 769
1552 770
1553 768
1554 768
1555 768
1556 767
1557 767
1558 768
1559 767
1560 767
1561 767
1562 768
1563 767
1564 767
1565 767
1566 766
1567 766
1568 765
1569 766
1570 765
1571 766
1572 765
1573 767
1574 765
1575 766
1576 767
1577 765
1578 765
1579 766
1580 765
1581 765
1582 765
1583 765
1584 766
1585 766
1586 767
1587 767
1588 766
1589 766
1590 765
1591 766
1592 766
1593 767
1594 766
1595 764
1596 766
1597 767
1598 766
1599 766
1600 767
1601 766
1602 765
1603 764
1604 765
1605 765
1606 765
1607 766
1608 765
1609 765
1610 764
1611 766
1612 766
1613 767
1614 766
1615 765
1616 765
1617 766
1618 764
1619 764
1620 2697
1621 3369
1622 3659
1623 3786
1624 3843
1625 3868
1626 3879
1627 3886
1628 3889
1629 3891
1630 3891
1631 3891
1632 3890
1633 3893
1634 3892
1635 3893
1636 3893
1637 3895
1638 3894
1639 3895
1640 3896
1641 3896
1642 3896
1643 3897
1644 3898
1645 3899
1646 3898
1647 3898
1648 3898
1649 3900
1650 3900
1651 3900
1652 3900
1653 3900
1654 3900
1655 3900
1656 3901
1657 3901
1658 3902
1659 3902
1660 3902
1661 3902
1662 3902
1663 3902
1664 3902
1665 3901
1666 3903
1667 3903
1668 3903
1669 3901
1670 3902
1671 3901
1672 3902
1673 3902
1674 3903
1675 3900
1676 3901
1677 3900
1678 3901
1679 3899
1680 3900
1681 3899
1682 3900
1683 3900
1684 3900
1685 3900
1686 3901
1687 3900
1688 3900
1689 3900
1690 3900
1691 3901
1692 3899
1693 3899
1694 3901
1695 3901
1696 3901
1697 3901
1698 3900
1699 3902
1700 3901
1701 3902
1702 3901
1703 3901
1704 3902
1705 3903
1706 3902
1707 3902
1708 3903
1709 3903
1710 3901
1711 3902
1712 3902
1713 3903
1714 3902
1715 3747
1716 2026
1717 1299
1718 995
1719 869
1720 816
1721 793
1722 782
1723 777
1724 775
1725 774
1726 772
1727 772
1728 771
1729 770
1730 771
1731 770
1732 771
1733 770
1734 769
1735 770
1736 769
1737 769
1738 769
1739 769
1740 769
1741 769
1742 769
1743 769
1744 768
1745 769
1746 769
1747 768
1748 767
1749 768
1750 767
1751 767
1752 767
1753 767
1754 768
1755 768
1756 767
1757 765
1758 766
1759 767
1760 766
1761 765
1762 767
1763 767
1764 766
1765 766
1766 767
1767 766
1768 767
1769 766
1770 767
1771 766
1772 766
1773 765
1774 766
1775 765
1776 766
1777 766
1778 766
1779 767
1780 765
1781 764
1782 765
1783 765
1784 766
1785 766
1786 765
1787 764
1788 766
1789 766
1790 765
1791 767
1792 765
1793 767
1794 765
1795 765
1796 765
1797 765
1798 766
1799 766
1800 765
1801 766
1802 766
1803 765
1804 765
1805 765
1806 765
1807 765
1808 764
1809 765
1810 764
1811 2683
1812 3364
1813 3656
1814 3787
1815 3842
1816 3868
1817 3879
1818 3885
1819 3888
1820 3890
1821 3890
1822 3892
1823 3893
1824 3894
1825 3893
1826 3893
1827 3895
1828 3894
1829 3894
1830 3896
1831 3896
1832 3896
1833 3895
1834 3896
1835 3897
1836 3897
1837 3898
1838 3898
1839 3897
1840 3896
1841 3898
1842 3899
1843 3899
1844 3899
1845 3906
1846 3902
1847 3903
1848 3902
1849 3903
1850 3904
1851 3903
1852 3904
1853 3904
1854 3899
1855 3902
1856 3902
1857 3904
1858 3903
1859 3904
1860 3902
1861 3903
1862 3901
1863 3903
1864 3902
1865 3902
1866 3900
1867 3900
1868 3900
1869 3899
1870 3900
1871 3899
1872 3898
1873 3899
1874 3899
1875 3899
1876 3899
1877 3898
1878 3899
1879 3901
1880 3900
1881 3899
1882 3901
1883 3898
1884 3900
1885 3900
1886 3900
1887 3899
1888 3899
1889 3900
1890 3901
1891 3900
1892 3901
1893 3901
1894 3902
1895 3901
1896 3902
1897 3902
1898 3902
1899 3901
1900 3902
1901 3903
1902 3902
1903 3902
1904 3903
1905 3902
1906 2502
1907 1496
1908 1078
1909 901
1910 831
1911 799
1912 786
1913 780
1914 777
1915 775
1916 774
1917 773
1918 773
1919 772
1920 772
1921 771
1922 770
1923 771
1924 771
1925 771
1926 770
1927 770
1928 770
1929 771
1930 770
1931 770
1932 769
1933 769
1934 769
1935 769
1936 769
1937 769
1938 768
1939 768
1940 768
1941 767
1942 767
1943 767
1944 767
1945 768
1946 767
1947 767
1948 766
1949 767
1950 766
1951 767
1952 766
1953 765
1954 766
1955 766
1956 765
1957 766
1958 766
1959 766
1960 766
1961 766
1962 766
1963 766
1964 766
1965 766
1966 766
1967 766
1968 766
1969 766
1970 765
1971 766
1972 767
1973 766
1974 766
1975 767
1976 766
1977 767
1978 766
1979 765
1980 765
1981 766
1982 768
1983 765
1984 765
1985 766
1986 764
1987 764
1988 766
1989 766
1990 765
1991 765
1992 768
1993 767
1994 767
1995 766
1996 766
1997 766
1998 766
1999 766
2000 765
2001 901
2002 2624
2003 3339
2004 3647
2005 3779
2006 3839
2007 3866
2008 3878
2009 3886
2010 3888
2011 3889
2012 3890
2013 3890
2014 3892
2015 3893
2016 3891
2017 3892
2018 3893
2019 3894
2020 3894
2021 3895
2022 3896
2023 3896
2024 3896
2025 3896
2026 3897
2027 3897
2028 3897
2029 3898
2030 3898
2031 3898
2032 3900
2033 3898
2034 3900
2035 3899
2036 3901
2037 3900
2038 3901
2039 3901
2040 3903
2041 3900
2042 3902
2043 3902
2044 3902
2045 3902
2046 3901
2047 3901
