1 1457
2 1465
3 1469
4 1469
5 1469
6 1468
7 1471
8 1467
9 1470
10 1467
11 1467
12 1467
13 1469
14 1469
15 1471
16 1471
17 1471
18 1471
19 1467
20 1468
21 1469
22 1464
23 1471
24 1468
25 1469
26 1469
27 1471
28 1468
29 1468
30 1464
31 1467
32 1468
33 1468
34 1469
35 1469
36 1470
37 1465
38 1471
39 1471
40 1470
41 1469
42 1468
43 1470
44 1448
45 1462
46 1464
47 1466
48 1469
49 1469
50 1470
51 1469
52 1464
53 1467
54 1467
55 1467
56 1467
57 1468
58 1469
59 1466
60 1463
61 1467
62 1468
63 1469
64 1469
65 1469
66 1475
67 1472
68 1472
69 1469
70 1468
71 1469
72 1470
73 1469
74 1469
75 1470
76 1470
77 1470
78 1469
79 1468
80 1470
81 1466
82 1472
83 1470
84 1471
85 1471
86 1471
87 1472
88 1468
89 1471
90 1470
91 1470
92 1469
93 1470
94 1471
95 1470
96 1466
97 1468
98 1468
99 1466
100 1468
101 1468
102 1470
103 1474
104 1468
105 1470
106 1471
107 1470
108 1469
109 1471
110 1470
111 1468
112 1467
113 1467
114 1468
115 1468
116 1469
117 1468
118 1468
119 1471
120 1469
121 1467
122 1467
123 1469
124 1470
125 1480
126 1470
127 1471
128 1471
129 1471
130 1469
131 1468
132 1471
133 1470
134 1469
135 1467
136 1469
137 1468
138 1468
139 1468
140 1471
141 1471
142 1471
143 1471
144 1471
145 1470
146 1470
147 1471
148 1467
149 1469
150 1470
151 1470
152 1469
153 1470
154 1469
155 1470
156 1470
157 1468
158 1469
159 1468
160 1468
161 1469
162 1467
163 1468
164 1469
165 1469
166 1470
167 1470
168 1470
169 1466
170 1465
171 1468
172 1469
173 1468
174 1470
175 1469
176 1468
177 1470
178 1470
179 1469
180 1469
181 1468
182 1468
183 1468
184 1468
185 1470
186 1469
187 1469
188 1469
189 1471
190 1471
191 1455
192 1467
193 1469
194 1470
195 1470
196 1470
197 1470
198 1469
199 1471
200 1469
201 1469
202 1468
203 1468
204 1470
205 1469
206 1468
207 1466
208 1467
209 1468
210 1468
211 1468
212 1468
213 1459
214 1469
215 1469
216 1468
217 1465
218 1466
219 1468
220 1468
221 1467
222 1467
223 1469
224 1470
225 1471
226 1468
227 1469
228 1472
229 1472
230 1470
231 1470
232 1471
233 1470
234 1469
235 1481
236 1472
237 1471
238 1470
239 1470
240 1467
241 1468
242 1469
243 1471
244 1469
245 1467
246 1469
247 1469
248 1471
249 1467
250 1470
251 1470
252 1470
253 1470
254 1468
255 1469
256 1470
257 1484
258 1472
259 1471
260 1470
261 1469
262 1468
263 1469
264 1468
265 1471
266 1468
267 1466
268 1466
269 1467
270 1468
271 1469
272 1469
273 1470
274 1469
275 1468
276 1467
277 1466
278 1468
279 1462
280 1469
281 1467
282 1469
283 1468
284 1469
285 1468
286 1467
287 1469
288 1469
289 1470
290 1468
291 1469
292 1469
293 1469
294 1471
295 1470
296 1471
297 1470
298 1471
299 1468
300 1469
301 1483
302 1472
303 1471
304 1469
305 1470
306 1470
307 1471
308 1468
309 1468
310 1468
311 1469
312 1470
313 1471
314 1470
315 1470
316 1471
317 1471
318 1470
319 1468
320 1469
321 1469
322 1469
323 1451
324 1464
325 1466
326 1469
327 1470
328 1470
329 1468
330 1471
331 1472
332 1469
333 1468
334 1468
335 1469
336 1470
337 1470
338 1466
339 1470
340 1471
341 1471
342 1469
343 1469
344 1470
345 1452
346 1467
347 1467
348 1470
349 1470
350 1470
351 1468
352 1468
353 1471
354 1471
355 1470
356 1468
357 1470
358 1469
359 1470
360 1463
361 1465
362 1467
363 1467
364 1468
365 1466
366 1468
367 1454
368 1467
369 1469
370 1469
371 1469
372 1470
373 1469
374 1469
375 1468
376 1470
377 1470
378 1469
379 1470
380 1468
381 1468
382 1471
383 1472
384 1471
385 1470
386 1470
387 1469
388 1470
389 1474
390 1471
391 1471
392 1469
393 1469
394 1469
395 1468
396 1469
397 1468
398 1468
399 1468
400 1468
401 1469
402 1468
403 1470
404 1469
405 1471
406 1470
407 1469
408 1468
409 1468
410 1468
411 1483
412 1472
413 1470
414 1468
415 1467
416 1468
417 1468
418 1468
419 1468
420 1468
421 1468
422 1469
423 1468
424 1468
425 1469
426 1468
427 1471
428 1470
429 1470
430 1471
431 1469
432 1470
433 1464
434 1471
435 1469
436 1468
437 1467
438 1467
439 1468
440 1469
441 1465
442 1465
443 1467
444 1468
445 1470
446 1469
447 1468
448 1466
449 1468
450 1469
451 1467
452 1468
453 1469
454 1470
455 1479
456 1472
457 1470
458 1469
459 1469
460 1468
461 1468
462 1468
463 1469
464 1468
465 1467
466 1469
467 1469
468 1471
469 1468
470 1471
471 1471
472 1472
473 1472
474 1470
475 1471
476 1471
477 1487
478 1474
479 1471
480 1470
481 1470
482 1469
483 1470
484 1469
485 1470
486 1468
487 1468
488 1468
489 1469
490 1469
491 1469
492 1467
493 1470
494 1469
495 1470
496 1468
497 1467
498 1468
499 1473
500 1471
501 1467
502 1468
503 1467
504 1468
505 1468
506 1467
507 1469
508 1469
509 1469
510 1467
511 1467
512 1469
513 1470
514 1466
515 1466
516 1469
517 1471
518 1471
519 1469
520 1468
521 1450
522 1464
523 1468
524 1467
525 1470
526 1470
527 1470
528 1468
529 1467
530 1468
531 1469
532 1470
533 1467
534 1469
535 1469
536 1471
537 1471
538 1469
539 1469
540 1469
541 1469
542 1470
543 1466
544 1468
545 1468
546 1468
547 1469
548 1467
549 1466
550 1468
551 1470
552 1468
553 1467
554 1467
555 1469
556 1468
557 1469
558 1466
559 1469
560 1469
561 1468
562 1467
563 1466
564 1468
565 1485
566 1475
567 1470
568 1471
569 1470
570 1469
571 1468
572 1468
573 1470
574 1470
575 1471
576 1469
577 1470
578 1471
579 1472
580 1472
581 1469
582 1471
583 1472
584 1471
585 1468
586 1468
587 1477
588 1475
589 1471
590 1468
591 1470
592 1470
593 1470
594 1471
595 1470
596 1469
597 1470
598 1470
599 1471
600 1470
601 1470
602 1469
603 1469
604 1468
605 1467
606 1468
607 1467
608 1468
609 1476
610 1471
611 1470
612 1470
613 1468
614 1469
615 1468
616 1470
617 1469
618 1468
619 1469
620 1469
621 1469
622 1468
623 1469
624 1469
625 1471
626 1470
627 1470
628 1469
629 1469
630 1470
631 1455
632 1468
633 1468
634 1469
635 1469
636 1470
637 1470
638 1471
639 1471
640 1470
641 1470
642 1470
643 1469
644 1469
645 1470
646 1468
647 1468
648 1467
649 1468
650 1468
651 1468
652 1468
653 1483
654 1472
655 1471
656 1469
657 1469
658 1469
659 1470
660 1469
661 1469
662 1470
663 1470
664 1469
665 1469
666 1469
667 1469
668 1468
669 1470
670 1471
671 1470
672 1470
673 1470
674 1469
675 1456
676 1468
677 1469
678 1469
679 1471
680 1471
681 1470
682 1470
683 1470
684 1469
685 1470
686 1470
687 1470
688 1470
689 1470
690 1470
691 1470
692 1470
693 1470
694 1470
695 1470
696 1470
697 1477
698 1474
699 1471
700 1471
701 1471
702 1469
703 1470
704 1472
705 1471
706 1469
707 1469
708 1470
709 1469
710 1469
711 1470
712 1468
713 1468
714 1468
715 1468
716 1469
717 1468
718 1468
719 1458
720 1465
721 1468
722 1468
723 1469
724 1469
725 1469
726 1469
727 1471
728 1468
729 1469
730 1469
731 1469
732 1469
733 1470
734 1472
735 1471
736 1470
737 1471
738 1470
739 1469
740 1470
741 1460
742 1471
743 1469
744 1469
745 1469
746 1469
747 1469
748 1469
749 1471
750 1469
751 1469
752 1470
753 1469
754 1470
755 1471
756 1473
757 1471
758 1471
759 1471
760 1470
761 1471
762 1471
763 1471
764 1473
765 1471
766 1471
767 1471
768 1470
769 1469
770 1470
771 1471
772 1470
773 1469
774 1469
775 1470
776 1470
777 1471
778 1471
779 1471
780 1470
781 1469
782 1468
783 1468
784 1469
785 1461
786 1468
787 1468
788 1468
789 1469
790 1468
791 1468
792 1469
793 1471
794 1469
795 1470
796 1470
797 1470
798 1470
799 1471
800 1468
801 1469
802 1467
803 1467
804 1467
805 1468
806 1468
807 1478
808 1472
809 1469
810 1468
811 1468
812 1468
813 1468
814 1469
815 1469
816 1467
817 1469
818 1469
819 1469
820 1469
821 1469
822 1468
823 1469
824 1467
825 1467
826 1468
827 1468
828 1468
829 1472
830 1471
831 1468
832 1468
833 1468
834 1469
835 1468
836 1469
837 1468
838 1469
839 1469
840 1469
841 1469
842 1470
843 1469
844 1470
845 1470
846 1469
847 1468
848 1468
849 1468
850 1469
851 1482
852 1472
853 1471
854 1469
855 1469
856 1468
857 1469
858 1469
859 1472
860 1469
861 1470
862 1469
863 1470
864 1470
865 1469
866 1468
867 1469
868 1469
869 1469
870 1469
871 1469
872 1470
873 1482
874 1472
875 1470
876 1469
877 1470
878 1470
879 1470
880 1470
881 1471
882 1470
883 1470
884 1470
885 1470
886 1471
887 1470
888 1469
889 1469
890 1471
891 1470
892 1471
893 1471
894 1470
895 1484
896 1474
897 1471
898 1471
899 1471
900 1471
901 1471
902 1471
903 1469
904 1469
905 1469
906 1470
907 1470
908 1470
909 1471
910 1470
911 1471
912 1470
913 1471
914 1470
915 1470
916 1471
917 1485
918 1475
919 1472
920 1471
921 1471
922 1470
923 1471
924 1470
925 1470
926 1469
927 1470
928 1469
929 1469
930 1469
931 1470
932 1468
933 1469
934 1469
935 1470
936 1470
937 1470
938 1470
939 1484
940 1476
941 1471
942 1471
943 1471
944 1470
945 1471
946 1470
947 1470
948 1471
949 1470
950 1470
951 1469
952 1469
953 1470
954 1468
955 1470
956 1470
957 1470
958 1471
959 1469
960 1470
961 1485
962 1475
963 1472
964 1471
965 1470
966 1470
967 1469
968 1469
969 1469
970 1469
971 1470
972 1469
973 1470
974 1469
975 1468
976 1469
977 1467
978 1468
979 1468
980 1468
981 1469
982 1470
983 1482
984 1472
985 1471
986 1471
987 1470
988 1469
989 1470
990 1471
991 1471
992 1470
993 1470
994 1469
995 1470
996 1469
997 1470
998 1468
999 1468
1000 1468
1001 1469
1002 1469
1003 1469
1004 1469
1005 1483
1006 1472
1007 1471
1008 1470
1009 1470
1010 1470
1011 1470
1012 1471
1013 1470
1014 1470
1015 1470
1016 1469
1017 1469
1018 1469
1019 1470
1020 1471
1021 1471
1022 1470
1023 1469
1024 1469
1025 1469
1026 1469
1027 1460
1028 1471
1029 1470
1030 1469
1031 1470
1032 1471
1033 1469
1034 1470
1035 1471
1036 1469
1037 1469
1038 1469
1039 1470
1040 1469
1041 1469
1042 1471
1043 1471
1044 1470
1045 1469
1046 1470
1047 1470
1048 1470
1049 1483
1050 1473
1051 1472
1052 1471
1053 1470
1054 1470
1055 1470
1056 1470
1057 1470
1058 1469
1059 1470
1060 1470
1061 1469
1062 1470
1063 1469
1064 1470
1065 1470
1066 1471
1067 1472
1068 1470
1069 1471
1070 1471
1071 1457
1072 1469
1073 1470
1074 1470
1075 1471
1076 1471
1077 1471
1078 1471
1079 1472
1080 1471
1081 1470
1082 1470
1083 1470
1084 1469
1085 1470
1086 1470
1087 1470
1088 1469
1089 1470
1090 1470
1091 1469
1092 1470
1093 1462
1094 1466
1095 1469
1096 1469
1097 1470
1098 1469
1099 1470
1100 1471
1101 1472
1102 1471
1103 1470
1104 1470
1105 1469
1106 1470
1107 1470
1108 1469
1109 1470
1110 1470
1111 1469
1112 1469
1113 1469
1114 1469
1115 1463
1116 1469
1117 1469
1118 1469
1119 1470
1120 1470
1121 1470
1122 1470
1123 1470
1124 1468
1125 1470
1126 1469
1127 1469
1128 1469
1129 1471
1130 1469
1131 1471
1132 1470
1133 1470
1134 1470
1135 1469
1136 1469
1137 1462
1138 1469
1139 1469
1140 1470
1141 1471
1142 1470
1143 1471
1144 1470
1145 1471
1146 1468
1147 1468
1148 1469
1149 1469
1150 1468
1151 1469
1152 1468
1153 1470
1154 1470
1155 1471
1156 1471
1157 1471
1158 1471
1159 1474
1160 1468
1161 1470
1162 1470
1163 1471
1164 1471
1165 1471
1166 1468
1167 1470
1168 1469
1169 1470
1170 1469
1171 1470
1172 1469
1173 1469
1174 1462
1175 1465
1176 1467
1177 1468
1178 1469
1179 1469
1180 1470
1181 1462
1182 1469
1183 1470
1184 1470
1185 1471
1186 1470
1187 1471
1188 1471
1189 1469
1190 1469
1191 1469
1192 1469
1193 1471
1194 1469
1195 1470
1196 1469
1197 1469
1198 1470
1199 1470
1200 1470
1201 1470
1202 1471
1203 1471
1204 1469
1205 1471
1206 1471
1207 1471
1208 1470
1209 1470
1210 1476
1211 1473
1212 1471
1213 1471
1214 1470
1215 1471
1216 1470
1217 1470
1218 1471
1219 1471
1220 1471
1221 1471
1222 1471
1223 1470
1224 1471
1225 1468
1226 1467
1227 1469
1228 1471
1229 1471
1230 1471
1231 1470
1232 1470
1233 1470
1234 1470
1235 1469
1236 1469
1237 1470
1238 1469
1239 1470
1240 1474
1241 1472
1242 1471
1243 1471
1244 1471
1245 1471
1246 1471
1247 1473
1248 1470
1249 1471
1250 1471
1251 1471
1252 1470
1253 1469
1254 1485
1255 1477
1256 1471
1257 1471
1258 1471
1259 1469
1260 1470
1261 1470
1262 1474
1263 1472
1264 1472
1265 1471
1266 1471
1267 1470
1268 1471
1269 1471
1270 1474
1271 1472
1272 1470
1273 1470
1274 1470
1275 1470
1276 1446
1277 1461
1278 1466
1279 1469
1280 1470
1281 1470
1282 1471
1283 1471
1284 1467
1285 1470
1286 1470
1287 1471
1288 1471
1289 1470
1290 1471
1291 1471
1292 1470
1293 1470
1294 1471
1295 1470
1296 1470
1297 1471
1298 1491
1299 1478
1300 1471
1301 1470
1302 1470
1303 1470
1304 1471
1305 1471
1306 1465
1307 1468
1308 1469
1309 1469
1310 1471
1311 1470
1312 1470
1313 1471
1314 1469
1315 1470
1316 1470
1317 1471
1318 1470
1319 1471
1320 1459
1321 1465
1322 1466
1323 1468
1324 1468
1325 1468
1326 1469
1327 1470
1328 1466
1329 1468
1330 1470
1331 1471
1332 1471
1333 1471
1334 1470
1335 1466
1336 1471
1337 1471
1338 1469
1339 1470
1340 1470
1341 1470
1342 1448
1343 1463
1344 1466
1345 1468
1346 1470
1347 1471
1348 1470
1349 1471
1350 1477
1351 1471
1352 1471
1353 1471
1354 1470
1355 1470
1356 1472
1357 1472
1358 1469
1359 1469
1360 1470
1361 1470
1362 1470
1363 1470
1364 1447
1365 1461
1366 1465
1367 1468
1368 1469
1369 1470
1370 1469
1371 1470
1372 1475
1373 1471
1374 1471
1375 1470
1376 1471
1377 1470
1378 1471
1379 1465
1380 1471
1381 1471
1382 1471
1383 1469
1384 1470
1385 1469
1386 1450
1387 1462
1388 1466
1389 1468
1390 1469
1391 1470
1392 1471
1393 1471
1394 1465
1395 1468
1396 1470
1397 1470
1398 1470
1399 1470
1400 1471
1401 1467
1402 1471
1403 1471
1404 1470
1405 1470
1406 1469
1407 1469
1408 1475
1409 1475
1410 1471
1411 1471
1412 1470
1413 1470
1414 1470
1415 1470
1416 1466
1417 1469
1418 1471
1419 1470
1420 1471
1421 1470
1422 1469
1423 1471
1424 1471
1425 1471
1426 1470
1427 1471
1428 1471
1429 1471
1430 1455
1431 1466
1432 1468
1433 1470
1434 1470
1435 1470
1436 1471
1437 1471
1438 1471
1439 1471
1440 1471
1441 1470
1442 1471
1443 1470
1444 1470
1445 1466
1446 1468
1447 1470
1448 1470
1449 1470
1450 1470
1451 1471
1452 1480
1453 1474
1454 1471
1455 1471
1456 1471
1457 1471
1458 1471
1459 1471
1460 1471
1461 1470
1462 1471
1463 1471
1464 1471
1465 1469
1466 1471
1467 1465
1468 1468
1469 1467
1470 1468
1471 1468
1472 1468
1473 1469
1474 1484
1475 1474
1476 1472
1477 1470
1478 1470
1479 1469
1480 1469
1481 1471
1482 1471
1483 1470
1484 1471
1485 1469
1486 1469
1487 1469
1488 1470
1489 1473
1490 1470
1491 1471
1492 1471
1493 1471
1494 1471
1495 1471
1496 1475
1497 1473
1498 1471
1499 1471
1500 1470
1501 1469
1502 1470
1503 1471
1504 1472
1505 1471
1506 1471
1507 1471
1508 1470
1509 1471
1510 1471
1511 1468
1512 1471
1513 1471
1514 1469
1515 1469
1516 1470
1517 1470
1518 1485
1519 1475
1520 1471
1521 1472
1522 1470
1523 1470
1524 1469
1525 1469
1526 1471
1527 1472
1528 1471
1529 1470
1530 1471
1531 1471
1532 1471
1533 1468
1534 1469
1535 1468
1536 1468
1537 1469
1538 1469
1539 1469
1540 1452
1541 1466
1542 1468
1543 1469
1544 1470
1545 1470
1546 1470
1547 1472
1548 1472
1549 1471
1550 1471
1551 1471
1552 1470
1553 1470
1554 1471
1555 1471
1556 1470
1557 1469
1558 1469
1559 1469
1560 1469
1561 1469
1562 1472
1563 1471
1564 1470
1565 1471
1566 1470
1567 1469
1568 1470
1569 1471
1570 1471
1571 1470
1572 1470
1573 1470
1574 1470
1575 1470
1576 1471
1577 1471
1578 1472
1579 1471
1580 1471
1581 1471
1582 1470
1583 1471
1584 1477
1585 1474
1586 1471
1587 1471
1588 1472
1589 1472
1590 1470
1591 1470
1592 1471
1593 1471
1594 1472
1595 1471
1596 1471
1597 1470
1598 1471
1599 1470
1600 1470
1601 1471
1602 1472
1603 1472
1604 1471
1605 1472
1606 1463
1607 1469
1608 1470
1609 1471
1610 1471
1611 1471
1612 1471
1613 1471
1614 1471
1615 1471
1616 1471
1617 1471
1618 1470
1619 1469
1620 1470
1621 1471
1622 1471
1623 1471
1624 1470
1625 1471
1626 1471
1627 1471
1628 1479
1629 1469
1630 1471
1631 1471
1632 1471
1633 1471
1634 1471
1635 1470
1636 1470
1637 1470
1638 1470
1639 1471
1640 1470
1641 1470
1642 1471
1643 1470
1644 1471
1645 1471
1646 1471
1647 1471
1648 1472
1649 1471
1650 1465
1651 1472
1652 1471
1653 1471
1654 1471
1655 1471
1656 1471
1657 1471
1658 1471
1659 1470
1660 1471
1661 1470
1662 1469
1663 1469
1664 1469
1665 1468
1666 1471
1667 1471
1668 1470
1669 1471
1670 1471
1671 1471
1672 1481
1673 1470
1674 1470
1675 1470
1676 1471
1677 1469
1678 1470
1679 1468
1680 1470
1681 1468
1682 1469
1683 1469
1684 1469
1685 1469
1686 1470
1687 1471
1688 1471
1689 1470
1690 1470
1691 1469
1692 1469
1693 1470
1694 1474
1695 1469
1696 1469
1697 1470
1698 1471
1699 1471
1700 1471
1701 1471
1702 1470
1703 1469
1704 1470
1705 1469
1706 1469
1707 1470
1708 1470
1709 1471
1710 1468
1711 1469
1712 1469
1713 1470
1714 1471
1715 1471
1716 1461
1717 1471
1718 1471
1719 1470
1720 1470
1721 1470
1722 1471
1723 1471
1724 1471
1725 1468
1726 1469
1727 1469
1728 1470
1729 1469
1730 1469
1731 1472
1732 1471
1733 1470
1734 1471
1735 1471
1736 1471
1737 1471
1738 1464
1739 1472
1740 1471
1741 1470
1742 1471
1743 1470
1744 1470
1745 1469
1746 1471
1747 1471
1748 1471
1749 1470
1750 1470
1751 1471
1752 1471
1753 1476
1754 1472
1755 1471
1756 1472
1757 1471
1758 1472
1759 1472
1760 1475
1761 1470
1762 1470
1763 1472
1764 1471
1765 1470
1766 1470
1767 1477
1768 1475
1769 1470
1770 1471
1771 1471
1772 1471
1773 1471
1774 1471
1775 1473
1776 1471
1777 1471
1778 1472
1779 1471
1780 1470
1781 1470
1782 1474
1783 1473
1784 1472
1785 1470
1786 1470
1787 1470
1788 1470
1789 1471
1790 1469
1791 1468
1792 1469
1793 1469
1794 1469
1795 1470
1796 1470
1797 1462
1798 1466
1799 1467
1800 1468
1801 1469
1802 1469
1803 1470
1804 1468
1805 1472
1806 1471
1807 1470
1808 1470
1809 1470
1810 1470
1811 1467
1812 1470
1813 1470
1814 1470
1815 1471
1816 1471
1817 1471
1818 1471
1819 1464
1820 1468
1821 1469
1822 1469
1823 1469
1824 1470
1825 1470
1826 1471
1827 1475
1828 1472
1829 1471
1830 1470
1831 1469
1832 1469
1833 1477
1834 1473
1835 1472
1836 1471
1837 1471
1838 1471
1839 1470
1840 1471
1841 1476
1842 1472
1843 1471
1844 1471
1845 1471
1846 1470
1847 1470
1848 1470
1849 1472
1850 1471
1851 1471
1852 1471
1853 1470
1854 1472
1855 1469
1856 1469
1857 1470
1858 1470
1859 1469
1860 1470
1861 1469
1862 1469
1863 1471
1864 1471
1865 1470
1866 1471
1867 1471
1868 1471
1869 1472
1870 1462
1871 1472
1872 1471
1873 1472
1874 1470
1875 1472
1876 1471
1877 1470
1878 1471
1879 1472
1880 1471
1881 1471
1882 1471
1883 1471
1884 1470
1885 1475
1886 1471
1887 1471
1888 1471
1889 1472
1890 1471
1891 1471
1892 1474
1893 1473
1894 1472
1895 1470
1896 1472
1897 1470
1898 1470
1899 1468
1900 1471
1901 1470
1902 1470
1903 1469
1904 1470
1905 1470
1906 1469
1907 1474
1908 1472
1909 1472
1910 1471
1911 1471
1912 1471
1913 1471
1914 1474
1915 1475
1916 1471
1917 1471
1918 1471
1919 1470
1920 1470
1921 1468
1922 1469
1923 1469
1924 1470
1925 1470
1926 1470
1927 1469
1928 1470
1929 1473
1930 1471
1931 1471
1932 1471
1933 1470
1934 1471
1935 1471
1936 1471
1937 1471
1938 1471
1939 1472
1940 1470
1941 1471
1942 1470
1943 1469
1944 1470
1945 1469
1946 1470
1947 1469
1948 1470
1949 1471
1950 1470
1951 1472
1952 1472
1953 1471
1954 1472
1955 1471
1956 1471
1957 1471
1958 1472
1959 1470
1960 1471
1961 1470
1962 1470
1963 1470
1964 1469
1965 1471
1966 1470
1967 1469
1968 1469
1969 1469
1970 1469
1971 1469
1972 1470
1973 1471
1974 1470
1975 1470
1976 1470
1977 1472
1978 1470
1979 1471
1980 1473
1981 1468
1982 1469
1983 1469
1984 1469
1985 1469
1986 1469
1987 1469
1988 1470
1989 1470
1990 1471
1991 1470
1992 1470
1993 1470
1994 1471
1995 1470
1996 1470
1997 1470
1998 1472
1999 1471
2000 1471
2001 1472
2002 1480
2003 1477
2004 1472
2005 1471
2006 1470
2007 1469
2008 1469
2009 1472
2010 1470
2011 1468
2012 1469
2013 1469
2014 1470
2015 1470
2016 1470
2017 1473
2018 1472
2019 1472
2020 1471
2021 1471
2022 1471
2023 1471
2024 1472
2025 1468
2026 1469
2027 1469
2028 1469
2029 1470
2030 1470
2031 1469
2032 1468
2033 1468
2034 1469
2035 1470
2036 1470
2037 1471
2038 1471
2039 1473
2040 1471
2041 1471
2042 1472
2043 1470
2044 1471
2045 1471
2046 1462
2047 1469
