1.00000000000000e+002	-2.59135454763545e+001
1.25892541179417e+002	-2.39136055388769e+001
1.58489319246111e+002	-2.19137007298602e+001
1.99526231496888e+002	-1.99138515931326e+001
2.51188643150958e+002	-1.79140906845836e+001
3.16227766016838e+002	-1.59144695920664e+001
3.98107170553497e+002	-1.39150700523232e+001
5.01187233627272e+002	-1.19160215478599e+001
6.30957344480193e+002	-9.91752914024841e+000
7.94328234724282e+002	-7.91991744286394e+000
1.00000000000000e+003	-5.92369996211928e+000
1.25892541179417e+003	-3.92968811853669e+000
1.58489319246111e+003	-1.93916184521234e+000
1.99526231496888e+003	4.58654671234243e-002
2.51188643150958e+003	2.02224047228080e+000
3.16227766016838e+003	3.98505836475196e+000
3.98107170553498e+003	5.92677238578803e+000
5.01187233627273e+003	7.83596661235517e+000
6.30957344480194e+003	9.69582446323867e+000
7.94328234724282e+003	1.14825711305763e+001
1.00000000000000e+004	1.31646509678451e+001
1.25892541179417e+004	1.47040350069273e+001
1.58489319246111e+004	1.60612549150919e+001
1.99526231496888e+004	1.72043967190882e+001
2.51188643150958e+004	1.81190041075114e+001
3.16227766016838e+004	1.88132363360380e+001
3.98107170553498e+004	1.93146788550351e+001
5.01187233627273e+004	1.96610025803675e+001
6.30957344480194e+004	1.98901089801934e+001
7.94328234724283e+004	2.00337166435187e+001
1.00000000000000e+005	2.01148358292657e+001
1.25892541179417e+005	2.01476353577118e+001
1.58489319246112e+005	2.01380975794520e+001
1.99526231496888e+005	2.00844675069675e+001
2.51188643150958e+005	1.99771103290542e+001
3.16227766016838e+005	1.97978873893246e+001
3.98107170553498e+005	1.95196962396494e+001
5.01187233627273e+005	1.91074731937449e+001
6.30957344480194e+005	1.85223716051632e+001
7.94328234724283e+005	1.77299996216094e+001
1.00000000000000e+006	1.67107301276252e+001
