1.00000000000000e+002	9.99999923556710e-001   -1.53463071132294e-005	-2.52653502791500e-004  -5.06194338415608e-002	-2.51876700549451e-004  -5.06194415764546e-002
1.25892541179417e+002	9.99999878847236e-001   -1.93195813590571e-005	-4.00423243020201e-004  -6.37251838266848e-002	-3.99192147211719e-004  -6.37251992593940e-002
1.58489319246111e+002	9.99999807990045e-001   -2.43213639530491e-005	-6.34614072205325e-004  -8.02234421223342e-002	-6.32663049400628e-004  -8.02234729132679e-002
1.99526231496888e+002	9.99999695695368e-001   -3.06176898581971e-005	-1.00576035907362e-003  -1.00991716359429e-001	-1.00266852925966e-003  -1.00991777791089e-001
2.51188643150958e+002	9.99999517736381e-001   -3.85432066459275e-005	-1.59393442683674e-003  -1.27133828776691e-001	-1.58903504301250e-003  -1.27133951335277e-001
3.16227766016838e+002	9.99999235730783e-001   -4.85186709212015e-005	-2.52599400550649e-003  -1.60037625302260e-001	-2.51823110537347e-003  -1.60037869795503e-001
3.98107170553497e+002	9.99998788883455e-001   -6.10727075991003e-005	-4.00287365124876e-003  -2.01446743097766e-001	-3.99057555647821e-003  -2.01447230789094e-001
5.01187233627272e+002	9.99998080932821e-001   -7.68686705718549e-005	-6.34272845097712e-003  -2.53549200031069e-001	-6.32325052102320e-003  -2.53550172670745e-001
6.30957344480193e+002	9.99996959545888e-001   -9.67373984635036e-005	-1.00490356451268e-002  -3.19085419226254e-001	-1.00181984240525e-002  -3.19087358531178e-001
7.94328234724282e+002	9.99995183871185e-001   -1.21716346312598e-004	-1.59178356550385e-002  -4.01477265117431e-001	-1.58690452661203e-002  -4.01481130224480e-001
1.00000000000000e+003	9.99992373637876e-001   -1.53094677824197e-004	-2.52059649101057e-002  -5.04976701925476e-001	-2.51288461277293e-002  -5.04984400211981e-001
1.25892541179417e+003	9.99987929791229e-001   -1.92461801277552e-004	-3.98933638164498e-002  -6.34825735089862e-001	-3.97716612162572e-002  -6.34841052279457e-001
1.58489319246111e+003	9.99980911958618e-001   -2.41752334684869e-004	-6.30880637420555e-002  -7.97404425517644e-001	-6.28964825754009e-002  -7.97434852358612e-001
1.99526231496888e+003	9.99969852272682e-001   -3.03271407129647e-004	-9.96415185660083e-002  -1.00031375248869e+000	-9.93411286328580e-002  -1.00037403881629e+000
2.51188643150958e+003	9.99952479924194e-001   -3.79666801452606e-004	-1.57058979305633e-001  -1.25228257531373e+000	-1.56590925230721e-001  -1.25240154190566e+000
3.16227766016838e+003	9.99925331823353e-001   -4.73783123084042e-004	-2.46786280640976e-001  -1.56268441130915e+000	-2.46064169778360e-001  -1.56291769257434e+000
3.98107170553498e+003	9.99883246280028e-001   -5.88282098043428e-004	-3.85883233303739e-001  -1.94028089584124e+000	-3.84786459575195e-001  -1.94073384672306e+000
5.01187233627273e+003	9.99818809801556e-001   -7.24844526756858e-004	-5.98851899961202e-001  -2.39058211099109e+000	-5.97226683360704e-001  -2.39144831447842e+000
6.30957344480194e+003	9.99722004857851e-001   -8.82719413745293e-004	-9.18800501188562e-001  -2.91104866454752e+000	-9.16484211313589e-001  -2.91266737033288e+000
7.94328234724282e+003	9.99580636799638e-001   -1.05647856870373e-003	-1.38603182384707e+000  -3.48366702473028e+000	-1.38292826523931e+000  -3.48659020643189e+000
1.00000000000000e+004	9.99382512609806e-001   -1.23333439746535e-003	-2.04084105544477e+000  -4.06608031360288e+000	-2.03707788958738e+000  -4.07110656880480e+000
1.25892541179417e+004	9.99120285841008e-001   -1.39153886526608e-003	-2.90750068955721e+000  -4.58629171125909e+000	-2.90366183199364e+000  -4.59437400541416e+000
1.58489319246111e+004	9.98798321554501e-001   -1.50271045838860e-003	-3.97156803982960e+000  -4.95034977226902e+000	-3.96888049255763e+000  -4.96227691169867e+000
1.99526231496888e+004	9.98437586882874e-001   -1.54023571812873e-003	-5.16371740719659e+000  -5.07011041089718e+000	-5.16395197837066e+000  -5.08601056379969e+000
2.51188643150958e+004	9.98072695351553e-001   -1.49096264003818e-003	-6.36950429364453e+000  -4.90187772516813e+000	-6.37445297943276e+000  -4.92086580394948e+000
3.16227766016838e+004	9.97740034502961e-001   -1.36183689251400e-003	-7.46859873963409e+000  -4.46832765629473e+000	-7.47938908141279e+000  -4.48865757552798e+000
3.98107170553498e+004	9.97464669884116e-001   -1.17557103650571e-003	-8.37805852644708e+000  -3.84418096338039e+000	-8.39479989024710e+000  -3.86384577153633e+000
5.01187233627273e+004	9.97255083177183e-001   -9.59225381027177e-004	-9.06970136376843e+000  -3.11844589461205e+000	-9.09164927052458e+000  -3.13577427490748e+000
6.30957344480194e+004	9.97106777468025e-001   -7.34446679297838e-004	-9.55815801070990e+000  -2.36214056386797e+000	-9.58414198122671e+000  -2.37605405825855e+000
7.94328234724283e+004	9.97009315160585e-001   -5.13732271374640e-004	-9.87756347527576e+000  -1.61593469221421e+000	-9.90635499063641e+000  -1.62588642033250e+000
1.00000000000000e+005	9.96952022759110e-001   -3.01375643891744e-004	-1.00626315442722e+001  -8.93275964921314e-001	-1.00931242029198e+001  -8.99058095339682e-001
1.25892541179417e+005	9.96927062974335e-001   -9.61614736593400e-005	-1.01384005388563e+001  -1.89325289044283e-001	-1.01696328238528e+001  -1.90889808282894e-001
1.58489319246112e+005	9.96930608139512e-001   1.05969010427180e-004	-1.01162204916081e+001  5.10151908577947e-001	-1.01473122281316e+001  5.12801197033481e-001
1.99526231496888e+005	9.96963110923741e-001   3.09704743543432e-004	-9.99270091902792e+000  1.22128836890891e+000	-1.00227585697915e+001  1.22812213547891e+000
2.51188643150958e+005	9.97029184257428e-001   5.18324975515767e-004	-9.74997785590294e+000  1.95502659493018e+000	-9.77800752125760e+000  1.96593521171506e+000
3.16227766016838e+005	9.97136980608851e-001   7.31419424341169e-004	-9.35779408578107e+000  2.70901668894365e+000	-9.38266468624065e+000  2.72367729305249e+000
3.98107170553498e+005	9.97296381107579e-001   9.42298210469904e-004	-8.77991672802765e+000  3.45830873425545e+000	-8.80043432074506e+000  3.47599914472496e+000
5.01187233627273e+005	9.97515054554933e-001   1.13596282324216e-003	-7.98829321276911e+000  4.14803048974139e+000	-8.00344724239166e+000  4.16747806389883e+000
6.30957344480194e+005	9.97792318075820e-001   1.28986671094363e-003	-6.98518549596800e+000  4.69613146224682e+000	-6.99454477706742e+000  4.71556395802541e+000
7.94328234724283e+005	9.98113412139459e-001   1.37995123080972e-003	-5.82382759163656e+000  5.01519314622481e+000	-5.82787747254317e+000  5.03273002027769e+000
1.00000000000000e+006	9.98449485107859e-001   1.39114160973865e-003	-4.60845409139019e+000  5.05036334995311e+000	-4.60855410941917e+000  5.06462728135834e+000
