time	V(out)
0.000000000000000e+000	0.000000e+000
1.000000000000000e-006	0.000000e+000
1.011300467482955e-006	-3.363908e-008
1.022600934965910e-006	-1.727030e-008
1.033901402448865e-006	4.910635e-008
1.045201869931820e-006	1.654909e-007
1.056502337414775e-006	3.318832e-007
1.067802804897729e-006	5.482835e-007
1.079103272380684e-006	8.146916e-007
1.158829405173815e-006	5.744801e-006
1.234599218924191e-006	1.710220e-005
1.309101314726814e-006	3.930499e-005
1.389368099857683e-006	7.594820e-005
1.415870647162244e-006	9.228101e-005
1.446994905390878e-006	1.166499e-004
1.500000000000000e-006	1.638397e-004
1.537103566226386e-006	2.062121e-004
1.664315793288279e-006	4.041162e-004
1.764315793288279e-006	6.062451e-004
1.864315793288279e-006	8.515569e-004
1.964315793288279e-006	1.141190e-003
2.064315793288279e-006	1.474548e-003
2.164315793288279e-006	1.851045e-003
2.264315793288279e-006	2.270096e-003
2.364315793288279e-006	2.731124e-003
2.464315793288279e-006	3.233559e-003
2.564315793288279e-006	3.776834e-003
2.764315793288278e-006	4.983673e-003
2.964315793288278e-006	6.347228e-003
3.164315793288278e-006	7.863174e-003
3.364315793288278e-006	9.527275e-003
3.664315793288277e-006	1.229216e-002
3.964315793288277e-006	1.536740e-002
4.264315793288277e-006	1.873975e-002
4.583699251389952e-006	2.267767e-002
4.903082709491627e-006	2.688719e-002
5.222466167593302e-006	3.136832e-002
5.541849625694976e-006	3.612105e-002
5.861233083796651e-006	4.114538e-002
6.180616541898326e-006	4.644132e-002
6.500000000000000e-006	5.200887e-002
6.526147423351142e-006	5.247311e-002
6.552294846702284e-006	5.293838e-002
6.578442270053426e-006	5.340468e-002
6.604589693404567e-006	5.387200e-002
6.630737116755709e-006	5.434035e-002
6.656884540106851e-006	5.480972e-002
6.683031963457992e-006	5.528012e-002
6.900000000000001e-006	5.918006e-002
7.000000000000001e-006	6.096338e-002
7.046244748841188e-006	6.177994e-002
7.739509197631591e-006	7.319970e-002
8.432773646421994e-006	8.364528e-002
9.126038095212396e-006	9.311665e-002
9.819302544002799e-006	1.016138e-001
1.051256699279320e-005	1.091368e-001
1.120583144158360e-005	1.156856e-001
1.189909589037400e-005	1.212602e-001
1.261338160465972e-005	1.262750e-001
1.332766731894544e-005	1.306895e-001
1.404195303323115e-005	1.345038e-001
1.475623874751687e-005	1.377178e-001
1.547052446180258e-005	1.403316e-001
1.618481017608830e-005	1.423451e-001
1.689909589037401e-005	1.437584e-001
1.761338160465972e-005	1.447704e-001
1.832766731894543e-005	1.454583e-001
1.904195303323114e-005	1.458220e-001
1.975623874751684e-005	1.458615e-001
2.047052446180255e-005	1.455769e-001
2.118481017608826e-005	1.449682e-001
2.189909589037396e-005	1.440353e-001
2.281338160465967e-005	1.425136e-001
2.372766731894538e-005	1.407632e-001
2.464195303323108e-005	1.387839e-001
2.555623874751679e-005	1.365758e-001
2.647052446180249e-005	1.341388e-001
2.738481017608820e-005	1.314731e-001
2.829909589037390e-005	1.285785e-001
2.957052446180250e-005	1.243699e-001
3.084195303323109e-005	1.201055e-001
3.211338160465968e-005	1.157853e-001
3.338481017608827e-005	1.114094e-001
3.465623874751686e-005	1.069777e-001
3.592766731894545e-005	1.024902e-001
3.719909589037405e-005	9.794702e-002
3.858481017608836e-005	9.312602e-002
3.997052446180269e-005	8.843673e-002
4.135623874751700e-005	8.387913e-002
4.274195303323132e-005	7.945322e-002
4.412766731894565e-005	7.515902e-002
4.551338160465996e-005	7.099651e-002
4.689909589037428e-005	6.696571e-002
4.834195303323146e-005	6.297351e-002
4.978481017608864e-005	5.915642e-002
5.122766731894582e-005	5.551442e-002
5.267052446180300e-005	5.204753e-002
5.411338160466017e-005	4.875574e-002
5.555623874751735e-005	4.563906e-002
5.699909589037453e-005	4.269747e-002
5.857052446180314e-005	3.969144e-002
6.014195303323175e-005	3.685246e-002
6.171338160466036e-005	3.418052e-002
6.328481017608896e-005	3.167564e-002
6.485623874751758e-005	2.933780e-002
6.642766731894619e-005	2.716702e-002
6.799909589037479e-005	2.516328e-002
6.981338160466055e-005	2.302689e-002
7.162766731894631e-005	2.103612e-002
7.344195303323208e-005	1.919096e-002
7.525623874751784e-005	1.749143e-002
7.707052446180360e-005	1.593751e-002
7.888481017608934e-005	1.452921e-002
8.069909589037510e-005	1.326653e-002
8.278481017608944e-005	1.194769e-002
8.487052446180377e-005	1.073441e-002
8.695623874751812e-005	9.626680e-003
8.904195303323245e-005	8.624504e-003
9.112766731894679e-005	7.727880e-003
9.321338160466112e-005	6.936810e-003
9.529909589037546e-005	6.251291e-003
9.809909589037553e-005	5.411806e-003
1.004276673189470e-004	4.818958e-003
1.027562387475185e-004	4.279442e-003
1.050848101760900e-004	3.793257e-003
1.074133816046615e-004	3.360403e-003
1.097419530332330e-004	2.980881e-003
1.120705244618045e-004	2.654691e-003
1.143990958903759e-004	2.381832e-003
1.172848101760903e-004	2.084926e-003
1.201705244618046e-004	1.819325e-003
1.230562387475190e-004	1.585030e-003
1.259419530332334e-004	1.382039e-003
1.288276673189477e-004	1.210354e-003
1.317133816046621e-004	1.069974e-003
1.345990958903764e-004	9.608986e-004
1.387990958903765e-004	8.272388e-004
1.429990958903766e-004	7.108823e-004
1.471990958903767e-004	6.118290e-004
1.513990958903768e-004	5.300789e-004
1.555990958903769e-004	4.656320e-004
1.597990958903770e-004	4.184884e-004
1.639990958903771e-004	3.886480e-004
1.691990958903772e-004	3.536047e-004
1.743990958903774e-004	3.228630e-004
1.795990958903775e-004	2.964229e-004
1.847990958903776e-004	2.742843e-004
1.899990958903778e-004	2.564472e-004
1.951990958903779e-004	2.429117e-004
2.003990958903780e-004	2.336778e-004
2.004990958903780e-004	2.334651e-004
2.151133816046641e-004	2.098600e-004
2.297276673189501e-004	1.885947e-004
2.443419530332362e-004	1.696691e-004
2.589562387475223e-004	1.530833e-004
2.735705244618083e-004	1.388372e-004
2.881848101760944e-004	1.269309e-004
3.027990958903805e-004	1.173643e-004
3.028990958903805e-004	1.172916e-004
3.175133816046666e-004	1.073129e-004
3.321276673189526e-004	9.804118e-005
3.467419530332387e-004	8.947630e-005
3.613562387475248e-004	8.161831e-005
3.759705244618108e-004	7.446719e-005
3.905848101760969e-004	6.802296e-005
4.051990958903830e-004	6.228560e-005
4.052990958903830e-004	6.224709e-005
4.199133816046675e-004	5.695517e-005
4.345276673189521e-004	5.203745e-005
4.491419530332367e-004	4.749392e-005
4.637562387475212e-004	4.332460e-005
4.783705244618058e-004	3.952948e-005
4.929848101760904e-004	3.610856e-005
5.075990958903749e-004	3.306184e-005
5.076990958903749e-004	3.304140e-005
5.223133816046530e-004	3.023240e-005
5.369276673189312e-004	2.762203e-005
5.515419530332093e-004	2.521028e-005
5.661562387474874e-004	2.299717e-005
5.807705244617657e-004	2.098268e-005
5.953848101760438e-004	1.916682e-005
6.099990958903219e-004	1.754958e-005
6.100990958903219e-004	1.753873e-005
6.247133816046000e-004	1.604768e-005
6.393276673188782e-004	1.466207e-005
6.539419530331563e-004	1.338189e-005
6.685562387474344e-004	1.220714e-005
6.831705244617127e-004	1.113783e-005
6.977848101759908e-004	1.017395e-005
7.123990958902689e-004	9.315507e-006
7.124990958902688e-004	9.309747e-006
7.271133816045469e-004	8.518283e-006
7.417276673188252e-004	7.782784e-006
7.563419530331033e-004	7.103251e-006
7.709562387473814e-004	6.479683e-006
7.855705244616596e-004	5.912080e-006
8.001848101759377e-004	5.400443e-006
8.147990958902159e-004	4.944771e-006
8.148990958902158e-004	4.941714e-006
8.295133816044939e-004	4.521596e-006
8.441276673187721e-004	4.131186e-006
8.587419530330503e-004	3.770482e-006
8.733562387473284e-004	3.439486e-006
8.879705244616066e-004	3.138196e-006
9.025848101758847e-004	2.866613e-006
9.171990958901628e-004	2.624738e-006
9.172990958901628e-004	2.623115e-006
9.292563679058538e-004	2.438245e-006
9.412136399215448e-004	2.264522e-006
9.531709119372358e-004	2.101944e-006
9.651281839529269e-004	1.950513e-006
9.770854559686178e-004	1.810227e-006
9.890427279843090e-004	1.681088e-006
1.001000000000000e-003	1.563095e-006
1.001013183556715e-003	1.564027e-006
1.001030761632335e-003	1.583829e-006
1.001058835112257e-003	1.817072e-006
1.001114982072101e-003	3.641538e-006
1.001185037000537e-003	9.939609e-006
1.001259680811305e-003	2.482992e-005
1.001341019982857e-003	5.457309e-005
1.001418048610165e-003	1.003758e-004
1.001500000000000e-003	1.657153e-004
1.001557365972884e-003	2.347992e-004
1.001622927084752e-003	3.342108e-004
1.001722927084752e-003	5.197933e-004
1.001822927084752e-003	7.465882e-004
1.001922927084752e-003	1.017952e-003
1.002022927084753e-003	1.333287e-003
1.002122927084753e-003	1.692003e-003
1.002222927084753e-003	2.093514e-003
1.002322927084753e-003	2.537240e-003
1.002422927084753e-003	3.022608e-003
1.002522927084753e-003	3.549051e-003
1.002722927084753e-003	4.722914e-003
1.002922927084753e-003	6.054398e-003
1.003122927084753e-003	7.539162e-003
1.003322927084753e-003	9.172950e-003
1.003522927084753e-003	1.095159e-002
1.003822927084754e-003	1.388224e-002
1.004122927084754e-003	1.711619e-002
1.004422927084754e-003	2.064042e-002
1.004719651786932e-003	2.442765e-002
1.005016376489110e-003	2.844631e-002
1.005313101191288e-003	3.269638e-002
1.005609825893466e-003	3.717788e-002
1.005906550595644e-003	4.189079e-002
1.006203275297822e-003	4.683512e-002
1.006500000000000e-003	5.201087e-002
1.006570000000000e-003	5.325634e-002
1.006750000000000e-003	5.648592e-002
1.006900000000000e-003	5.918038e-002
1.007000000000000e-003	6.096492e-002
1.007030000000000e-003	6.149521e-002
1.007718571428572e-003	7.287130e-002
1.008407142857143e-003	8.328313e-002
1.009095714285715e-003	9.273071e-002
1.009784285714287e-003	1.012140e-001
1.010472857142859e-003	1.087331e-001
1.011161428571431e-003	1.152880e-001
1.011850000000003e-003	1.208785e-001
1.012564285714289e-003	1.259450e-001
1.013278571428575e-003	1.304079e-001
1.013992857142861e-003	1.342670e-001
1.014707142857147e-003	1.375225e-001
1.015421428571433e-003	1.401744e-001
1.016135714285719e-003	1.422226e-001
1.016850000000005e-003	1.436671e-001
1.017650000000006e-003	1.448934e-001
1.017750000000006e-003	1.450101e-001
1.018435714285721e-003	1.455405e-001
1.019121428571435e-003	1.458010e-001
1.019807142857150e-003	1.457914e-001
1.020492857142865e-003	1.455118e-001
1.021178571428579e-003	1.449623e-001
1.021864285714294e-003	1.441427e-001
1.022550000000009e-003	1.430532e-001
1.023507142857152e-003	1.412044e-001
1.024464285714295e-003	1.391374e-001
1.025421428571439e-003	1.368521e-001
1.026378571428582e-003	1.343487e-001
1.027335714285726e-003	1.316271e-001
1.028292857142869e-003	1.286873e-001
1.029250000000012e-003	1.255293e-001
1.030578571428584e-003	1.209953e-001
1.031907142857157e-003	1.164371e-001
1.033235714285729e-003	1.118545e-001
1.034564285714301e-003	1.072476e-001
1.035892857142873e-003	1.026164e-001
1.037221428571446e-003	9.796092e-002
1.038550000000018e-003	9.328113e-002
1.039935714285733e-003	8.855814e-002
1.041321428571448e-003	8.397798e-002
1.042707142857163e-003	7.954062e-002
1.044092857142878e-003	7.524608e-002
1.045478571428593e-003	7.109436e-002
1.046864285714308e-003	6.708545e-002
1.048250000000023e-003	6.321935e-002
1.049707142857167e-003	5.935949e-002
1.051164285714311e-003	5.567570e-002
1.052621428571454e-003	5.216798e-002
1.054078571428598e-003	4.883632e-002
1.055535714285742e-003	4.568074e-002
1.056992857142885e-003	4.270122e-002
1.058450000000029e-003	3.989777e-002
1.060050000000030e-003	3.701537e-002
1.061650000000031e-003	3.429805e-002
1.063250000000032e-003	3.174582e-002
1.064850000000033e-003	2.935867e-002
1.066450000000033e-003	2.713660e-002
1.068050000000034e-003	2.507962e-002
1.069650000000035e-003	2.318772e-002
1.071507142857179e-003	2.116499e-002
1.073364285714323e-003	1.928397e-002
1.075221428571467e-003	1.754466e-002
1.077078571428611e-003	1.594704e-002
1.078935714285755e-003	1.449114e-002
1.080792857142899e-003	1.317693e-002
1.082650000000043e-003	1.200444e-002
1.084750000000044e-003	1.080110e-002
1.086850000000045e-003	9.695104e-003
1.088950000000046e-003	8.686446e-003
1.091050000000047e-003	7.775127e-003
1.093150000000049e-003	6.961146e-003
1.095250000000050e-003	6.244503e-003
1.097350000000051e-003	5.625199e-003
1.099650000000052e-003	5.015086e-003
1.101950000000054e-003	4.459317e-003
1.104250000000055e-003	3.957890e-003
1.106550000000056e-003	3.510806e-003
1.108850000000057e-003	3.118065e-003
1.111150000000059e-003	2.779668e-003
1.113450000000060e-003	2.495613e-003
1.114392857142918e-003	2.383933e-003
1.115335714285775e-003	2.277211e-003
1.116278571428633e-003	2.175447e-003
1.117221428571491e-003	2.078640e-003
1.118164285714349e-003	1.986791e-003
1.119107142857206e-003	1.899900e-003
1.120050000000064e-003	1.817967e-003
1.120150000000064e-003	1.809458e-003
1.123335714285780e-003	1.573757e-003
1.126521428571496e-003	1.364506e-003
1.129707142857212e-003	1.181704e-003
1.132892857142928e-003	1.025351e-003
1.136078571428644e-003	8.954483e-004
1.139264285714360e-003	7.919948e-004
1.142450000000077e-003	7.149907e-004
1.147450000000079e-003	6.150579e-004
1.152450000000082e-003	5.289336e-004
1.157450000000085e-003	4.566176e-004
1.162450000000088e-003	3.981100e-004
1.167450000000091e-003	3.534109e-004
1.172450000000094e-003	3.225201e-004
1.177450000000096e-003	3.054378e-004
1.183878571428671e-003	2.819576e-004
1.190307142857247e-003	2.611206e-004
1.196735714285821e-003	2.429267e-004
1.203164285714397e-003	2.273761e-004
1.209592857142972e-003	2.144686e-004
1.216021428571547e-003	2.042044e-004
1.222450000000122e-003	1.965833e-004
1.222550000000122e-003	1.964437e-004
1.237164285714416e-003	1.787547e-004
1.251778571428710e-003	1.624930e-004
1.266392857143004e-003	1.476587e-004
1.281007142857298e-003	1.342519e-004
1.295621428571592e-003	1.222724e-004
1.310235714285886e-003	1.117204e-004
1.324850000000180e-003	1.025958e-004
1.324950000000180e-003	1.025323e-004
1.339564285714474e-003	9.381375e-005
1.354178571428768e-003	8.571201e-005
1.368792857143062e-003	7.822710e-005
1.383407142857356e-003	7.135902e-005
1.398021428571650e-003	6.510776e-005
1.412635714285944e-003	5.947333e-005
1.427250000000238e-003	5.445573e-005
1.427350000000238e-003	5.442206e-005
1.441964285714532e-003	4.979539e-005
1.456578571428826e-003	4.549587e-005
1.471192857143120e-003	4.152352e-005
1.485807142857414e-003	3.787832e-005
1.500421428571708e-003	3.456028e-005
1.515035714286002e-003	3.156940e-005
1.529650000000296e-003	2.890568e-005
1.529750000000296e-003	2.888781e-005
1.544364285714590e-003	2.643192e-005
1.558978571428884e-003	2.414970e-005
1.573592857143178e-003	2.204113e-005
1.588207142857472e-003	2.010622e-005
1.602821428571766e-003	1.834497e-005
1.617435714286060e-003	1.675738e-005
1.632050000000354e-003	1.534344e-005
1.632150000000354e-003	1.533396e-005
1.646764285714648e-003	1.403035e-005
1.661378571428942e-003	1.281892e-005
1.675992857143236e-003	1.169967e-005
1.690607142857530e-003	1.067260e-005
1.705221428571824e-003	9.737708e-006
1.719835714286118e-003	8.894997e-006
1.734450000000412e-003	8.144466e-006
1.734550000000412e-003	8.139430e-006
1.749164285714706e-003	7.447460e-006
1.763778571429000e-003	6.804420e-006
1.778392857143294e-003	6.210310e-006
1.793007142857588e-003	5.665130e-006
1.807621428571882e-003	5.168880e-006
1.822235714286176e-003	4.721560e-006
1.836850000000470e-003	4.323170e-006
1.836950000000470e-003	4.320497e-006
1.851564285714764e-003	3.953192e-006
1.866178571429058e-003	3.611859e-006
1.880792857143352e-003	3.296499e-006
1.895407142857646e-003	3.007112e-006
1.910021428571940e-003	2.743697e-006
1.924635714286234e-003	2.506255e-006
1.939250000000528e-003	2.294785e-006
1.939350000000528e-003	2.293366e-006
1.948157143394047e-003	2.172569e-006
1.956964286787566e-003	2.057415e-006
1.965771430181085e-003	1.947904e-006
1.974578573574603e-003	1.844036e-006
1.983385716968123e-003	1.745812e-006
1.992192860361642e-003	1.653231e-006
2.001000003755160e-003	1.566293e-006
2.001017590247423e-003	1.495267e-006
2.001035176739685e-003	1.573085e-006
2.001052763231948e-003	1.799747e-006
2.001070349724210e-003	2.175255e-006
2.001087936216473e-003	2.699607e-006
2.001105522708735e-003	3.372803e-006
2.001123109200998e-003	4.194845e-006
2.001196362531156e-003	1.164155e-005
2.001271902719645e-003	2.828581e-005
2.001352715062379e-003	6.029832e-005
2.001429978025997e-003	1.083472e-004
2.001500000000000e-003	1.656107e-004
2.001549015381803e-003	2.233762e-004
2.001605032961006e-003	3.052578e-004
2.001705032961005e-003	4.837933e-004
2.001805032961005e-003	7.025425e-004
2.001905032961005e-003	9.659682e-004
2.002005032961005e-003	1.273472e-003
2.002105032961005e-003	1.624462e-003
2.002205032961005e-003	2.018351e-003
2.002305032961004e-003	2.454559e-003
2.002405032961004e-003	2.932511e-003
2.002505032961004e-003	3.451639e-003
2.002705032961004e-003	4.611173e-003
2.002905032961003e-003	5.928721e-003
2.003105032961003e-003	7.399934e-003
2.003305032961003e-003	9.020548e-003
2.003505032961003e-003	1.078639e-002
2.003805032961002e-003	1.369851e-002
2.004105032961002e-003	1.691473e-002
2.004405032961001e-003	2.042198e-002
2.004704313966572e-003	2.422728e-002
2.005003594972144e-003	2.826836e-002
2.005302875977715e-003	3.254522e-002
2.005602156983286e-003	3.705786e-002
2.005901437988858e-003	4.180628e-002
2.006200718994429e-003	4.679048e-002
2.006500000000000e-003	5.201046e-002
2.006566476927302e-003	5.319298e-002
2.006742450558503e-003	5.634975e-002
2.006900000000000e-003	5.917973e-002
2.007000000000000e-003	6.096452e-002
2.007030000000000e-003	6.149482e-002
2.007718571428570e-003	7.287091e-002
2.008407142857140e-003	8.328275e-002
2.009095714285711e-003	9.273034e-002
2.009784285714281e-003	1.012137e-001
2.010472857142852e-003	1.087328e-001
2.011161428571422e-003	1.152876e-001
2.011849999999992e-003	1.208782e-001
2.012564285714277e-003	1.259447e-001
2.013278571428561e-003	1.304075e-001
2.013992857142846e-003	1.342667e-001
2.014707142857130e-003	1.375222e-001
2.015421428571415e-003	1.401741e-001
2.016135714285700e-003	1.422223e-001
2.016849999999984e-003	1.436668e-001
2.017564285714269e-003	1.447076e-001
2.018278571428553e-003	1.454222e-001
2.018992857142838e-003	1.458104e-001
2.019707142857122e-003	1.458725e-001
2.020421428571407e-003	1.456082e-001
2.021135714285692e-003	1.450177e-001
2.021849999999976e-003	1.441010e-001
2.022764285714260e-003	1.425977e-001
2.023678571428545e-003	1.408636e-001
2.024592857142829e-003	1.388987e-001
2.025507142857113e-003	1.367031e-001
2.026421428571397e-003	1.342768e-001
2.027335714285682e-003	1.316197e-001
2.028249999999966e-003	1.287319e-001
2.029521428571392e-003	1.245304e-001
2.030792857142819e-003	1.202716e-001
2.032064285714245e-003	1.159554e-001
2.033335714285672e-003	1.115820e-001
2.034607142857099e-003	1.071512e-001
2.035878571428525e-003	1.026631e-001
2.037149999999952e-003	9.811759e-002
2.038149999999950e-003	9.465442e-002
2.039535714285662e-003	8.990033e-002
2.040921428571374e-003	8.528609e-002
2.042307142857086e-003	8.081169e-002
2.043692857142798e-003	7.647712e-002
2.045078571428511e-003	7.228240e-002
2.046464285714222e-003	6.822752e-002
2.047849999999934e-003	6.431247e-002
2.049307142857075e-003	6.040198e-002
2.050764285714215e-003	5.666836e-002
2.052221428571356e-003	5.311163e-002
2.053678571428497e-003	4.973179e-002
2.055135714285637e-003	4.652883e-002
2.056592857142778e-003	4.350275e-002
2.058049999999918e-003	4.065356e-002
2.059635714285630e-003	3.774830e-002
2.061221428571341e-003	3.500752e-002
2.062807142857053e-003	3.243119e-002
2.064392857142765e-003	3.001934e-002
2.065978571428477e-003	2.777194e-002
2.067564285714189e-003	2.568902e-002
2.069149999999900e-003	2.377056e-002
2.070992857142755e-003	2.171507e-002
2.072835714285609e-003	1.980233e-002
2.074678571428463e-003	1.803234e-002
2.076521428571317e-003	1.640510e-002
2.078364285714171e-003	1.492060e-002
2.080207142857025e-003	1.357885e-002
2.082049999999880e-003	1.237985e-002
2.084149999999876e-003	1.113963e-002
2.086249999999873e-003	9.999569e-003
2.088349999999870e-003	8.959668e-003
2.090449999999866e-003	8.019926e-003
2.092549999999863e-003	7.180343e-003
2.094649999999860e-003	6.440919e-003
2.096749999999856e-003	5.801653e-003
2.099035714285567e-003	5.175355e-003
2.101321428571277e-003	4.604543e-003
2.103607142856988e-003	4.089219e-003
2.105892857142699e-003	3.629383e-003
2.108178571428409e-003	3.225034e-003
2.110464285714120e-003	2.876172e-003
2.112749999999831e-003	2.582798e-003
2.115549999999826e-003	2.266240e-003
2.118349999999822e-003	1.982392e-003
2.121149999999817e-003	1.731256e-003
2.123949999999813e-003	1.512831e-003
2.126749999999808e-003	1.327117e-003
2.129549999999804e-003	1.174114e-003
2.132349999999799e-003	1.053822e-003
2.133507142856940e-003	1.005371e-003
2.134664285714081e-003	9.594715e-004
2.135821428571222e-003	9.161243e-004
2.136978571428363e-003	8.753289e-004
2.138135714285504e-003	8.370854e-004
2.139292857142645e-003	8.013937e-004
2.140449999999786e-003	7.682539e-004
2.140549999999786e-003	7.654525e-004
2.145335714285493e-003	6.583782e-004
2.150121428571199e-003	5.658861e-004
2.154907142856906e-003	4.879763e-004
2.159692857142613e-003	4.246488e-004
2.164478571428319e-003	3.759036e-004
2.169264285714026e-003	3.417406e-004
2.174049999999732e-003	3.221600e-004
2.183878571428288e-003	2.862922e-004
2.193707142856844e-003	2.551973e-004
2.203535714285399e-003	2.288751e-004
2.213364285713955e-003	2.073257e-004
2.223192857142511e-003	1.905491e-004
2.233021428571066e-003	1.785453e-004
2.242849999999622e-003	1.713143e-004
2.242949999999622e-003	1.712032e-004
2.257564285713884e-003	1.563634e-004
2.272178571428147e-003	1.426238e-004
2.286792857142409e-003	1.299846e-004
2.301407142856671e-003	1.184457e-004
2.316021428570934e-003	1.080071e-004
2.330635714285196e-003	9.866873e-005
2.345249999999458e-003	9.043072e-005
2.345349999999458e-003	9.037479e-005
2.359964285713720e-003	8.269110e-005
2.374578571427983e-003	7.555083e-005
2.389192857142245e-003	6.895398e-005
2.403807142856507e-003	6.290053e-005
2.418421428570770e-003	5.739050e-005
2.433035714285032e-003	5.242389e-005
2.447649999999294e-003	4.800069e-005
2.447749999999294e-003	4.797101e-005
2.462364285713556e-003	4.389277e-005
2.476978571427819e-003	4.010292e-005
2.491592857142081e-003	3.660144e-005
2.506207142856343e-003	3.338833e-005
2.520821428570606e-003	3.046360e-005
2.535435714284868e-003	2.782725e-005
2.550049999999130e-003	2.547928e-005
2.550149999999130e-003	2.546353e-005
2.564764285713392e-003	2.329876e-005
2.579378571427655e-003	2.128706e-005
2.593992857141917e-003	1.942844e-005
2.608607142856179e-003	1.772289e-005
2.623221428570442e-003	1.617041e-005
2.637835714284704e-003	1.477101e-005
2.652449999998966e-003	1.352468e-005
2.652549999998966e-003	1.351631e-005
2.667164285713228e-003	1.236723e-005
2.681778571427491e-003	1.129940e-005
2.696392857141753e-003	1.031282e-005
2.711007142856015e-003	9.407498e-006
2.725621428570278e-003	8.583426e-006
2.740235714284540e-003	7.840608e-006
2.754849999998802e-003	7.179043e-006
2.754949999998802e-003	7.174604e-006
2.769564285713064e-003	6.564659e-006
2.784178571427327e-003	5.997843e-006
2.798792857141589e-003	5.474157e-006
2.813407142855851e-003	4.993601e-006
2.828021428570113e-003	4.556175e-006
2.842635714284376e-003	4.161879e-006
2.857249999998638e-003	3.810713e-006
2.857349999998638e-003	3.808357e-006
2.871964285712900e-003	3.484591e-006
2.886578571427162e-003	3.183719e-006
2.901192857141425e-003	2.905741e-006
2.915807142855687e-003	2.650657e-006
2.930421428569949e-003	2.418467e-006
2.945035714284212e-003	2.209170e-006
2.959649999998474e-003	2.022768e-006
2.959749999998474e-003	2.021517e-006
3.001000000000000e-003	1.566297e-006
3.001010000000000e-003	1.568587e-006
3.001030000000000e-003	1.598320e-006
3.001062314522631e-003	1.788524e-006
3.001095176452476e-003	2.584934e-006
3.001160900312167e-003	7.347599e-006
3.001243526212523e-003	2.103079e-005
3.001321612085472e-003	4.613485e-005
3.001402265538821e-003	8.463073e-005
3.001427404095428e-003	1.020622e-004
3.001460922170905e-003	1.297673e-004
3.001500000000000e-003	1.655353e-004
3.001531591610028e-003	2.018999e-004
3.001563183220056e-003	2.428291e-004
3.001594774830084e-003	2.883231e-004
3.001626366440112e-003	3.383817e-004
3.001657958050140e-003	3.930049e-004
3.001689549660168e-003	4.521929e-004
3.001721141270196e-003	5.159455e-004
3.001821141270196e-003	7.419802e-004
3.001921141270196e-003	1.012594e-003
3.002021141270195e-003	1.327189e-003
3.002121141270195e-003	1.685175e-003
3.002221141270195e-003	2.085966e-003
3.002321141270195e-003	2.528982e-003
3.002421141270195e-003	3.013650e-003
3.002521141270195e-003	3.539401e-003
3.002721141270194e-003	4.711911e-003
3.002921141270194e-003	6.042079e-003
3.003121141270194e-003	7.525563e-003
3.003321141270193e-003	9.158107e-003
3.003521141270193e-003	1.093554e-002
3.003821141270192e-003	1.386444e-002
3.004121141270192e-003	1.709672e-002
3.004421141270192e-003	2.061934e-002
3.004718121088735e-003	2.440847e-002
3.005015100907280e-003	2.842946e-002
3.005312080725824e-003	3.268229e-002
3.005609060544368e-003	3.716698e-002
3.005906040362912e-003	4.188351e-002
3.006203020181456e-003	4.683189e-002
3.006500000000000e-003	5.201212e-002
3.006570000000000e-003	5.325760e-002
3.006749999999999e-003	5.648722e-002
3.006900000000000e-003	5.918171e-002
3.007000000000000e-003	6.096626e-002
3.007030000000000e-003	6.149657e-002
3.007718571428570e-003	7.287277e-002
3.008407142857140e-003	8.328472e-002
3.009095714285711e-003	9.273240e-002
3.009784285714281e-003	1.012158e-001
3.010472857142852e-003	1.087350e-001
3.011161428571422e-003	1.152899e-001
3.011849999999992e-003	1.208805e-001
3.012564285714277e-003	1.259470e-001
3.013278571428562e-003	1.304099e-001
3.013992857142846e-003	1.342691e-001
3.014707142857130e-003	1.375246e-001
3.015421428571415e-003	1.401765e-001
3.016135714285700e-003	1.422247e-001
3.016849999999984e-003	1.436693e-001
3.017564285714269e-003	1.447100e-001
3.018278571428554e-003	1.454246e-001
3.018992857142838e-003	1.458128e-001
3.019707142857122e-003	1.458748e-001
3.020421428571407e-003	1.456106e-001
3.021135714285692e-003	1.450201e-001
3.021849999999976e-003	1.441033e-001
3.022764285714260e-003	1.425999e-001
3.023678571428545e-003	1.408658e-001
3.024592857142829e-003	1.389009e-001
3.025507142857113e-003	1.367053e-001
3.026421428571397e-003	1.342789e-001
3.027335714285682e-003	1.316217e-001
3.028249999999966e-003	1.287338e-001
3.029521428571392e-003	1.245323e-001
3.030792857142819e-003	1.202734e-001
3.032064285714245e-003	1.159572e-001
3.033335714285672e-003	1.115836e-001
3.034607142857099e-003	1.071528e-001
3.035878571428525e-003	1.026646e-001
3.037149999999952e-003	9.811904e-002
3.038535714285664e-003	9.329487e-002
3.039921428571376e-003	8.860194e-002
3.041307142857088e-003	8.404025e-002
3.042692857142800e-003	7.960979e-002
3.044078571428512e-003	7.531056e-002
3.045464285714224e-003	7.114257e-002
3.046849999999936e-003	6.710582e-002
3.048292857142791e-003	6.310750e-002
3.049735714285646e-003	5.928434e-002
3.051178571428501e-003	5.563635e-002
3.052621428571355e-003	5.216353e-002
3.054064285714210e-003	4.886588e-002
3.055507142857065e-003	4.574340e-002
3.056949999999920e-003	4.279608e-002
3.057435714285634e-003	4.183926e-002
3.057921428571347e-003	4.090021e-002
3.058407142857060e-003	3.997892e-002
3.058892857142774e-003	3.907540e-002
3.059378571428488e-003	3.818965e-002
3.059864285714201e-003	3.732166e-002
3.060349999999914e-003	3.647144e-002
3.060449999999914e-003	3.629840e-002
3.062078571428483e-003	3.360233e-002
3.063707142857052e-003	3.106586e-002
3.065335714285621e-003	2.868900e-002
3.066964285714189e-003	2.647174e-002
3.068592857142758e-003	2.441408e-002
3.070221428571327e-003	2.251602e-002
3.071849999999896e-003	2.077756e-002
3.073778571428465e-003	1.888852e-002
3.075707142857033e-003	1.713728e-002
3.077635714285601e-003	1.552384e-002
3.079564285714169e-003	1.404820e-002
3.081492857142738e-003	1.271037e-002
3.083421428571306e-003	1.151033e-002
3.085349999999874e-003	1.044810e-002
3.087478571428443e-003	9.385669e-003
3.089607142857010e-003	8.410658e-003
3.091735714285579e-003	7.523065e-003
3.093864285714146e-003	6.722890e-003
3.095992857142715e-003	6.010134e-003
3.098121428571282e-003	5.384796e-003
3.100249999999851e-003	4.846877e-003
3.102621428571275e-003	4.309467e-003
3.104992857142700e-003	3.821164e-003
3.107364285714125e-003	3.381970e-003
3.109735714285550e-003	2.991885e-003
3.112107142856974e-003	2.650908e-003
3.114478571428399e-003	2.359039e-003
3.116849999999824e-003	2.116279e-003
3.119849999999819e-003	1.847833e-003
3.122849999999814e-003	1.608412e-003
3.125849999999810e-003	1.398015e-003
3.128849999999805e-003	1.216642e-003
3.131849999999800e-003	1.064294e-003
3.134849999999795e-003	9.409698e-004
3.137849999999790e-003	8.466701e-004
3.141407142856927e-003	7.482870e-004
3.144964285714065e-003	6.614268e-004
3.148521428571202e-003	5.860896e-004
3.152078571428339e-003	5.222754e-004
3.155635714285476e-003	4.699842e-004
3.159192857142613e-003	4.292160e-004
3.162749999999750e-003	3.999708e-004
3.162849999999750e-003	3.990860e-004
3.171535714285451e-003	3.466690e-004
3.180221428571151e-003	3.020023e-004
3.188907142856851e-003	2.650860e-004
3.197592857142552e-003	2.359201e-004
3.206278571428252e-003	2.145045e-004
3.214964285713952e-003	2.008393e-004
3.223649999999653e-003	1.949244e-004
3.229578571428215e-003	1.872374e-004
3.235507142856777e-003	1.799095e-004
3.241435714285339e-003	1.729408e-004
3.247364285713900e-003	1.663311e-004
3.253292857142463e-003	1.600805e-004
3.259221428571024e-003	1.541891e-004
3.265149999999586e-003	1.486568e-004
3.265249999999586e-003	1.485635e-004
3.279864285713848e-003	1.358608e-004
3.294478571428111e-003	1.240692e-004
3.309092857142373e-003	1.131890e-004
3.323707142856635e-003	1.032199e-004
3.338321428570898e-003	9.416204e-005
3.352935714285160e-003	8.601543e-005
3.367549999999422e-003	7.878005e-005
3.367649999999422e-003	7.873134e-005
3.382264285713684e-003	7.203790e-005
3.396878571427947e-003	6.581779e-005
3.411492857142209e-003	6.007100e-005
3.426107142856471e-003	5.479753e-005
3.440721428570734e-003	4.999739e-005
3.455335714284996e-003	4.567057e-005
3.469949999999258e-003	4.181707e-005
3.470049999999258e-003	4.179122e-005
3.484664285713520e-003	3.823835e-005
3.499278571427783e-003	3.493672e-005
3.513892857142045e-003	3.188631e-005
3.528507142856307e-003	2.908713e-005
3.543121428570569e-003	2.653918e-005
3.557735714284832e-003	2.424245e-005
3.572349999999094e-003	2.219695e-005
3.572449999999094e-003	2.218323e-005
3.587064285713356e-003	2.029733e-005
3.601678571427619e-003	1.854479e-005
3.616292857141881e-003	1.692560e-005
3.630907142856143e-003	1.543976e-005
3.645521428570405e-003	1.408728e-005
3.660135714284668e-003	1.286815e-005
3.674749999998930e-003	1.178238e-005
3.674849999998930e-003	1.177509e-005
3.689464285713192e-003	1.077404e-005
3.704078571427455e-003	9.843771e-006
3.718692857141717e-003	8.984288e-006
3.733307142855979e-003	8.195591e-006
3.747921428570241e-003	7.477680e-006
3.762535714284504e-003	6.830554e-006
3.777149999998766e-003	6.254214e-006
3.777249999998766e-003	6.250347e-006
3.791864285713028e-003	5.718976e-006
3.806478571427291e-003	5.225180e-006
3.821092857141553e-003	4.768957e-006
3.835707142855815e-003	4.350308e-006
3.850321428570077e-003	3.969233e-006
3.864935714284340e-003	3.625732e-006
3.879549999998602e-003	3.319804e-006
3.879649999998602e-003	3.317751e-006
3.894264285712911e-003	3.035694e-006
3.908878571427220e-003	2.773582e-006
3.923492857141529e-003	2.531414e-006
3.938107142855839e-003	2.309190e-006
3.952721428570148e-003	2.106911e-006
3.967335714284457e-003	1.924577e-006
3.981949999998766e-003	1.762188e-006
3.982049999998767e-003	1.761098e-006
4.001000000000000e-003	1.566323e-006
4.001010000000000e-003	1.568612e-006
4.001030000000000e-003	1.598346e-006
4.001062314704167e-003	1.788552e-006
4.001095176810220e-003	2.584975e-006
4.001160901022326e-003	7.347697e-006
4.001243526682326e-003	2.103093e-005
4.001321612750391e-003	4.613516e-005
4.001402266006567e-003	8.463101e-005
4.001427402072517e-003	1.020606e-004
4.001460916827117e-003	1.297627e-004
4.001500000000000e-003	1.655353e-004
4.001531593976562e-003	2.019029e-004
4.001563187953125e-003	2.428358e-004
4.001594781929688e-003	2.883340e-004
4.001626375906249e-003	3.383974e-004
4.001657969882812e-003	3.930261e-004
4.001689563859374e-003	4.522200e-004
4.001721157835937e-003	5.159792e-004
4.001821157835937e-003	7.420214e-004
4.001921157835937e-003	1.012643e-003
4.002021157835938e-003	1.327245e-003
4.002121157835938e-003	1.685238e-003
4.002221157835938e-003	2.086036e-003
4.002321157835938e-003	2.529059e-003
4.002421157835939e-003	3.013734e-003
4.002521157835939e-003	3.539492e-003
4.002721157835940e-003	4.712014e-003
4.002921157835940e-003	6.042195e-003
4.003121157835941e-003	7.525693e-003
4.003321157835941e-003	9.158248e-003
4.003521157835942e-003	1.093569e-002
4.003821157835943e-003	1.386461e-002
4.004121157835943e-003	1.709691e-002
4.004421157835944e-003	2.061954e-002
4.004718135287952e-003	2.440866e-002
4.005015112739960e-003	2.842963e-002
4.005312090191968e-003	3.268244e-002
4.005609067643977e-003	3.716709e-002
4.005906045095984e-003	4.188359e-002
4.006203022547993e-003	4.683193e-002
4.006500000000001e-003	5.201212e-002
4.006570000000000e-003	5.325760e-002
4.006750000000001e-003	5.648722e-002
4.006899999999999e-003	5.918171e-002
4.007000000000000e-003	6.096626e-002
4.007029999999999e-003	6.149657e-002
4.007718571428572e-003	7.287277e-002
4.008407142857144e-003	8.328472e-002
4.009095714285716e-003	9.273240e-002
4.009784285714290e-003	1.012158e-001
4.010472857142862e-003	1.087350e-001
4.011161428571435e-003	1.152899e-001
4.011850000000007e-003	1.208805e-001
4.012564285714295e-003	1.259470e-001
4.013278571428582e-003	1.304099e-001
4.013992857142870e-003	1.342691e-001
4.014707142857158e-003	1.375246e-001
4.015421428571446e-003	1.401765e-001
4.016135714285733e-003	1.422247e-001
4.016850000000021e-003	1.436693e-001
4.017564285714309e-003	1.447100e-001
4.018278571428596e-003	1.454246e-001
4.018992857142884e-003	1.458128e-001
4.019707142857171e-003	1.458748e-001
4.020421428571459e-003	1.456106e-001
4.021135714285746e-003	1.450201e-001
4.021850000000034e-003	1.441033e-001
4.022764285714323e-003	1.425999e-001
4.023678571428610e-003	1.408658e-001
4.024592857142899e-003	1.389009e-001
4.025507142857187e-003	1.367053e-001
4.026421428571476e-003	1.342789e-001
4.027335714285763e-003	1.316217e-001
4.028250000000052e-003	1.287338e-001
4.029521428571484e-003	1.245323e-001
4.030792857142916e-003	1.202734e-001
4.032064285714348e-003	1.159572e-001
4.033335714285780e-003	1.115836e-001
4.034607142857212e-003	1.071528e-001
4.035878571428644e-003	1.026646e-001
4.037150000000076e-003	9.811904e-002
4.038535714285794e-003	9.329487e-002
4.039921428571513e-003	8.860194e-002
4.041307142857230e-003	8.404025e-002
4.042692857142948e-003	7.960979e-002
4.044078571428666e-003	7.531056e-002
4.045464285714385e-003	7.114257e-002
4.046850000000103e-003	6.710582e-002
4.048292857142964e-003	6.310750e-002
4.049735714285825e-003	5.928434e-002
4.051178571428686e-003	5.563635e-002
4.052621428571547e-003	5.216353e-002
4.054064285714408e-003	4.886588e-002
4.055507142857269e-003	4.574340e-002
4.056950000000130e-003	4.279608e-002
4.058521428571564e-003	3.978409e-002
4.060092857142996e-003	3.693940e-002
4.061664285714429e-003	3.426200e-002
4.063235714285862e-003	3.175189e-002
4.064807142857295e-003	2.940908e-002
4.066378571428727e-003	2.723356e-002
4.067950000000160e-003	2.522533e-002
4.069764285714451e-003	2.308410e-002
4.071578571428741e-003	2.108879e-002
4.073392857143032e-003	1.923938e-002
4.075207142857323e-003	1.753588e-002
4.077021428571614e-003	1.597829e-002
4.078835714285904e-003	1.456661e-002
4.080650000000195e-003	1.330083e-002
4.082750000000201e-003	1.194311e-002
4.084850000000207e-003	1.074581e-002
4.086950000000212e-003	9.645386e-003
4.089050000000218e-003	8.641837e-003
4.091150000000224e-003	7.735164e-003
4.093250000000230e-003	6.925368e-003
4.095350000000235e-003	6.212448e-003
4.097450000000241e-003	5.596404e-003
4.099764285714533e-003	4.986145e-003
4.102078571428825e-003	4.430494e-003
4.104392857143117e-003	3.929449e-003
4.106707142857409e-003	3.483011e-003
4.109021428571702e-003	3.091180e-003
4.111335714285993e-003	2.753957e-003
4.113650000000285e-003	2.471339e-003
4.116492857143150e-003	2.165971e-003
4.119335714286015e-003	1.892482e-003
4.122178571428880e-003	1.650871e-003
4.125021428571745e-003	1.441138e-003
4.127864285714610e-003	1.263284e-003
4.130707142857475e-003	1.117309e-003
4.133550000000340e-003	1.003212e-003
4.137664285714637e-003	8.639433e-004
4.141778571428933e-003	7.425426e-004
4.145892857143231e-003	6.390095e-004
4.150007142857528e-003	5.533441e-004
4.154121428571825e-003	4.855462e-004
4.158235714286121e-003	4.356159e-004
4.162350000000419e-003	4.035533e-004
4.165592857143284e-003	3.776441e-004
4.168835714286150e-003	3.542676e-004
4.172078571429016e-003	3.334240e-004
4.175321428571883e-003	3.151133e-004
4.178564285714749e-003	2.993354e-004
4.181807142857615e-003	2.860903e-004
4.185050000000481e-003	2.753780e-004
4.185150000000481e-003	2.750371e-004
4.199764285714807e-003	2.422021e-004
4.214378571429132e-003	2.133748e-004
4.228992857143458e-003	1.885552e-004
4.243607142857784e-003	1.677433e-004
4.258221428572110e-003	1.509392e-004
4.272835714286435e-003	1.381428e-004
4.287450000000761e-003	1.293540e-004
4.287550000000761e-003	1.292737e-004
4.302164285715087e-003	1.182652e-004
4.316778571429412e-003	1.080383e-004
4.331392857143738e-003	9.859318e-005
4.346007142858064e-003	8.992979e-005
4.360621428572390e-003	8.204812e-005
4.375235714286715e-003	7.494818e-005
4.389850000001041e-003	6.862996e-005
4.389950000001041e-003	6.858753e-005
4.404564285715367e-003	6.275656e-005
4.419178571429692e-003	5.733791e-005
4.433792857144018e-003	5.233158e-005
4.448407142858344e-003	4.773757e-005
4.463021428572670e-003	4.355588e-005
4.477635714286995e-003	3.978651e-005
4.492250000001321e-003	3.642946e-005
4.492350000001321e-003	3.640694e-005
4.506964285715647e-003	3.331182e-005
4.521578571429972e-003	3.043556e-005
4.536192857144298e-003	2.777816e-005
4.550807142858624e-003	2.533962e-005
4.565421428572950e-003	2.311994e-005
4.580035714287275e-003	2.111911e-005
4.594650000001601e-003	1.933715e-005
4.594750000001601e-003	1.932519e-005
4.609364285715927e-003	1.768227e-005
4.623978571430252e-003	1.615552e-005
4.638592857144578e-003	1.474495e-005
4.653207142858904e-003	1.345054e-005
4.667821428573230e-003	1.227231e-005
4.682435714287555e-003	1.121025e-005
4.697050000001881e-003	1.026437e-005
4.697150000001881e-003	1.025802e-005
4.711764285716207e-003	9.385940e-006
4.726378571430532e-003	8.575525e-006
4.740992857144858e-003	7.826776e-006
4.755607142859184e-003	7.139692e-006
4.770221428573510e-003	6.514275e-006
4.784835714287835e-003	5.950523e-006
4.799450000002161e-003	5.448437e-006
4.799550000002161e-003	5.445068e-006
4.814164285716487e-003	4.982158e-006
4.828778571430812e-003	4.551981e-006
4.843392857145138e-003	4.154537e-006
4.858007142859464e-003	3.789825e-006
4.872621428573790e-003	3.457847e-006
4.887235714288115e-003	3.158601e-006
4.901850000002441e-003	2.892089e-006
4.901950000002441e-003	2.890300e-006
4.915935714288193e-003	2.654405e-006
4.929921428573947e-003	2.434628e-006
4.943907142859699e-003	2.230968e-006
4.957892857145451e-003	2.043425e-006
4.971878571431204e-003	1.872000e-006
4.985864285716957e-003	1.716693e-006
4.999850000002709e-003	1.577503e-006
4.999950000002709e-003	1.576528e-006
5.000000000000000e-003	1.576041e-006
