time	V(in)	V(out)
0.000000000000000e+000	0.000000e+000	0.000000e+000
1.000000000000000e-006	0.000000e+000	0.000000e+000
1.011300737249399e-006	-2.259150e-002	-3.872639e-008
1.022601474498797e-006	-4.518299e-002	-1.981331e-008
1.033902211748196e-006	-6.777449e-002	5.673924e-008
1.045202948997595e-006	-9.036599e-002	1.909313e-007
1.056503686246993e-006	-1.129575e-001	3.827628e-007
1.067804423496392e-006	-1.355490e-001	6.322337e-007
1.079105160745791e-006	-1.581405e-001	9.393441e-007
1.158833196773045e-006	-3.175262e-001	6.799810e-006
1.239628502525132e-006	-4.790455e-001	2.186305e-005
1.326409992709352e-006	-6.525319e-001	5.417276e-005
1.407432790524714e-006	-8.145061e-001	9.902709e-005
1.431757366238338e-006	-8.631337e-001	1.193150e-004
1.459556881339623e-006	-9.187082e-001	1.460416e-004
1.500000000000000e-006	-9.995587e-001	1.887400e-004
1.532196238263882e-006	-9.995587e-001	2.314413e-004
1.564392476527763e-006	-9.995587e-001	2.795568e-004
1.596588714791644e-006	-9.995587e-001	3.330867e-004
1.628784953055526e-006	-9.995587e-001	3.920308e-004
1.660981191319407e-006	-9.995587e-001	4.563893e-004
1.693177429583289e-006	-9.995587e-001	5.261621e-004
1.725373667847170e-006	-9.995587e-001	6.013492e-004
1.825373667847170e-006	-9.995587e-001	8.630762e-004
1.925373667847170e-006	-9.995587e-001	1.175786e-003
2.025373667847170e-006	-9.995587e-001	1.538724e-003
2.125373667847170e-006	-9.995587e-001	1.951146e-003
2.225373667847170e-006	-9.995587e-001	2.412313e-003
2.325373667847169e-006	-9.995587e-001	2.921497e-003
2.425373667847169e-006	-9.995587e-001	3.477974e-003
2.525373667847169e-006	-9.995587e-001	4.081031e-003
2.625373667847169e-006	-9.995587e-001	4.729961e-003
2.825373667847169e-006	-9.995587e-001	6.162652e-003
3.025373667847169e-006	-9.995587e-001	7.770545e-003
3.225373667847168e-006	-9.995587e-001	9.548254e-003
3.425373667847168e-006	-9.995587e-001	1.149051e-002
3.725373667847168e-006	-9.995587e-001	1.470117e-002
4.025373667847168e-006	-9.995587e-001	1.825356e-002
4.325373667847167e-006	-9.995587e-001	2.213128e-002
4.636034572440429e-006	-9.995587e-001	2.651275e-002
4.946695477033692e-006	-9.995587e-001	3.116898e-002
5.257356381626953e-006	-9.995587e-001	3.609999e-002
5.568017286220215e-006	-9.995587e-001	4.130577e-002
5.878678190813477e-006	-9.995587e-001	4.678631e-002
6.189339095406739e-006	-9.995587e-001	5.254163e-002
6.500000000000000e-006	-9.995587e-001	5.857171e-002
6.570000000000000e-006	-8.596206e-001	5.995524e-002
6.750000000000000e-006	-4.997794e-001	6.353861e-002
6.900000000000001e-006	-1.999118e-001	6.652306e-002
7.000000000000001e-006	3.422138e-009	6.849623e-002
7.030000000000001e-006	1.500940e-008	6.908175e-002
7.675714285714291e-006	1.687365e-008	8.081225e-002
8.321428571428580e-006	1.829604e-008	9.149137e-002
8.967142857142871e-006	1.927656e-008	1.011191e-001
9.612857142857160e-006	1.981521e-008	1.096954e-001
1.025857142857145e-005	1.991200e-008	1.172204e-001
1.090428571428574e-005	1.956692e-008	1.236940e-001
1.155000000000003e-005	1.877997e-008	1.291161e-001
1.220714285714289e-005	1.870003e-008	1.338653e-001
1.286428571428575e-005	1.862043e-008	1.379824e-001
1.352142857142861e-005	1.854118e-008	1.414674e-001
1.417857142857147e-005	1.846228e-008	1.443204e-001
1.483571428571433e-005	1.838372e-008	1.465412e-001
1.549285714285719e-005	1.830552e-008	1.481300e-001
1.615000000000005e-005	1.822767e-008	1.490866e-001
1.677857142857147e-005	1.815352e-008	1.496121e-001
1.740714285714289e-005	1.807968e-008	1.498216e-001
1.803571428571432e-005	1.800614e-008	1.497152e-001
1.866428571428574e-005	1.793292e-008	1.492928e-001
1.929285714285716e-005	1.786000e-008	1.485546e-001
1.992142857142858e-005	1.778738e-008	1.475004e-001
2.055000000000001e-005	1.771508e-008	1.461302e-001
2.145000000000000e-005	1.761208e-008	1.437595e-001
2.234999999999999e-005	1.750968e-008	1.411188e-001
2.324999999999998e-005	1.740789e-008	1.382082e-001
2.414999999999997e-005	1.730670e-008	1.350277e-001
2.504999999999997e-005	1.720611e-008	1.315772e-001
2.594999999999995e-005	1.710612e-008	1.278568e-001
2.684999999999995e-005	1.700673e-008	1.238664e-001
2.789285714285710e-005	1.689231e-008	1.191301e-001
2.893571428571425e-005	1.677865e-008	1.143578e-001
2.997857142857140e-005	1.666576e-008	1.095496e-001
3.102142857142855e-005	1.655364e-008	1.047054e-001
3.206428571428570e-005	1.644228e-008	9.982535e-002
3.310714285714285e-005	1.633169e-008	9.490932e-002
3.415000000000000e-005	1.622187e-008	8.995736e-002
3.499285714285716e-005	1.613365e-008	8.603861e-002
3.583571428571432e-005	1.604591e-008	8.218230e-002
3.667857142857149e-005	1.595865e-008	7.838843e-002
3.752142857142865e-005	1.587186e-008	7.465700e-002
3.836428571428582e-005	1.578555e-008	7.098801e-002
3.920714285714298e-005	1.569972e-008	6.738145e-002
4.005000000000014e-005	1.561436e-008	6.383734e-002
4.079285714285730e-005	1.553952e-008	6.078895e-002
4.153571428571446e-005	1.546504e-008	5.780757e-002
4.227857142857162e-005	1.539091e-008	5.489319e-002
4.302142857142879e-005	1.531714e-008	5.204582e-002
4.376428571428595e-005	1.524373e-008	4.926546e-002
4.450714285714311e-005	1.517067e-008	4.655211e-002
4.525000000000027e-005	1.509797e-008	4.390577e-002
4.643571428571458e-005	1.498266e-008	3.983514e-002
4.762142857142890e-005	1.486822e-008	3.593629e-002
4.880714285714321e-005	1.475465e-008	3.220921e-002
4.999285714285752e-005	1.464195e-008	2.865391e-002
5.117857142857184e-005	1.453011e-008	2.527038e-002
5.236428571428616e-005	1.441914e-008	2.205863e-002
5.355000000000047e-005	1.430904e-008	1.901866e-002
5.483571428571478e-005	1.419061e-008	1.591080e-002
5.612142857142910e-005	1.407314e-008	1.296765e-002
5.740714285714342e-005	1.395663e-008	1.018921e-002
5.869285714285774e-005	1.384109e-008	7.575471e-003
5.997857142857205e-005	1.372651e-008	5.126442e-003
6.126428571428637e-005	1.361289e-008	2.842120e-003
6.255000000000068e-005	1.350024e-008	7.225041e-004
6.373571428571499e-005	1.339717e-008	-1.110315e-003
6.492142857142931e-005	1.329487e-008	-2.841474e-003
6.610714285714363e-005	1.319335e-008	-4.470974e-003
6.729285714285794e-005	1.309260e-008	-5.998815e-003
6.847857142857226e-005	1.299262e-008	-7.424997e-003
6.966428571428657e-005	1.289342e-008	-8.749520e-003
7.085000000000088e-005	1.279499e-008	-9.972383e-003
7.273571428571521e-005	1.264003e-008	-1.172648e-002
7.462142857142954e-005	1.248690e-008	-1.332203e-002
7.650714285714388e-005	1.233559e-008	-1.475904e-002
7.839285714285821e-005	1.218610e-008	-1.603750e-002
8.027857142857254e-005	1.203843e-008	-1.715741e-002
8.216428571428687e-005	1.189259e-008	-1.811878e-002
8.405000000000120e-005	1.174857e-008	-1.892160e-002
8.609285714285840e-005	1.159453e-008	-1.967576e-002
8.813571428571559e-005	1.144244e-008	-2.033865e-002
9.017857142857278e-005	1.129230e-008	-2.091027e-002
9.222142857142997e-005	1.114413e-008	-2.139063e-002
9.426428571428717e-005	1.099791e-008	-2.177972e-002
9.630714285714437e-005	1.085365e-008	-2.207755e-002
9.835000000000155e-005	1.071134e-008	-2.228411e-002
9.845000000000155e-005	1.070442e-008	-2.229381e-002
1.022071428571445e-004	1.044796e-008	-2.249957e-002
1.059642857142875e-004	1.019731e-008	-2.260993e-002
1.097214285714304e-004	9.952454e-009	-2.262488e-002
1.134785714285734e-004	9.713402e-009	-2.254443e-002
1.172357142857163e-004	9.480154e-009	-2.236858e-002
1.209928571428593e-004	9.252707e-009	-2.209733e-002
1.247500000000022e-004	9.031064e-009	-2.173067e-002
1.322500000000024e-004	8.605947e-009	-2.094496e-002
1.397500000000026e-004	8.198790e-009	-2.015357e-002
1.472500000000027e-004	7.809592e-009	-1.935651e-002
1.547500000000029e-004	7.438352e-009	-1.855376e-002
1.622500000000031e-004	7.085072e-009	-1.774534e-002
1.697500000000033e-004	6.749751e-009	-1.693123e-002
1.772500000000035e-004	6.432389e-009	-1.611145e-002
1.806071428571464e-004	6.294475e-009	-1.577156e-002
1.839642857142894e-004	6.159369e-009	-1.543791e-002
1.873214285714323e-004	6.027071e-009	-1.511051e-002
1.906785714285752e-004	5.897582e-009	-1.478937e-002
1.940357142857182e-004	5.770902e-009	-1.447447e-002
1.973928571428611e-004	5.647030e-009	-1.416582e-002
2.007500000000040e-004	5.525967e-009	-1.386343e-002
2.008500000000040e-004	5.522396e-009	-1.385451e-002
2.152500000000044e-004	5.040050e-009	-1.264674e-002
2.296500000000047e-004	4.592592e-009	-1.152591e-002
2.440500000000051e-004	4.180022e-009	-1.049202e-002
2.584500000000054e-004	3.802339e-009	-9.545067e-003
2.728500000000058e-004	3.459544e-009	-8.685056e-003
2.872500000000061e-004	3.151637e-009	-7.911985e-003
3.016500000000065e-004	2.878618e-009	-7.225853e-003
3.032500000000065e-004	2.849003e-009	-7.151514e-003
3.178642857142926e-004	2.596747e-009	-6.518309e-003
3.324785714285787e-004	2.362945e-009	-5.931427e-003
3.470928571428647e-004	2.147598e-009	-5.390867e-003
3.617071428571508e-004	1.950704e-009	-4.896630e-003
3.763214285714369e-004	1.772265e-009	-4.448716e-003
3.909357142857230e-004	1.612281e-009	-4.047124e-003
4.055500000000090e-004	1.470750e-009	-3.691855e-003
4.056500000000090e-004	1.469800e-009	-3.689469e-003
4.202642857142936e-004	1.339661e-009	-3.362797e-003
4.348785714285781e-004	1.219043e-009	-3.060023e-003
4.494928571428627e-004	1.107945e-009	-2.781147e-003
4.641071428571472e-004	1.006368e-009	-2.526170e-003
4.787214285714318e-004	9.143113e-010	-2.295091e-003
4.933357142857163e-004	8.317751e-010	-2.087910e-003
5.079500000000008e-004	7.587595e-010	-1.904627e-003
5.080500000000008e-004	7.582692e-010	-1.903396e-003
5.226642857142789e-004	6.911307e-010	-1.734866e-003
5.372785714285571e-004	6.289038e-010	-1.578665e-003
5.518928571428352e-004	5.715886e-010	-1.434793e-003
5.665071428571134e-004	5.191849e-010	-1.303250e-003
5.811214285713916e-004	4.716929e-010	-1.184037e-003
5.957357142856697e-004	4.291126e-010	-1.077152e-003
6.103499999999478e-004	3.914438e-010	-9.825965e-004
6.104499999999478e-004	3.911909e-010	-9.819617e-004
6.250642857142259e-004	3.565542e-010	-8.950170e-004
6.396785714285041e-004	3.244513e-010	-8.144329e-004
6.542928571427822e-004	2.948824e-010	-7.402094e-004
6.689071428570603e-004	2.678474e-010	-6.723465e-004
6.835214285713386e-004	2.433462e-010	-6.108442e-004
6.981357142856167e-004	2.213791e-010	-5.557025e-004
7.127499999998948e-004	2.019458e-010	-5.069213e-004
7.128499999998947e-004	2.018153e-010	-5.065938e-004
7.274642857141729e-004	1.839462e-010	-4.617391e-004
7.420785714284511e-004	1.673843e-010	-4.201657e-004
7.566928571427292e-004	1.521297e-010	-3.818739e-004
7.713071428570073e-004	1.381824e-010	-3.468634e-004
7.859214285712855e-004	1.255423e-010	-3.151344e-004
8.005357142855636e-004	1.142094e-010	-2.866867e-004
8.151499999998418e-004	1.041838e-010	-2.615206e-004
8.152499999998417e-004	1.041165e-010	-2.613516e-004
8.298642857141198e-004	9.489779e-011	-2.382110e-004
8.444785714283981e-004	8.635354e-011	-2.167634e-004
8.590928571426762e-004	7.848370e-011	-1.970086e-004
8.737071428569543e-004	7.128826e-011	-1.789467e-004
8.883214285712325e-004	6.476723e-011	-1.625777e-004
9.029357142855106e-004	5.892060e-011	-1.479016e-004
9.175499999997887e-004	5.374838e-011	-1.349184e-004
9.176499999997887e-004	5.371365e-011	-1.348312e-004
9.295571428569617e-004	4.978358e-011	-1.249660e-004
9.414642857141348e-004	4.609819e-011	-1.157150e-004
9.533714285713078e-004	4.265751e-011	-1.070782e-004
9.652785714284809e-004	3.946152e-011	-9.905572e-005
9.771857142856538e-004	3.651022e-011	-9.164743e-005
9.890928571428270e-004	3.380362e-011	-8.485337e-005
1.001000000000000e-003	3.134172e-011	-7.867354e-005
1.001030000000000e-003	-5.997352e-002	-7.862478e-005
1.001059440478284e-003	-1.188285e-001	-7.843677e-005
1.001089443134068e-003	-1.788073e-001	-7.771341e-005
1.001149448445636e-003	-2.987650e-001	-7.345046e-005
1.001226334096665e-003	-4.524685e-001	-6.029598e-005
1.001313009364140e-003	-6.257425e-001	-3.073210e-005
1.001393820579932e-003	-7.872936e-001	1.191724e-005
1.001415183225087e-003	-8.300000e-001	2.750121e-005
1.001457908515398e-003	-9.154130e-001	6.670031e-005
1.001500000000000e-003	-9.995587e-001	1.103346e-004
1.001532926228895e-003	-9.995587e-001	1.541516e-004
1.001565852457791e-003	-9.995587e-001	2.036001e-004
1.001598778686686e-003	-9.995587e-001	2.586801e-004
1.001631704915582e-003	-9.995587e-001	3.193916e-004
1.001664631144477e-003	-9.995587e-001	3.857345e-004
1.001697557373373e-003	-9.995587e-001	4.577090e-004
1.001730483602268e-003	-9.995587e-001	5.353149e-004
1.001830483602268e-003	-9.995587e-001	7.997686e-004
1.001930483602268e-003	-9.995587e-001	1.115165e-003
1.002030483602268e-003	-9.995587e-001	1.480752e-003
1.002130483602268e-003	-9.995587e-001	1.895783e-003
1.002230483602268e-003	-9.995587e-001	2.359522e-003
1.002330483602268e-003	-9.995587e-001	2.871238e-003
1.002430483602268e-003	-9.995587e-001	3.430211e-003
1.002530483602268e-003	-9.995587e-001	4.035727e-003
1.002630483602268e-003	-9.995587e-001	4.687080e-003
1.002830483602268e-003	-9.995587e-001	6.124507e-003
1.003030483602269e-003	-9.995587e-001	7.736993e-003
1.003230483602269e-003	-9.995587e-001	9.519158e-003
1.003430483602269e-003	-9.995587e-001	1.146573e-002
1.003730483602269e-003	-9.995587e-001	1.468263e-002
1.004030483602269e-003	-9.995587e-001	1.824095e-002
1.004330483602269e-003	-9.995587e-001	2.212434e-002
1.004640414516231e-003	-9.995587e-001	2.650051e-002
1.004950345430192e-003	-9.995587e-001	3.115002e-002
1.005260276344154e-003	-9.995587e-001	3.607287e-002
1.005570207258115e-003	-9.995587e-001	4.126907e-002
1.005880138172077e-003	-9.995587e-001	4.673861e-002
1.006190069086038e-003	-9.995587e-001	5.248149e-002
1.006500000000000e-003	-9.995587e-001	5.849771e-002
1.006570000000000e-003	-8.596206e-001	5.988128e-002
1.006750000000000e-003	-4.997794e-001	6.346478e-002
1.006900000000000e-003	-1.999118e-001	6.644934e-002
1.007000000000000e-003	3.452635e-009	6.842259e-002
1.007030000000000e-003	1.503988e-008	6.900812e-002
1.007675714285715e-003	1.690401e-008	8.073907e-002
1.008321428571429e-003	1.832627e-008	9.141862e-002
1.008967142857144e-003	1.930667e-008	1.010468e-001
1.009612857142858e-003	1.984520e-008	1.096235e-001
1.010258571428573e-003	1.994186e-008	1.171488e-001
1.010904285714288e-003	1.959666e-008	1.236228e-001
1.011550000000002e-003	1.880959e-008	1.290453e-001
1.012207142857146e-003	1.872951e-008	1.337948e-001
1.012864285714289e-003	1.864979e-008	1.379122e-001
1.013521428571432e-003	1.857041e-008	1.413976e-001
1.014178571428575e-003	1.849139e-008	1.442508e-001
1.014835714285718e-003	1.841271e-008	1.464720e-001
1.015492857142862e-003	1.833439e-008	1.480611e-001
1.016150000000005e-003	1.825641e-008	1.490180e-001
1.016464285714291e-003	1.821924e-008	1.493587e-001
1.016778571428577e-003	1.818214e-008	1.496076e-001
1.017092857142863e-003	1.814512e-008	1.497646e-001
1.017407142857149e-003	1.810818e-008	1.498297e-001
1.017721428571435e-003	1.807132e-008	1.498030e-001
1.018035714285720e-003	1.803454e-008	1.496845e-001
1.018350000000006e-003	1.799783e-008	1.494741e-001
1.018450000000006e-003	1.798617e-008	1.493937e-001
1.019221428571435e-003	1.789646e-008	1.484167e-001
1.019992857142864e-003	1.780720e-008	1.471291e-001
1.020764285714293e-003	1.771840e-008	1.455309e-001
1.021535714285722e-003	1.763005e-008	1.436221e-001
1.022307142857151e-003	1.754215e-008	1.414027e-001
1.023078571428580e-003	1.745470e-008	1.388727e-001
1.023850000000009e-003	1.736771e-008	1.360321e-001
1.024935714285724e-003	1.724603e-008	1.317165e-001
1.026021428571439e-003	1.712520e-008	1.272466e-001
1.027107142857154e-003	1.700523e-008	1.226226e-001
1.028192857142869e-003	1.688610e-008	1.178443e-001
1.029278571428584e-003	1.676782e-008	1.129119e-001
1.030364285714299e-003	1.665040e-008	1.078252e-001
1.031450000000014e-003	1.653383e-008	1.025843e-001
1.032392857142871e-003	1.643326e-008	9.810020e-002
1.033335714285729e-003	1.633330e-008	9.366749e-002
1.034278571428587e-003	1.623395e-008	8.928621e-002
1.035221428571444e-003	1.613521e-008	8.495634e-002
1.036164285714302e-003	1.603707e-008	8.067790e-002
1.037107142857160e-003	1.593955e-008	7.645088e-002
1.038050000000017e-003	1.584263e-008	7.227528e-002
1.038707142857161e-003	1.577543e-008	6.943290e-002
1.039364285714304e-003	1.570852e-008	6.663924e-002
1.040021428571447e-003	1.564189e-008	6.389428e-002
1.040678571428590e-003	1.557554e-008	6.119804e-002
1.041335714285733e-003	1.550948e-008	5.855050e-002
1.041992857142877e-003	1.544370e-008	5.595168e-002
1.042650000000020e-003	1.537820e-008	5.340156e-002
1.043578571428592e-003	1.528613e-008	4.989217e-002
1.044507142857164e-003	1.519461e-008	4.649081e-002
1.045435714285736e-003	1.510364e-008	4.319749e-002
1.046364285714308e-003	1.501321e-008	4.001219e-002
1.047292857142880e-003	1.492332e-008	3.693494e-002
1.048221428571452e-003	1.483398e-008	3.396571e-002
1.049150000000024e-003	1.474519e-008	3.110452e-002
1.050635714285739e-003	1.460425e-008	2.676861e-002
1.052121428571454e-003	1.446463e-008	2.267708e-002
1.053607142857169e-003	1.432633e-008	1.882991e-002
1.055092857142884e-003	1.418935e-008	1.522710e-002
1.056578571428599e-003	1.405369e-008	1.186867e-002
1.058064285714315e-003	1.391935e-008	8.754604e-003
1.059550000000030e-003	1.378632e-008	5.884905e-003
1.060750000000030e-003	1.367981e-008	3.714950e-003
1.061950000000031e-003	1.357409e-008	1.662215e-003
1.063150000000032e-003	1.346919e-008	-2.733005e-004
1.064350000000032e-003	1.336510e-008	-2.091596e-003
1.065550000000033e-003	1.326182e-008	-3.792672e-003
1.066750000000034e-003	1.315934e-008	-5.376528e-003
1.067950000000034e-003	1.305767e-008	-6.843164e-003
1.069635714285750e-003	1.291620e-008	-8.726788e-003
1.071321428571465e-003	1.277622e-008	-1.046026e-002
1.073007142857180e-003	1.263774e-008	-1.204357e-002
1.074692857142895e-003	1.250075e-008	-1.347672e-002
1.076378571428610e-003	1.236525e-008	-1.475971e-002
1.078064285714326e-003	1.223125e-008	-1.589255e-002
1.079750000000041e-003	1.209874e-008	-1.687523e-002
1.082178571428614e-003	1.191042e-008	-1.808544e-002
1.084607142857187e-003	1.172492e-008	-1.914349e-002
1.087035714285759e-003	1.154224e-008	-2.004939e-002
1.089464285714332e-003	1.136238e-008	-2.080313e-002
1.091892857142905e-003	1.118535e-008	-2.140471e-002
1.094321428571478e-003	1.101115e-008	-2.185414e-002
1.096750000000051e-003	1.083976e-008	-2.215141e-002
1.100178571428624e-003	1.060247e-008	-2.242708e-002
1.103607142857197e-003	1.037010e-008	-2.260847e-002
1.107035714285771e-003	1.014267e-008	-2.269556e-002
1.110464285714344e-003	9.920158e-009	-2.268836e-002
1.113892857142917e-003	9.702580e-009	-2.258687e-002
1.117321428571491e-003	9.489931e-009	-2.239109e-002
1.120750000000064e-003	9.282211e-009	-2.210102e-002
1.120850000000064e-003	9.276214e-009	-2.209326e-002
1.127492857142925e-003	8.887981e-009	-2.145215e-002
1.134135714285786e-003	8.514494e-009	-2.079054e-002
1.140778571428647e-003	8.155753e-009	-2.010842e-002
1.147421428571508e-003	7.811758e-009	-1.940579e-002
1.154064285714369e-003	7.482508e-009	-1.868265e-002
1.160707142857230e-003	7.168005e-009	-1.793900e-002
1.167350000000091e-003	6.868248e-009	-1.717484e-002
1.175321428571524e-003	6.525356e-009	-1.633473e-002
1.183292857142957e-003	6.197734e-009	-1.552913e-002
1.191264285714390e-003	5.885383e-009	-1.475803e-002
1.199235714285823e-003	5.588303e-009	-1.402143e-002
1.207207142857256e-003	5.306494e-009	-1.331934e-002
1.215178571428689e-003	5.039955e-009	-1.265175e-002
1.223150000000122e-003	4.788687e-009	-1.201866e-002
1.223250000000122e-003	4.785593e-009	-1.201091e-002
1.237692857142988e-003	4.366454e-009	-1.095950e-002
1.252135714285853e-003	3.977700e-009	-9.984216e-003
1.266578571428718e-003	3.619333e-009	-9.085055e-003
1.281021428571584e-003	3.291350e-009	-8.262018e-003
1.295464285714449e-003	2.993754e-009	-7.515105e-003
1.309907142857314e-003	2.726543e-009	-6.844316e-003
1.324350000000180e-003	2.489718e-009	-6.249650e-003
1.325650000000180e-003	2.468886e-009	-6.197359e-003
1.340264285714474e-003	2.250286e-009	-5.648634e-003
1.354878571428768e-003	2.047679e-009	-5.140053e-003
1.369492857143062e-003	1.861063e-009	-4.671613e-003
1.384107142857356e-003	1.690440e-009	-4.243317e-003
1.398721428571650e-003	1.535808e-009	-3.855163e-003
1.413335714285944e-003	1.397169e-009	-3.507152e-003
1.427950000000238e-003	1.274521e-009	-3.199284e-003
1.428050000000238e-003	1.273698e-009	-3.197217e-003
1.442664285714532e-003	1.160922e-009	-2.914130e-003
1.457278571428826e-003	1.056397e-009	-2.651752e-003
1.471892857143120e-003	9.601220e-010	-2.410084e-003
1.486507142857414e-003	8.720974e-010	-2.189126e-003
1.501121428571708e-003	7.923230e-010	-1.988878e-003
1.515735714286002e-003	7.207989e-010	-1.809339e-003
1.530350000000296e-003	6.575251e-010	-1.650510e-003
1.530450000000296e-003	6.571003e-010	-1.649443e-003
1.545064285714590e-003	5.989194e-010	-1.503399e-003
1.559678571428884e-003	5.449949e-010	-1.368038e-003
1.574292857143178e-003	4.953267e-010	-1.243362e-003
1.588907142857472e-003	4.499148e-010	-1.129369e-003
1.603521428571766e-003	4.087592e-010	-1.026061e-003
1.618135714286060e-003	3.718600e-010	-9.334374e-004
1.632750000000354e-003	3.392170e-010	-8.514976e-004
1.632850000000354e-003	3.389978e-010	-8.509475e-004
1.647464285714648e-003	3.089824e-010	-7.756030e-004
1.662078571428942e-003	2.811627e-010	-7.057706e-004
1.676692857143236e-003	2.555389e-010	-6.414500e-004
1.691307142857530e-003	2.321109e-010	-5.826415e-004
1.705921428571824e-003	2.108788e-010	-5.293448e-004
1.720535714286118e-003	1.918425e-010	-4.815601e-004
1.735150000000412e-003	1.750020e-010	-4.392874e-004
1.735250000000412e-003	1.748889e-010	-4.390035e-004
1.749864285714706e-003	1.594039e-010	-4.001334e-004
1.764478571429000e-003	1.450518e-010	-3.641068e-004
1.779092857143294e-003	1.318325e-010	-3.309239e-004
1.793707142857588e-003	1.197460e-010	-3.005846e-004
1.808321428571882e-003	1.087923e-010	-2.730888e-004
1.822935714286176e-003	9.897147e-011	-2.484367e-004
1.837550000000470e-003	9.028348e-011	-2.266282e-004
1.837650000000470e-003	9.022514e-011	-2.264818e-004
1.852264285714764e-003	8.223644e-011	-2.064287e-004
1.866878571429058e-003	7.483217e-011	-1.878426e-004
1.881492857143352e-003	6.801233e-011	-1.707235e-004
1.896107142857646e-003	6.177691e-011	-1.550715e-004
1.910721428571940e-003	5.612592e-011	-1.408865e-004
1.925335714286234e-003	5.105936e-011	-1.281684e-004
1.939950000000528e-003	4.657722e-011	-1.169175e-004
1.940050000000528e-003	4.654712e-011	-1.168419e-004
1.948757143394047e-003	1.225717e-006	-1.104920e-004
1.957464286787566e-003	1.685353e-006	-1.044470e-004
1.966171430181085e-003	1.378956e-006	-9.870713e-005
1.974878573574604e-003	3.065251e-007	-9.327224e-005
1.983585716968123e-003	-1.531940e-006	-8.814236e-005
1.992292860361641e-003	-4.136439e-006	-8.331749e-005
2.001000003755160e-003	-7.506971e-006	-7.879764e-005
2.001017590247423e-003	-3.516496e-002	-7.887290e-005
2.001035176739685e-003	-7.032242e-002	-7.877368e-005
2.001052763231948e-003	-1.054799e-001	-7.849998e-005
2.001070349724210e-003	-1.406373e-001	-7.805181e-005
2.001087936216473e-003	-1.757948e-001	-7.742917e-005
2.001105522708735e-003	-2.109523e-001	-7.663205e-005
2.001123109200998e-003	-2.461098e-001	-7.566046e-005
2.001198298053025e-003	-3.964211e-001	-6.654359e-005
2.001277164147604e-003	-5.540837e-001	-4.560786e-005
2.001362079143412e-003	-7.238387e-001	-6.669638e-006
2.001418987261025e-003	-8.376048e-001	3.425608e-005
2.001500000000000e-003	-9.995587e-001	1.103341e-004
2.001556708917283e-003	-9.995588e-001	1.887675e-004
2.001621519108463e-003	-9.995587e-001	3.014531e-004
2.001721519108463e-003	-9.995587e-001	5.141181e-004
2.001821519108462e-003	-9.995587e-001	7.739112e-004
2.001921519108462e-003	-9.995587e-001	1.084716e-003
2.002021519108462e-003	-9.995587e-001	1.445779e-003
2.002121519108462e-003	-9.995587e-001	1.856354e-003
2.002221519108462e-003	-9.995587e-001	2.315702e-003
2.002321519108462e-003	-9.995587e-001	2.823095e-003
2.002421519108461e-003	-9.995587e-001	3.377809e-003
2.002521519108461e-003	-9.995587e-001	3.979131e-003
2.002621519108461e-003	-9.995587e-001	4.626352e-003
2.002821519108461e-003	-9.995587e-001	6.055707e-003
2.003021519108460e-003	-9.995587e-001	7.660368e-003
2.003221519108460e-003	-9.995587e-001	9.434948e-003
2.003421519108460e-003	-9.995587e-001	1.137418e-002
2.003721519108459e-003	-9.995587e-001	1.458048e-002
2.004021519108459e-003	-9.995587e-001	1.812872e-002
2.004321519108458e-003	-9.995587e-001	2.200250e-002
2.004632730664393e-003	-9.995587e-001	2.638829e-002
2.004943942220327e-003	-9.995587e-001	3.104992e-002
2.005255153776262e-003	-9.995587e-001	3.598740e-002
2.005566365332197e-003	-9.995587e-001	4.120072e-002
2.005877576888131e-003	-9.995587e-001	4.668989e-002
2.006188788444066e-003	-9.995587e-001	5.245491e-002
2.006500000000000e-003	-9.995587e-001	5.849578e-002
2.006570000000000e-003	-8.596206e-001	5.987934e-002
2.006749999999999e-003	-4.997794e-001	6.346279e-002
2.006900000000000e-003	-1.999118e-001	6.644730e-002
2.007000000000000e-003	3.452192e-009	6.842053e-002
2.007030000000000e-003	1.503959e-008	6.900606e-002
2.007675714285713e-003	1.690371e-008	8.073687e-002
2.008321428571427e-003	1.832598e-008	9.141629e-002
2.008967142857140e-003	1.930637e-008	1.010443e-001
2.009612857142853e-003	1.984490e-008	1.096210e-001
2.010258571428566e-003	1.994157e-008	1.171462e-001
2.010904285714280e-003	1.959636e-008	1.236201e-001
2.011549999999993e-003	1.880930e-008	1.290426e-001
2.012207142857134e-003	1.872922e-008	1.337920e-001
2.012864285714276e-003	1.864950e-008	1.379094e-001
2.013521428571418e-003	1.857012e-008	1.413947e-001
2.014178571428560e-003	1.849110e-008	1.442480e-001
2.014835714285702e-003	1.841243e-008	1.464691e-001
2.015492857142844e-003	1.833410e-008	1.480582e-001
2.016149999999985e-003	1.825613e-008	1.490152e-001
2.016778571428556e-003	1.818187e-008	1.495409e-001
2.017407142857126e-003	1.810791e-008	1.497507e-001
2.018035714285697e-003	1.803426e-008	1.496446e-001
2.018664285714267e-003	1.796092e-008	1.492225e-001
2.019292857142837e-003	1.788789e-008	1.484845e-001
2.019921428571408e-003	1.781516e-008	1.474306e-001
2.020549999999978e-003	1.774274e-008	1.460607e-001
2.021449999999977e-003	1.763958e-008	1.436904e-001
2.022349999999975e-003	1.753703e-008	1.410501e-001
2.023249999999974e-003	1.743507e-008	1.381399e-001
2.024149999999972e-003	1.733372e-008	1.349598e-001
2.025049999999971e-003	1.723298e-008	1.315097e-001
2.025949999999970e-003	1.713283e-008	1.277897e-001
2.026849999999968e-003	1.703329e-008	1.237997e-001
2.027892857142824e-003	1.691869e-008	1.190638e-001
2.028935714285679e-003	1.680485e-008	1.142920e-001
2.029978571428535e-003	1.669179e-008	1.094842e-001
2.031021428571390e-003	1.657949e-008	1.046405e-001
2.032064285714245e-003	1.646796e-008	9.976084e-002
2.033107142857101e-003	1.635720e-008	9.484524e-002
2.034149999999956e-003	1.624721e-008	8.989371e-002
2.034807142857098e-003	1.617827e-008	8.683931e-002
2.035464285714240e-003	1.610963e-008	8.382010e-002
2.036121428571382e-003	1.604128e-008	8.083609e-002
2.036778571428524e-003	1.597323e-008	7.788728e-002
2.037435714285666e-003	1.590547e-008	7.497366e-002
2.038092857142807e-003	1.583799e-008	7.209524e-002
2.038749999999949e-003	1.577081e-008	6.925201e-002
2.038849999999949e-003	1.576062e-008	6.882438e-002
2.039649999999948e-003	1.567927e-008	6.543631e-002
2.040449999999946e-003	1.559835e-008	6.212389e-002
2.041249999999945e-003	1.551784e-008	5.888712e-002
2.042049999999944e-003	1.543775e-008	5.572599e-002
2.042849999999943e-003	1.535808e-008	5.264051e-002
2.043649999999941e-003	1.527882e-008	4.963068e-002
2.044449999999940e-003	1.519998e-008	4.669649e-002
2.045564285714224e-003	1.509086e-008	4.275222e-002
2.046678571428508e-003	1.498251e-008	3.896154e-002
2.047792857142792e-003	1.487493e-008	3.532443e-002
2.048907142857076e-003	1.476813e-008	3.184090e-002
2.050021428571359e-003	1.466210e-008	2.851096e-002
2.051135714285644e-003	1.455684e-008	2.533459e-002
2.052249999999927e-003	1.445235e-008	2.231180e-002
2.053621428571354e-003	1.432480e-008	1.880388e-002
2.054992857142780e-003	1.419835e-008	1.548921e-002
2.056364285714206e-003	1.407300e-008	1.236779e-002
2.057735714285633e-003	1.394875e-008	9.439628e-003
2.059107142857059e-003	1.382561e-008	6.704723e-003
2.060478571428486e-003	1.370358e-008	4.163073e-003
2.061849999999912e-003	1.358265e-008	1.814679e-003
2.062935714285625e-003	1.348766e-008	6.637288e-005
2.064021428571337e-003	1.339333e-008	-1.592965e-003
2.065107142857050e-003	1.329965e-008	-3.163336e-003
2.066192857142762e-003	1.320663e-008	-4.644739e-003
2.067278571428475e-003	1.311425e-008	-6.037175e-003
2.068364285714187e-003	1.302254e-008	-7.340643e-003
2.069449999999900e-003	1.293147e-008	-8.555144e-003
2.071249999999897e-003	1.278193e-008	-1.038522e-002
2.073049999999894e-003	1.263408e-008	-1.205862e-002
2.074849999999891e-003	1.248790e-008	-1.357536e-002
2.076649999999888e-003	1.234341e-008	-1.493543e-002
2.078449999999885e-003	1.220060e-008	-1.613883e-002
2.080249999999883e-003	1.205947e-008	-1.718557e-002
2.082049999999880e-003	1.192002e-008	-1.807564e-002
2.084621428571304e-003	1.172367e-008	-1.914426e-002
2.087192857142729e-003	1.153043e-008	-2.006601e-002
2.089764285714153e-003	1.134029e-008	-2.084089e-002
2.092335714285578e-003	1.115327e-008	-2.146891e-002
2.094907142857002e-003	1.096935e-008	-2.195006e-002
2.097478571428427e-003	1.078854e-008	-2.228434e-002
2.100049999999851e-003	1.061084e-008	-2.247176e-002
2.103949999999845e-003	1.034711e-008	-2.260690e-002
2.107849999999838e-003	1.008955e-008	-2.265196e-002
2.111749999999832e-003	9.838174e-009	-2.260695e-002
2.115649999999826e-003	9.592974e-009	-2.247186e-002
2.119549999999820e-003	9.353951e-009	-2.224670e-002
2.123449999999813e-003	9.121107e-009	-2.193146e-002
2.127349999999807e-003	8.894440e-009	-2.152615e-002
2.141249999999785e-003	8.130204e-009	-2.006944e-002
2.155578571428334e-003	7.423335e-009	-1.842592e-002
2.169907142856882e-003	6.767398e-009	-1.688275e-002
2.184235714285430e-003	6.162393e-009	-1.543991e-002
2.198564285713979e-003	5.608319e-009	-1.409741e-002
2.212892857142527e-003	5.105177e-009	-1.285526e-002
2.227221428571076e-003	4.652966e-009	-1.171344e-002
2.241549999999624e-003	4.251687e-009	-1.067197e-002
2.243649999999621e-003	4.194369e-009	-1.052816e-002
2.258135714285312e-003	3.826006e-009	-9.603690e-003
2.272621428571003e-003	3.484408e-009	-8.746365e-003
2.287107142856694e-003	3.169576e-009	-7.956187e-003
2.301592857142385e-003	2.881510e-009	-7.233156e-003
2.316078571428076e-003	2.620209e-009	-6.577272e-003
2.330564285713767e-003	2.385674e-009	-5.988535e-003
2.345049999999458e-003	2.177905e-009	-5.466944e-003
2.346049999999457e-003	2.163874e-009	-5.431724e-003
2.360664285713719e-003	1.972281e-009	-4.950789e-003
2.375278571427982e-003	1.794704e-009	-4.505038e-003
2.389892857142244e-003	1.631143e-009	-4.094471e-003
2.404507142856506e-003	1.481599e-009	-3.719087e-003
2.419121428570768e-003	1.346071e-009	-3.378887e-003
2.433735714285031e-003	1.224559e-009	-3.073870e-003
2.448349999999293e-003	1.117064e-009	-2.804037e-003
2.448449999999293e-003	1.116342e-009	-2.802225e-003
2.463064285713555e-003	1.017499e-009	-2.554111e-003
2.477678571427818e-003	9.258871e-010	-2.324148e-003
2.492292857142080e-003	8.415062e-010	-2.112337e-003
2.506907142856342e-003	7.643563e-010	-1.918676e-003
2.521521428570604e-003	6.944375e-010	-1.743167e-003
2.536135714284867e-003	6.317497e-010	-1.585809e-003
2.550749999999129e-003	5.762929e-010	-1.446602e-003
2.550849999999129e-003	5.759205e-010	-1.445667e-003
2.565464285713391e-003	5.249275e-010	-1.317665e-003
2.580078571427653e-003	4.776649e-010	-1.199027e-003
2.594692857141916e-003	4.341328e-010	-1.089754e-003
2.609307142856178e-003	3.943312e-010	-9.898445e-004
2.623921428570440e-003	3.582601e-010	-8.992993e-004
2.638535714284703e-003	3.259195e-010	-8.181183e-004
2.653149999998965e-003	2.973093e-010	-7.463015e-004
2.653249999998965e-003	2.971172e-010	-7.458193e-004
2.667864285713227e-003	2.708100e-010	-6.797831e-004
2.682478571427489e-003	2.464272e-010	-6.185779e-004
2.697092857141752e-003	2.239690e-010	-5.622037e-004
2.711707142856014e-003	2.034354e-010	-5.106605e-004
2.726321428570276e-003	1.848263e-010	-4.639483e-004
2.740935714284539e-003	1.681418e-010	-4.220670e-004
2.755549999998801e-003	1.533818e-010	-3.850168e-004
2.755649999998801e-003	1.532827e-010	-3.847680e-004
2.770264285713063e-003	1.397108e-010	-3.507000e-004
2.784878571427325e-003	1.271317e-010	-3.191242e-004
2.799492857141588e-003	1.155456e-010	-2.900408e-004
2.814107142855850e-003	1.049523e-010	-2.634496e-004
2.828721428570112e-003	9.535184e-011	-2.393508e-004
2.843335714284375e-003	8.674430e-011	-2.177443e-004
2.857949999998637e-003	7.912963e-011	-1.986300e-004
2.858049999998637e-003	7.907851e-011	-1.985017e-004
2.872664285712899e-003	7.207675e-011	-1.809260e-004
2.887278571427161e-003	6.558723e-011	-1.646361e-004
2.901892857141424e-003	5.960992e-011	-1.496319e-004
2.916507142855686e-003	5.414484e-011	-1.359136e-004
2.931121428569948e-003	4.919199e-011	-1.234810e-004
2.945735714284210e-003	4.475136e-011	-1.123342e-004
2.960349999998473e-003	4.082296e-011	-1.024732e-004
2.960449999998473e-003	4.079658e-011	-1.024070e-004
3.001000000000000e-003	3.139067e-011	-7.879642e-005
3.001030000000000e-003	-5.997352e-002	-7.874762e-005
3.001059454871599e-003	-1.188573e-001	-7.855937e-005
3.001089472448459e-003	-1.788659e-001	-7.783499e-005
3.001149507602178e-003	-2.988833e-001	-7.356635e-005
3.001226410740650e-003	-4.526217e-001	-6.040026e-005
3.001313078926210e-003	-6.258816e-001	-3.082280e-005
3.001393894688697e-003	-7.874418e-001	1.184342e-005
3.001415188515560e-003	-8.300107e-001	2.737709e-005
3.001457776169286e-003	-9.151484e-001	6.644715e-005
3.001500000000000e-003	-9.995587e-001	1.102126e-004
3.001532984839316e-003	-9.995587e-001	1.541168e-004
3.001565969678632e-003	-9.995587e-001	2.036701e-004
3.001598954517949e-003	-9.995587e-001	2.588725e-004
3.001631939357265e-003	-9.995587e-001	3.197240e-004
3.001664924196581e-003	-9.995587e-001	3.862246e-004
3.001697909035897e-003	-9.995587e-001	4.583744e-004
3.001730893875213e-003	-9.995587e-001	5.361732e-004
3.001830893875213e-003	-9.995587e-001	8.008376e-004
3.001930893875213e-003	-9.995587e-001	1.116442e-003
3.002030893875213e-003	-9.995587e-001	1.482233e-003
3.002130893875213e-003	-9.995587e-001	1.897465e-003
3.002230893875212e-003	-9.995587e-001	2.361402e-003
3.002330893875212e-003	-9.995587e-001	2.873314e-003
3.002430893875212e-003	-9.995587e-001	3.432480e-003
3.002530893875212e-003	-9.995587e-001	4.038185e-003
3.002630893875212e-003	-9.995587e-001	4.689724e-003
3.002830893875211e-003	-9.995587e-001	6.127517e-003
3.003030893875211e-003	-9.995587e-001	7.740357e-003
3.003230893875211e-003	-9.995587e-001	9.522865e-003
3.003430893875211e-003	-9.995587e-001	1.146977e-002
3.003730893875210e-003	-9.995587e-001	1.468714e-002
3.004030893875210e-003	-9.995587e-001	1.824593e-002
3.004330893875209e-003	-9.995587e-001	2.212974e-002
3.004640766178751e-003	-9.995587e-001	2.650547e-002
3.004950638482292e-003	-9.995587e-001	3.115442e-002
3.005260510785834e-003	-9.995587e-001	3.607660e-002
3.005570383089375e-003	-9.995587e-001	4.127200e-002
3.005880255392917e-003	-9.995587e-001	4.674064e-002
3.006190127696459e-003	-9.995587e-001	5.248250e-002
3.006500000000000e-003	-9.995587e-001	5.849759e-002
3.006570000000000e-003	-8.596206e-001	5.988117e-002
3.006749999999999e-003	-4.997794e-001	6.346467e-002
3.006900000000000e-003	-1.999118e-001	6.644922e-002
3.007000000000000e-003	3.452538e-009	6.842247e-002
3.007030000000000e-003	1.503993e-008	6.900800e-002
3.007675714285713e-003	1.690406e-008	8.073895e-002
3.008321428571427e-003	1.832632e-008	9.141850e-002
3.008967142857140e-003	1.930671e-008	1.010466e-001
3.009612857142853e-003	1.984524e-008	1.096234e-001
3.010258571428566e-003	1.994190e-008	1.171487e-001
3.010904285714280e-003	1.959670e-008	1.236226e-001
3.011549999999993e-003	1.880963e-008	1.290452e-001
3.012207142857134e-003	1.872956e-008	1.337947e-001
3.012864285714276e-003	1.864983e-008	1.379121e-001
3.013521428571418e-003	1.857046e-008	1.413975e-001
3.014178571428560e-003	1.849143e-008	1.442507e-001
3.014835714285702e-003	1.841276e-008	1.464719e-001
3.015492857142844e-003	1.833443e-008	1.480609e-001
3.016149999999985e-003	1.825646e-008	1.490179e-001
3.016778571428556e-003	1.818219e-008	1.495436e-001
3.017407142857126e-003	1.810823e-008	1.497534e-001
3.018035714285697e-003	1.803458e-008	1.496473e-001
3.018664285714267e-003	1.796124e-008	1.492252e-001
3.019292857142837e-003	1.788821e-008	1.484872e-001
3.019921428571408e-003	1.781548e-008	1.474332e-001
3.020549999999978e-003	1.774306e-008	1.460633e-001
3.021449999999977e-003	1.763990e-008	1.436929e-001
3.022349999999975e-003	1.753734e-008	1.410526e-001
3.023249999999974e-003	1.743538e-008	1.381423e-001
3.024149999999972e-003	1.733403e-008	1.349621e-001
3.025049999999971e-003	1.723328e-008	1.315119e-001
3.025949999999970e-003	1.713314e-008	1.277918e-001
3.026849999999968e-003	1.703360e-008	1.238018e-001
3.027892857142824e-003	1.691899e-008	1.190658e-001
3.028935714285679e-003	1.680515e-008	1.142939e-001
3.029978571428535e-003	1.669209e-008	1.094860e-001
3.031021428571390e-003	1.657979e-008	1.046422e-001
3.032064285714245e-003	1.646825e-008	9.976247e-002
3.033107142857101e-003	1.635749e-008	9.484679e-002
3.034149999999956e-003	1.624750e-008	8.989517e-002
3.034992857142812e-003	1.615914e-008	8.597670e-002
3.035835714285668e-003	1.607126e-008	8.212067e-002
3.036678571428524e-003	1.598386e-008	7.832708e-002
3.037521428571379e-003	1.589693e-008	7.459592e-002
3.038364285714235e-003	1.581049e-008	7.092720e-002
3.039207142857091e-003	1.572452e-008	6.732093e-002
3.040049999999947e-003	1.563903e-008	6.377709e-002
3.040778571428517e-003	1.556551e-008	6.078704e-002
3.041507142857087e-003	1.549233e-008	5.786138e-002
3.042235714285658e-003	1.541950e-008	5.500012e-002
3.042964285714228e-003	1.534701e-008	5.220326e-002
3.043692857142798e-003	1.527486e-008	4.947080e-002
3.044421428571368e-003	1.520306e-008	4.680273e-002
3.045149999999939e-003	1.513160e-008	4.419906e-002
3.046321428571365e-003	1.501742e-008	4.016169e-002
3.047492857142792e-003	1.490410e-008	3.629232e-002
3.048664285714219e-003	1.479162e-008	3.259095e-002
3.049835714285646e-003	1.467999e-008	2.905758e-002
3.051007142857072e-003	1.456921e-008	2.569220e-002
3.052178571428499e-003	1.445927e-008	2.249483e-002
3.053349999999926e-003	1.435019e-008	1.946545e-002
3.054464285714210e-003	1.424719e-008	1.673301e-002
3.055578571428494e-003	1.414492e-008	1.412744e-002
3.056692857142778e-003	1.404338e-008	1.164874e-002
3.057807142857061e-003	1.394257e-008	9.296908e-003
3.058921428571345e-003	1.384248e-008	7.071945e-003
3.060035714285629e-003	1.374312e-008	4.973852e-003
3.061149999999913e-003	1.364449e-008	3.002629e-003
3.061249999999913e-003	1.363568e-008	2.830253e-003
3.062307142857054e-003	1.354282e-008	1.071263e-003
3.063364285714195e-003	1.345058e-008	-6.009712e-004
3.064421428571336e-003	1.335897e-008	-2.186450e-003
3.065478571428478e-003	1.326798e-008	-3.685172e-003
3.066535714285619e-003	1.317762e-008	-5.097139e-003
3.067592857142760e-003	1.308787e-008	-6.422350e-003
3.068649999999901e-003	1.299875e-008	-7.660805e-003
3.070392857142756e-003	1.285318e-008	-9.524546e-003
3.072135714285610e-003	1.270919e-008	-1.123434e-002
3.073878571428464e-003	1.256679e-008	-1.279020e-002
3.075621428571318e-003	1.242597e-008	-1.419210e-002
3.077364285714173e-003	1.228675e-008	-1.544007e-002
3.079107142857027e-003	1.214911e-008	-1.653409e-002
3.080849999999882e-003	1.201306e-008	-1.747417e-002
3.083349999999878e-003	1.182062e-008	-1.861758e-002
3.085849999999874e-003	1.163114e-008	-1.961092e-002
3.088349999999870e-003	1.144463e-008	-2.045419e-002
3.090849999999866e-003	1.126109e-008	-2.114738e-002
3.093349999999862e-003	1.108052e-008	-2.169050e-002
3.095849999999858e-003	1.090291e-008	-2.208354e-002
3.098349999999854e-003	1.072827e-008	-2.232652e-002
3.102092857142705e-003	1.047220e-008	-2.253565e-002
3.105835714285556e-003	1.022190e-008	-2.264925e-002
3.109578571428407e-003	9.977384e-009	-2.266732e-002
3.113321428571258e-003	9.738636e-009	-2.258985e-002
3.117064285714109e-003	9.505662e-009	-2.241686e-002
3.120807142856960e-003	9.278460e-009	-2.214833e-002
3.124549999999812e-003	9.057032e-009	-2.178427e-002
3.130121428571231e-003	8.737640e-009	-2.122198e-002
3.135692857142651e-003	8.428616e-009	-2.064719e-002
3.141264285714070e-003	8.129963e-009	-2.005990e-002
3.146835714285490e-003	7.841678e-009	-1.946010e-002
3.152407142856910e-003	7.563763e-009	-1.884780e-002
3.157978571428330e-003	7.296218e-009	-1.822300e-002
3.163549999999749e-003	7.039041e-009	-1.758569e-002
3.163649999999749e-003	7.034493e-009	-1.757480e-002
3.178007142856869e-003	6.421764e-009	-1.606893e-002
3.192364285713989e-003	5.853251e-009	-1.466728e-002
3.206721428571108e-003	5.328954e-009	-1.336983e-002
3.221078571428229e-003	4.848874e-009	-1.217659e-002
3.235435714285348e-003	4.413011e-009	-1.108756e-002
3.249792857142468e-003	4.021364e-009	-1.010274e-002
3.264149999999588e-003	3.673934e-009	-9.222128e-003
3.266049999999585e-003	3.629093e-009	-9.109584e-003
3.280578571428133e-003	3.309504e-009	-8.307401e-003
3.295107142856681e-003	3.013190e-009	-7.563632e-003
3.309635714285230e-003	2.740151e-009	-6.878278e-003
3.324164285713777e-003	2.490386e-009	-6.251337e-003
3.338692857142326e-003	2.263895e-009	-5.682811e-003
3.353221428570874e-003	2.060679e-009	-5.172698e-003
3.367749999999422e-003	1.880738e-009	-4.721000e-003
3.368449999999421e-003	1.872248e-009	-4.699689e-003
3.383064285713683e-003	1.706476e-009	-4.283570e-003
3.397678571427946e-003	1.552831e-009	-3.897893e-003
3.412292857142208e-003	1.411313e-009	-3.542658e-003
3.426907142856470e-003	1.281923e-009	-3.217865e-003
3.441521428570732e-003	1.164660e-009	-2.923513e-003
3.456135714284995e-003	1.059525e-009	-2.659604e-003
3.470749999999257e-003	9.665166e-010	-2.426136e-003
3.470849999999257e-003	9.658923e-010	-2.424568e-003
3.485464285713519e-003	8.803704e-010	-2.209893e-003
3.500078571427782e-003	8.011051e-010	-2.010922e-003
3.514692857142044e-003	7.280962e-010	-1.827656e-003
3.529307142856306e-003	6.613438e-010	-1.660096e-003
3.543921428570568e-003	6.008480e-010	-1.508240e-003
3.558535714284831e-003	5.466086e-010	-1.372089e-003
3.573149999999093e-003	4.986257e-010	-1.251643e-003
3.573249999999093e-003	4.983035e-010	-1.250834e-003
3.587864285713355e-003	4.541828e-010	-1.140083e-003
3.602478571427618e-003	4.132899e-010	-1.037434e-003
3.617092857141880e-003	3.756246e-010	-9.428874e-004
3.631707142856142e-003	3.411871e-010	-8.564429e-004
3.646321428570404e-003	3.099773e-010	-7.781005e-004
3.660935714284667e-003	2.819952e-010	-7.078603e-004
3.675549999998929e-003	2.572409e-010	-6.457223e-004
3.675649999998929e-003	2.570747e-010	-6.453050e-004
3.690264285713191e-003	2.343128e-010	-5.881686e-004
3.704878571427454e-003	2.132161e-010	-5.352120e-004
3.719492857141716e-003	1.937846e-010	-4.864354e-004
3.734107142855978e-003	1.760183e-010	-4.418387e-004
3.748721428570240e-003	1.599172e-010	-4.014218e-004
3.763335714284503e-003	1.454813e-010	-3.651849e-004
3.777949999998765e-003	1.327105e-010	-3.331279e-004
3.778049999998765e-003	1.326248e-010	-3.329127e-004
3.792664285713027e-003	1.208819e-010	-3.034360e-004
3.807278571427290e-003	1.099982e-010	-2.761157e-004
3.821892857141552e-003	9.997345e-011	-2.509519e-004
3.836507142855814e-003	9.080781e-011	-2.279444e-004
3.851121428570076e-003	8.250124e-011	-2.070934e-004
3.865735714284339e-003	7.505374e-011	-1.883988e-004
3.880349999998601e-003	6.846531e-011	-1.718606e-004
3.880449999998601e-003	6.842107e-011	-1.717496e-004
3.895064285712911e-003	6.236295e-011	-1.565426e-004
3.909678571427220e-003	5.674802e-011	-1.424480e-004
3.924292857141530e-003	5.157628e-011	-1.294660e-004
3.938907142855839e-003	4.684773e-011	-1.175965e-004
3.953521428570149e-003	4.256237e-011	-1.068394e-004
3.968135714284459e-003	3.872021e-011	-9.719490e-005
3.982749999998769e-003	3.532124e-011	-8.866285e-005
3.982849999998769e-003	3.529841e-011	-8.860556e-005
4.001000000000000e-003	3.139123e-011	-7.879783e-005
4.001030000000000e-003	-5.997352e-002	-7.874904e-005
4.001059455036658e-003	-1.188576e-001	-7.856078e-005
4.001089472784627e-003	-1.788666e-001	-7.783638e-005
4.001149508280564e-003	-2.988846e-001	-7.356768e-005
4.001226411619555e-003	-4.526234e-001	-6.040145e-005
4.001313079723927e-003	-6.258832e-001	-3.082385e-005
4.001393895538537e-003	-7.874435e-001	1.184257e-005
4.001415188576206e-003	-8.300108e-001	2.737566e-005
4.001457774651544e-003	-9.151453e-001	6.644425e-005
4.001500000000000e-003	-9.995587e-001	1.102112e-004
4.001532985511458e-003	-9.995587e-001	1.541164e-004
4.001565971022918e-003	-9.995587e-001	2.036708e-004
4.001598956534376e-003	-9.995587e-001	2.588747e-004
4.001631942045836e-003	-9.995587e-001	3.197278e-004
4.001664927557294e-003	-9.995587e-001	3.862303e-004
4.001697913068754e-003	-9.995587e-001	4.583820e-004
4.001730898580212e-003	-9.995587e-001	5.361831e-004
4.001830898580213e-003	-9.995587e-001	8.008499e-004
4.001930898580213e-003	-9.995587e-001	1.116456e-003
4.002030898580213e-003	-9.995587e-001	1.482250e-003
4.002130898580213e-003	-9.995587e-001	1.897485e-003
4.002230898580214e-003	-9.995587e-001	2.361424e-003
4.002330898580214e-003	-9.995587e-001	2.873338e-003
4.002430898580214e-003	-9.995587e-001	3.432506e-003
4.002530898580214e-003	-9.995587e-001	4.038214e-003
4.002630898580215e-003	-9.995587e-001	4.689755e-003
4.002830898580215e-003	-9.995587e-001	6.127551e-003
4.003030898580216e-003	-9.995587e-001	7.740395e-003
4.003230898580216e-003	-9.995587e-001	9.522907e-003
4.003430898580217e-003	-9.995587e-001	1.146982e-002
4.003730898580218e-003	-9.995587e-001	1.468720e-002
4.004030898580219e-003	-9.995587e-001	1.824598e-002
4.004330898580219e-003	-9.995587e-001	2.212980e-002
4.004640770211617e-003	-9.995587e-001	2.650552e-002
4.004950641843014e-003	-9.995587e-001	3.115447e-002
4.005260513474412e-003	-9.995587e-001	3.607664e-002
4.005570385105808e-003	-9.995587e-001	4.127203e-002
4.005880256737206e-003	-9.995587e-001	4.674066e-002
4.006190128368603e-003	-9.995587e-001	5.248251e-002
4.006500000000001e-003	-9.995587e-001	5.849759e-002
4.006570000000000e-003	-8.596206e-001	5.988117e-002
4.006750000000001e-003	-4.997794e-001	6.346466e-002
4.006899999999999e-003	-1.999118e-001	6.644922e-002
4.007000000000000e-003	3.452539e-009	6.842247e-002
4.007029999999999e-003	1.503993e-008	6.900800e-002
4.007675714285714e-003	1.690406e-008	8.073895e-002
4.008321428571430e-003	1.832632e-008	9.141850e-002
4.008967142857145e-003	1.930671e-008	1.010466e-001
4.009612857142860e-003	1.984524e-008	1.096234e-001
4.010258571428576e-003	1.994191e-008	1.171487e-001
4.010904285714291e-003	1.959670e-008	1.236226e-001
4.011550000000006e-003	1.880963e-008	1.290452e-001
4.012207142857151e-003	1.872956e-008	1.337947e-001
4.012864285714296e-003	1.864983e-008	1.379121e-001
4.013521428571440e-003	1.857046e-008	1.413975e-001
4.014178571428584e-003	1.849143e-008	1.442507e-001
4.014835714285729e-003	1.841276e-008	1.464719e-001
4.015492857142874e-003	1.833443e-008	1.480609e-001
4.016150000000019e-003	1.825646e-008	1.490179e-001
4.016778571428591e-003	1.818219e-008	1.495436e-001
4.017407142857165e-003	1.810823e-008	1.497534e-001
4.018035714285738e-003	1.803458e-008	1.496473e-001
4.018664285714312e-003	1.796124e-008	1.492252e-001
4.019292857142884e-003	1.788821e-008	1.484872e-001
4.019921428571458e-003	1.781548e-008	1.474332e-001
4.020550000000031e-003	1.774306e-008	1.460633e-001
4.021450000000033e-003	1.763990e-008	1.436929e-001
4.022350000000036e-003	1.753734e-008	1.410526e-001
4.023250000000038e-003	1.743539e-008	1.381423e-001
4.024150000000041e-003	1.733403e-008	1.349621e-001
4.025050000000043e-003	1.723328e-008	1.315119e-001
4.025950000000046e-003	1.713314e-008	1.277918e-001
4.026850000000048e-003	1.703360e-008	1.238018e-001
4.027892857142908e-003	1.691899e-008	1.190658e-001
4.028935714285768e-003	1.680516e-008	1.142939e-001
4.029978571428628e-003	1.669209e-008	1.094860e-001
4.031021428571488e-003	1.657979e-008	1.046422e-001
4.032064285714348e-003	1.646826e-008	9.976247e-002
4.033107142857208e-003	1.635749e-008	9.484679e-002
4.034150000000068e-003	1.624750e-008	8.989517e-002
4.034992857142927e-003	1.615914e-008	8.597670e-002
4.035835714285787e-003	1.607126e-008	8.212067e-002
4.036678571428646e-003	1.598386e-008	7.832707e-002
4.037521428571506e-003	1.589693e-008	7.459592e-002
4.038364285714365e-003	1.581049e-008	7.092721e-002
4.039207142857225e-003	1.572452e-008	6.732093e-002
4.040050000000084e-003	1.563903e-008	6.377709e-002
4.040778571428657e-003	1.556551e-008	6.078703e-002
4.041507142857231e-003	1.549233e-008	5.786138e-002
4.042235714285804e-003	1.541950e-008	5.500012e-002
4.042964285714378e-003	1.534701e-008	5.220326e-002
4.043692857142951e-003	1.527486e-008	4.947080e-002
4.044421428571525e-003	1.520306e-008	4.680273e-002
4.045150000000098e-003	1.513160e-008	4.419906e-002
4.046321428571530e-003	1.501742e-008	4.016169e-002
4.047492857142961e-003	1.490410e-008	3.629232e-002
4.048664285714394e-003	1.479162e-008	3.259095e-002
4.049835714285825e-003	1.467999e-008	2.905758e-002
4.051007142857257e-003	1.456921e-008	2.569220e-002
4.052178571428688e-003	1.445927e-008	2.249483e-002
4.053350000000120e-003	1.435019e-008	1.946545e-002
4.054635714285838e-003	1.423142e-008	1.632919e-002
4.055921428571556e-003	1.411361e-008	1.335869e-002
4.057207142857274e-003	1.399677e-008	1.055393e-002
4.058492857142992e-003	1.388089e-008	7.914918e-003
4.059778571428709e-003	1.376598e-008	5.441658e-003
4.061064285714428e-003	1.365204e-008	3.134148e-003
4.062350000000145e-003	1.353906e-008	9.923872e-004
4.063507142857291e-003	1.343817e-008	-8.171437e-004
4.064664285714437e-003	1.333803e-008	-2.528654e-003
4.065821428571583e-003	1.323862e-008	-4.142144e-003
4.066978571428729e-003	1.313995e-008	-5.657614e-003
4.068135714285875e-003	1.304202e-008	-7.075064e-003
4.069292857143021e-003	1.294483e-008	-8.394493e-003
4.070450000000167e-003	1.284838e-008	-9.615902e-003
4.072307142857315e-003	1.269512e-008	-1.138821e-002
4.074164285714463e-003	1.254363e-008	-1.300300e-002
4.076021428571611e-003	1.239393e-008	-1.446029e-002
4.077878571428759e-003	1.224599e-008	-1.576007e-002
4.079735714285907e-003	1.209984e-008	-1.690234e-002
4.081592857143055e-003	1.195546e-008	-1.788709e-002
4.083450000000203e-003	1.181286e-008	-1.871434e-002
4.083650000000203e-003	1.179760e-008	-1.880019e-002
4.086321428571640e-003	1.159578e-008	-1.977215e-002
4.088992857143075e-003	1.139728e-008	-2.060154e-002
4.091664285714511e-003	1.120209e-008	-2.128837e-002
4.094335714285947e-003	1.101021e-008	-2.183262e-002
4.097007142857383e-003	1.082164e-008	-2.223430e-002
4.099678571428818e-003	1.063639e-008	-2.249341e-002
4.102350000000254e-003	1.045446e-008	-2.260995e-002
4.106464285714552e-003	1.018057e-008	-2.264885e-002
4.110578571428848e-003	9.913418e-009	-2.260535e-002
4.114692857143145e-003	9.653011e-009	-2.247944e-002
4.118807142857442e-003	9.399346e-009	-2.227114e-002
4.122921428571740e-003	9.152423e-009	-2.198043e-002
4.127035714286036e-003	8.912242e-009	-2.160731e-002
4.131150000000333e-003	8.678803e-009	-2.115180e-002
4.138978571428926e-003	8.253006e-009	-2.027764e-002
4.146807142857519e-003	7.845879e-009	-1.941468e-002
4.154635714286111e-003	7.457421e-009	-1.856289e-002
4.162464285714705e-003	7.087632e-009	-1.772230e-002
4.170292857143297e-003	6.736511e-009	-1.689289e-002
4.178121428571891e-003	6.404060e-009	-1.607466e-002
4.185950000000483e-003	6.090279e-009	-1.526763e-002
4.186050000000483e-003	6.086344e-009	-1.525788e-002
4.200435714286237e-003	5.555227e-009	-1.393244e-002
4.214821428571991e-003	5.062497e-009	-1.270172e-002
4.229207142857744e-003	4.608152e-009	-1.156572e-002
4.243592857143498e-003	4.192194e-009	-1.052443e-002
4.257978571429251e-003	3.814621e-009	-9.577869e-003
4.272364285715005e-003	3.475434e-009	-8.726020e-003
4.286750000000759e-003	3.174633e-009	-7.968890e-003
4.288450000000763e-003	3.139943e-009	-7.881813e-003
4.303035714286517e-003	2.862428e-009	-7.185208e-003
4.317621428572272e-003	2.605184e-009	-6.539487e-003
4.332207142858026e-003	2.368212e-009	-5.944649e-003
4.346792857143780e-003	2.151512e-009	-5.400694e-003
4.361378571429534e-003	1.955083e-009	-4.907623e-003
4.375964285715289e-003	1.778925e-009	-4.465435e-003
4.390550000001043e-003	1.623040e-009	-4.074130e-003
4.390850000001043e-003	1.619896e-009	-4.066238e-003
4.405464285715369e-003	1.476467e-009	-3.706206e-003
4.420078571429694e-003	1.343531e-009	-3.372513e-003
4.434692857144020e-003	1.221088e-009	-3.065158e-003
4.449307142858346e-003	1.109138e-009	-2.784142e-003
4.463921428572672e-003	1.007681e-009	-2.529465e-003
4.478535714286997e-003	9.167160e-010	-2.301127e-003
4.493150000001323e-003	8.362441e-010	-2.099128e-003
4.493250000001323e-003	8.357037e-010	-2.097771e-003
4.507864285715649e-003	7.617090e-010	-1.912031e-003
4.522478571429974e-003	6.931275e-010	-1.739878e-003
4.537092857144300e-003	6.299592e-010	-1.581314e-003
4.551707142858626e-003	5.722041e-010	-1.436338e-003
4.566321428572952e-003	5.198622e-010	-1.304950e-003
4.580935714287277e-003	4.729336e-010	-1.187151e-003
4.595550000001603e-003	4.314181e-010	-1.082939e-003
4.595650000001604e-003	4.311393e-010	-1.082240e-003
4.610264285715929e-003	3.929655e-010	-9.864162e-004
4.624878571430255e-003	3.575843e-010	-8.976029e-004
4.639492857144580e-003	3.249958e-010	-8.157997e-004
4.654107142858906e-003	2.951999e-010	-7.410066e-004
4.668721428573232e-003	2.681968e-010	-6.732237e-004
4.683335714287557e-003	2.439863e-010	-6.124508e-004
4.697950000001883e-003	2.225685e-010	-5.586881e-004
4.698050000001884e-003	2.224247e-010	-5.583271e-004
4.712664285716210e-003	2.027308e-010	-5.088918e-004
4.727278571430535e-003	1.844777e-010	-4.630731e-004
4.741892857144861e-003	1.676653e-010	-4.208708e-004
4.756507142859186e-003	1.522936e-010	-3.822851e-004
4.771121428573512e-003	1.383627e-010	-3.473159e-004
4.785735714287837e-003	1.258725e-010	-3.159632e-004
4.800350000002163e-003	1.148230e-010	-2.882270e-004
4.800450000002164e-003	1.147488e-010	-2.880408e-004
4.815064285716490e-003	1.045888e-010	-2.625372e-004
4.829678571430815e-003	9.517197e-011	-2.388993e-004
4.844292857145141e-003	8.649846e-011	-2.171272e-004
4.858907142859466e-003	7.856822e-011	-1.972208e-004
4.873521428573792e-003	7.138126e-011	-1.791802e-004
4.888135714288117e-003	6.493757e-011	-1.630053e-004
4.902750000002443e-003	5.923716e-011	-1.486963e-004
4.902850000002444e-003	5.919890e-011	-1.486002e-004
4.916707142859625e-003	5.420881e-011	-1.360741e-004
4.930564285716805e-003	4.956906e-011	-1.244275e-004
4.944421428573986e-003	4.527965e-011	-1.136603e-004
4.958278571431166e-003	4.134058e-011	-1.037725e-004
4.972135714288347e-003	3.775186e-011	-9.476416e-005
4.985992857145528e-003	3.451348e-011	-8.663523e-005
4.999850000002709e-003	3.162544e-011	-7.938571e-005
4.999950000002709e-003	3.160500e-011	-7.933442e-005
5.000000000000000e-003	3.159478e-011	-7.930877e-005
