time	Vsh	Vpre
0.000000000000000e+000	0.000000e+000	0.000000e+000
1.000000000000000e-006	0.000000e+000	0.000000e+000
1.011300467482955e-006	-3.363909e-008	-1.922058e-006
1.022600934965910e-006	-1.727031e-008	1.769222e-005
1.033901402448865e-006	4.910635e-008	5.884284e-005
1.045201869931820e-006	1.654909e-007	1.215298e-004
1.056502337414775e-006	3.318833e-007	2.057531e-004
1.067802804897729e-006	5.482836e-007	3.115127e-004
1.079103272380684e-006	8.146917e-007	4.388087e-004
1.158829405173815e-006	5.744808e-006	1.797739e-003
1.234599454177601e-006	1.710226e-005	3.865620e-003
1.309101452021411e-006	3.930504e-005	6.777019e-003
1.389368336458523e-006	7.594833e-005	1.069714e-002
1.415870668120563e-006	9.228103e-005	1.220514e-002
1.446995336675921e-006	1.166502e-004	1.420163e-002
1.500000000000000e-006	1.638397e-004	1.782407e-002
1.537103264326855e-006	2.062118e-004	2.061348e-002
1.664314456304645e-006	4.041138e-004	3.026486e-002
1.764314456304644e-006	6.062422e-004	3.785134e-002
1.864314456304644e-006	8.515535e-004	4.543326e-002
1.964314456304644e-006	1.141186e-003	5.301050e-002
2.064314456304644e-006	1.474544e-003	6.058306e-002
2.164314456304644e-006	1.851040e-003	6.815093e-002
2.264314456304644e-006	2.270091e-003	7.571413e-002
2.364314456304644e-006	2.731120e-003	8.327264e-002
2.464314456304644e-006	3.233554e-003	9.082648e-002
2.564314456304644e-006	3.776830e-003	9.837566e-002
2.764314456304643e-006	4.983670e-003	1.134600e-001
2.964314456304643e-006	6.347226e-003	1.285257e-001
3.164314456304643e-006	7.863176e-003	1.435728e-001
3.364314456304643e-006	9.527282e-003	1.586012e-001
3.664314456304642e-006	1.229217e-002	1.811091e-001
3.964314456304642e-006	1.536743e-002	2.035753e-001
4.264314456304642e-006	1.873981e-002	2.259998e-001
4.583698105403979e-006	2.267776e-002	2.498271e-001
4.903081754503316e-006	2.688733e-002	2.736077e-001
5.222465403602653e-006	3.136852e-002	2.973417e-001
5.541849052701990e-006	3.612133e-002	3.210289e-001
5.861232701801327e-006	4.114577e-002	3.446695e-001
6.180616350900665e-006	4.644182e-002	3.682634e-001
6.500000000000000e-006	5.200949e-002	3.918107e-001
6.526128170786804e-006	5.247341e-002	3.936940e-001
6.552256341573609e-006	5.293835e-002	3.954720e-001
6.578384512360413e-006	5.340431e-002	3.971449e-001
6.604512683147216e-006	5.387130e-002	3.987125e-001
6.630640853934021e-006	5.433931e-002	4.001750e-001
6.656769024720825e-006	5.480835e-002	4.015322e-001
6.682897195507629e-006	5.527841e-002	4.027842e-001
6.900000000000001e-006	5.918089e-002	4.099845e-001
7.000000000000001e-006	6.096427e-002	4.107560e-001
7.046056073710680e-006	6.177754e-002	4.106694e-001
7.739289718398142e-006	7.319761e-002	4.089142e-001
8.432523363085605e-006	8.364373e-002	4.071659e-001
9.125757007773068e-006	9.311591e-002	4.054248e-001
9.818990652460529e-006	1.016141e-001	4.036906e-001
1.051222429714799e-005	1.091384e-001	4.019635e-001
1.120545794183546e-005	1.156887e-001	4.002435e-001
1.189869158652292e-005	1.212651e-001	3.985305e-001
1.261297730080863e-005	1.262822e-001	3.967738e-001
1.332726301509435e-005	1.306992e-001	3.950248e-001
1.404154872938006e-005	1.345162e-001	3.932834e-001
1.475583444366578e-005	1.377331e-001	3.915497e-001
1.547012015795149e-005	1.403500e-001	3.898236e-001
1.618440587223721e-005	1.423668e-001	3.881052e-001
1.689869158652292e-005	1.437835e-001	3.863945e-001
1.761297730080863e-005	1.447992e-001	3.846913e-001
1.832726301509434e-005	1.454909e-001	3.829955e-001
1.904154872938005e-005	1.458585e-001	3.813071e-001
1.975583444366575e-005	1.459022e-001	3.796262e-001
2.047012015795146e-005	1.456219e-001	3.779527e-001
2.118440587223717e-005	1.450175e-001	3.762866e-001
2.189869158652288e-005	1.440892e-001	3.746280e-001
2.281297730080858e-005	1.425736e-001	3.725157e-001
2.372726301509429e-005	1.408293e-001	3.704151e-001
2.464154872937999e-005	1.388562e-001	3.683262e-001
2.555583444366570e-005	1.366545e-001	3.662491e-001
2.647012015795141e-005	1.342241e-001	3.641838e-001
2.738440587223711e-005	1.315650e-001	3.621301e-001
2.829869158652281e-005	1.286771e-001	3.600883e-001
2.957012015795141e-005	1.244780e-001	3.572681e-001
3.084154872937999e-005	1.202231e-001	3.544696e-001
3.211297730080859e-005	1.159123e-001	3.516928e-001
3.338440587223718e-005	1.115458e-001	3.489377e-001
3.465583444366578e-005	1.071234e-001	3.462042e-001
3.592726301509436e-005	1.026452e-001	3.434924e-001
3.719869158652295e-005	9.811123e-002	3.408022e-001
3.858440587223727e-005	9.330005e-002	3.378943e-001
3.997012015795159e-005	8.862028e-002	3.350106e-001
4.135583444366591e-005	8.407192e-002	3.321513e-001
4.274154872938023e-005	7.965496e-002	3.293163e-001
4.412726301509455e-005	7.536941e-002	3.265056e-001
4.551297730080887e-005	7.121528e-002	3.237191e-001
4.689869158652319e-005	6.719255e-002	3.209570e-001
4.835583444366608e-005	6.316995e-002	3.180779e-001
4.981297730080898e-005	5.932544e-002	3.152241e-001
5.127012015795187e-005	5.565901e-002	3.123956e-001
5.272726301509476e-005	5.217068e-002	3.095923e-001
5.418440587223766e-005	4.886044e-002	3.068143e-001
5.564154872938054e-005	4.572828e-002	3.040616e-001
5.709869158652344e-005	4.277422e-002	3.013341e-001
5.868440587223776e-005	3.976001e-002	2.983938e-001
6.027012015795208e-005	3.691472e-002	2.954816e-001
6.185583444366641e-005	3.423834e-002	2.925973e-001
6.344154872938073e-005	3.173087e-002	2.897411e-001
6.502726301509505e-005	2.939231e-002	2.869129e-001
6.661297730080938e-005	2.722266e-002	2.841127e-001
6.819869158652370e-005	2.522192e-002	2.813405e-001
7.005583444366660e-005	2.306168e-002	2.781283e-001
7.191297730080951e-005	2.105147e-002	2.749519e-001
7.377012015795240e-005	1.919129e-002	2.718111e-001
7.562726301509531e-005	1.748114e-002	2.687060e-001
7.748440587223821e-005	1.592102e-002	2.656365e-001
7.934154872938112e-005	1.451092e-002	2.626027e-001
8.119869158652402e-005	1.325086e-002	2.596046e-001
8.331297730080978e-005	1.194893e-002	2.562333e-001
8.542726301509555e-005	1.075215e-002	2.529043e-001
8.754154872938132e-005	9.660514e-003	2.496178e-001
8.965583444366709e-005	8.674029e-003	2.463737e-001
9.177012015795284e-005	7.792692e-003	2.431720e-001
9.388440587223862e-005	7.016505e-003	2.400128e-001
9.599869158652438e-005	6.345465e-003	2.368959e-001
9.809869158652443e-005	5.725897e-003	2.338389e-001
1.004558344436674e-004	5.124418e-003	2.304562e-001
1.028129773008103e-004	4.577166e-003	2.271207e-001
1.051701201579532e-004	4.084140e-003	2.238325e-001
1.075272630150961e-004	3.645342e-003	2.205916e-001
1.098844058722390e-004	3.260770e-003	2.173979e-001
1.122415487293819e-004	2.930425e-003	2.142514e-001
1.145986915865248e-004	2.654307e-003	2.111521e-001
1.175558344436678e-004	2.350425e-003	2.073283e-001
1.205129773008107e-004	2.078609e-003	2.035707e-001
1.234701201579536e-004	1.838857e-003	1.998795e-001
1.264272630150966e-004	1.631170e-003	1.962545e-001
1.293844058722395e-004	1.455547e-003	1.926958e-001
1.323415487293824e-004	1.311989e-003	1.892034e-001
1.352986915865253e-004	1.200496e-003	1.857772e-001
1.396701201579540e-004	1.061361e-003	1.808300e-001
1.440415487293827e-004	9.398231e-004	1.760065e-001
1.484129773008114e-004	8.358818e-004	1.713066e-001
1.527844058722401e-004	7.495373e-004	1.667303e-001
1.571558344436687e-004	6.807896e-004	1.622777e-001
1.615272630150974e-004	6.296389e-004	1.579488e-001
1.658986915865261e-004	5.960850e-004	1.537435e-001
1.708272630150976e-004	5.586882e-004	1.491375e-001
1.757558344436692e-004	5.250851e-004	1.446600e-001
1.806844058722407e-004	4.952756e-004	1.403111e-001
1.856129773008123e-004	4.692597e-004	1.360908e-001
1.905415487293838e-004	4.470374e-004	1.319990e-001
1.954701201579554e-004	4.286087e-004	1.280357e-001
2.003986915865269e-004	4.139737e-004	1.242010e-001
2.004986915865269e-004	4.136500e-004	1.241242e-001
2.010000000000000e-004	4.120364e-004	1.237399e-001
2.010148050064817e-004	4.119123e-004	1.237298e-001
2.010296100129634e-004	4.119110e-004	1.237573e-001
2.010444150194451e-004	4.120328e-004	1.238226e-001
2.010592200259268e-004	4.122775e-004	1.239256e-001
2.010740250324085e-004	4.126452e-004	1.240663e-001
2.010888300388903e-004	4.131358e-004	1.242448e-001
2.011036350453720e-004	4.137494e-004	1.244609e-001
2.012036350453720e-004	4.247431e-004	1.266588e-001
2.013036350453720e-004	4.514332e-004	1.301962e-001
2.014036350453720e-004	5.032734e-004	1.352387e-001
2.015000000000000e-004	5.757260e-004	1.411819e-001
2.015674554682397e-004	6.588250e-004	1.462207e-001
2.016445474319421e-004	7.805324e-004	1.520123e-001
2.017445474319421e-004	9.742622e-004	1.595235e-001
2.018445474319421e-004	1.210406e-003	1.670302e-001
2.019445474319421e-004	1.490990e-003	1.745322e-001
2.020445474319421e-004	1.815418e-003	1.820296e-001
2.021445474319421e-004	2.183100e-003	1.895224e-001
2.022445474319421e-004	2.593453e-003	1.970106e-001
2.023445474319421e-004	3.045897e-003	2.044941e-001
2.024445474319422e-004	3.539862e-003	2.119730e-001
2.025445474319422e-004	4.074779e-003	2.194472e-001
2.027445474319422e-004	5.265233e-003	2.343819e-001
2.029445474319422e-004	6.612839e-003	2.492981e-001
2.031445474319422e-004	8.113265e-003	2.641959e-001
2.033445474319422e-004	9.762265e-003	2.790752e-001
2.036445474319422e-004	1.250526e-002	3.013598e-001
2.039445474319422e-004	1.555952e-002	3.236030e-001
2.042445474319422e-004	1.891176e-002	3.458050e-001
2.045667549416647e-004	2.286579e-002	3.696043e-001
2.048889624513873e-004	2.709675e-002	3.933565e-001
2.052111699611098e-004	3.160464e-002	4.170617e-001
2.055333774708324e-004	3.638946e-002	4.407198e-001
2.058555849805549e-004	4.145121e-002	4.643309e-001
2.061777924902775e-004	4.678989e-002	4.878950e-001
2.065000000000000e-004	5.240551e-002	5.114120e-001
2.065700000000000e-004	5.365080e-002	5.161492e-001
2.067500000000000e-004	5.687992e-002	5.250567e-001
2.069000000000000e-004	5.957400e-002	5.291154e-001
2.070000000000000e-004	6.135830e-002	5.299811e-001
2.070300000000000e-004	6.188853e-002	5.299077e-001
2.077185714285715e-004	7.326300e-002	5.276600e-001
2.084071428571429e-004	8.367343e-002	5.254207e-001
2.090957142857143e-004	9.311983e-002	5.231900e-001
2.097842857142858e-004	1.016022e-001	5.209678e-001
2.104728571428573e-004	1.091205e-001	5.187542e-001
2.111614285714287e-004	1.156748e-001	5.165490e-001
2.118500000000001e-004	1.212650e-001	5.143524e-001
2.125642857142859e-004	1.263314e-001	5.120852e-001
2.132785714285716e-004	1.307944e-001	5.098278e-001
2.139928571428573e-004	1.346540e-001	5.075803e-001
2.147071428571431e-004	1.379102e-001	5.053428e-001
2.154214285714288e-004	1.405629e-001	5.031151e-001
2.161357142857145e-004	1.426122e-001	5.008972e-001
2.168500000000003e-004	1.440581e-001	4.986893e-001
2.175642857142860e-004	1.451005e-001	4.964911e-001
2.182785714285717e-004	1.458168e-001	4.943025e-001
2.189928571428574e-004	1.462071e-001	4.921235e-001
2.197071428571432e-004	1.462712e-001	4.899541e-001
2.204214285714289e-004	1.460093e-001	4.877942e-001
2.211357142857147e-004	1.454214e-001	4.856439e-001
2.218500000000004e-004	1.445073e-001	4.835032e-001
2.227642857142861e-004	1.430077e-001	4.807770e-001
2.236785714285719e-004	1.412774e-001	4.780659e-001
2.245928571428576e-004	1.393166e-001	4.753700e-001
2.255071428571433e-004	1.371252e-001	4.726892e-001
2.264214285714291e-004	1.347032e-001	4.700236e-001
2.273357142857148e-004	1.320506e-001	4.673732e-001
2.282500000000005e-004	1.291674e-001	4.647379e-001
2.295214285714291e-004	1.249726e-001	4.610981e-001
2.307928571428577e-004	1.207204e-001	4.574864e-001
2.320642857142863e-004	1.164109e-001	4.539025e-001
2.333357142857150e-004	1.120441e-001	4.503467e-001
2.346071428571436e-004	1.076199e-001	4.468188e-001
2.358785714285722e-004	1.031385e-001	4.433188e-001
2.371500000000008e-004	9.859963e-002	4.398469e-001
2.385500000000008e-004	9.373286e-002	4.360553e-001
2.399500000000008e-004	8.900019e-002	4.322958e-001
2.413500000000009e-004	8.440160e-002	4.285683e-001
2.427500000000009e-004	7.993710e-002	4.248727e-001
2.441500000000009e-004	7.560669e-002	4.212092e-001
2.455500000000010e-004	7.141036e-002	4.175776e-001
2.469500000000010e-004	6.734812e-002	4.139781e-001
2.484214285714296e-004	6.329096e-002	4.102284e-001
2.498928571428582e-004	5.941524e-002	4.065119e-001
2.513642857142868e-004	5.572096e-002	4.028286e-001
2.528357142857154e-004	5.220813e-002	3.991786e-001
2.543071428571440e-004	4.887675e-002	3.955617e-001
2.557785714285727e-004	4.572681e-002	3.919781e-001
2.572500000000012e-004	4.275831e-002	3.884277e-001
2.588642857142870e-004	3.970823e-002	3.845697e-001
2.604785714285727e-004	3.683190e-002	3.807491e-001
2.620928571428585e-004	3.412932e-002	3.769659e-001
2.637071428571443e-004	3.160048e-002	3.732200e-001
2.653214285714300e-004	2.924540e-002	3.695116e-001
2.669357142857157e-004	2.706406e-002	3.658406e-001
2.685500000000015e-004	2.505647e-002	3.622070e-001
2.704357142857158e-004	2.289745e-002	3.580084e-001
2.723214285714302e-004	2.089034e-002	3.538571e-001
2.742071428571445e-004	1.903512e-002	3.497532e-001
2.760928571428588e-004	1.733180e-002	3.456965e-001
2.779785714285732e-004	1.578039e-002	3.416872e-001
2.798642857142875e-004	1.438087e-002	3.377251e-001
2.817500000000018e-004	1.313326e-002	3.338104e-001
2.838785714285733e-004	1.185578e-002	3.294463e-001
2.860071428571448e-004	1.068193e-002	3.251375e-001
2.881357142857163e-004	9.611721e-003	3.208839e-001
2.902642857142878e-004	8.645148e-003	3.166856e-001
2.923928571428592e-004	7.782211e-003	3.125426e-001
2.945214285714307e-004	7.022910e-003	3.084548e-001
2.966500000000022e-004	6.367246e-003	3.044223e-001
2.972071428571451e-004	6.201464e-003	3.033751e-001
2.977642857142880e-004	6.040117e-003	3.023315e-001
2.983214285714308e-004	5.883207e-003	3.012914e-001
2.988785714285737e-004	5.730733e-003	3.002549e-001
2.994357142857165e-004	5.582696e-003	2.992220e-001
2.999928571428594e-004	5.439095e-003	2.981927e-001
3.005500000000023e-004	5.299930e-003	2.971669e-001
3.006500000000023e-004	5.275325e-003	2.969832e-001
3.031071428571452e-004	4.726747e-003	2.925064e-001
3.055642857142881e-004	4.228962e-003	2.880946e-001
3.080214285714311e-004	3.781968e-003	2.837479e-001
3.104785714285739e-004	3.385767e-003	2.794663e-001
3.129357142857169e-004	3.040357e-003	2.752497e-001
3.153928571428598e-004	2.745740e-003	2.710982e-001
3.178500000000027e-004	2.501914e-003	2.670117e-001
3.210214285714314e-004	2.227420e-003	2.618300e-001
3.241928571428600e-004	1.982776e-003	2.567442e-001
3.273642857142887e-004	1.767980e-003	2.517543e-001
3.305357142857173e-004	1.583033e-003	2.468604e-001
3.337071428571460e-004	1.427936e-003	2.420625e-001
3.368785714285746e-004	1.302687e-003	2.373605e-001
3.400500000000033e-004	1.207287e-003	2.327545e-001
3.449785714285748e-004	1.082653e-003	2.257814e-001
3.499071428571464e-004	9.738341e-004	2.190030e-001
3.548357142857179e-004	8.808301e-004	2.124191e-001
3.597642857142895e-004	8.036413e-004	2.060298e-001
3.646928571428610e-004	7.422675e-004	1.998352e-001
3.696214285714326e-004	6.967090e-004	1.938351e-001
3.745500000000041e-004	6.669655e-004	1.880297e-001
3.783142857142892e-004	6.419365e-004	1.837080e-001
3.820785714285744e-004	6.186575e-004	1.794804e-001
3.858428571428595e-004	5.971285e-004	1.753467e-001
3.896071428571447e-004	5.773494e-004	1.713071e-001
3.933714285714298e-004	5.593203e-004	1.673614e-001
3.971357142857149e-004	5.430411e-004	1.635098e-001
4.009000000000000e-004	5.285119e-004	1.597522e-001
4.009999999999907e-004	5.281194e-004	1.596534e-001
4.010000000000000e-004	5.281194e-004	1.596534e-001
4.010000000000186e-004	5.281194e-004	1.596534e-001
4.010000000000559e-004	5.281194e-004	1.596534e-001
4.010000097770494e-004	5.281193e-004	1.596534e-001
4.010228923064445e-004	5.278578e-004	1.596534e-001
4.010457748358396e-004	5.279722e-004	1.597365e-001
4.010686573652348e-004	5.284626e-004	1.599026e-001
4.010915398946298e-004	5.293289e-004	1.601518e-001
4.011144224240250e-004	5.305712e-004	1.604840e-001
4.011373049534201e-004	5.321894e-004	1.608992e-001
4.011601874828152e-004	5.341836e-004	1.613975e-001
4.012601874828152e-004	5.530282e-004	1.643281e-001
4.013601874828152e-004	5.880362e-004	1.684740e-001
4.014000000000001e-004	6.086896e-004	1.705180e-001
4.014203749656304e-004	6.224849e-004	1.717194e-001
4.014611248968910e-004	6.553305e-004	1.743384e-001
4.015000000000001e-004	6.904874e-004	1.769844e-001
4.015315018313769e-004	7.265987e-004	1.793288e-001
4.015630036627538e-004	7.672521e-004	1.816769e-001
4.015945054941307e-004	8.124476e-004	1.840286e-001
4.016260073255075e-004	8.621852e-004	1.863841e-001
4.016575091568844e-004	9.164649e-004	1.887431e-001
4.016890109882613e-004	9.752868e-004	1.911059e-001
4.017205128196382e-004	1.038651e-003	1.934723e-001
4.018205128196382e-004	1.263966e-003	2.009580e-001
4.019205128196382e-004	1.533866e-003	2.084391e-001
4.020205128196382e-004	1.847753e-003	2.159155e-001
4.021205128196382e-004	2.205034e-003	2.233873e-001
4.022205128196382e-004	2.605126e-003	2.308545e-001
4.023205128196382e-004	3.047448e-003	2.383171e-001
4.024205128196382e-004	3.531427e-003	2.457751e-001
4.025205128196382e-004	4.056494e-003	2.532285e-001
4.027205128196382e-004	5.227651e-003	2.681214e-001
4.029205128196382e-004	6.556485e-003	2.829959e-001
4.031205128196382e-004	8.038654e-003	2.978520e-001
4.033205128196382e-004	9.669903e-003	3.126897e-001
4.036205128196382e-004	1.238720e-002	3.349120e-001
4.039205128196382e-004	1.541684e-002	3.570930e-001
4.042205128196382e-004	1.874550e-002	3.792329e-001
4.045461538454042e-004	2.271974e-002	4.032183e-001
4.048717948711701e-004	2.697740e-002	4.271557e-001
4.051974358969361e-004	3.151849e-002	4.510452e-001
4.055230769227021e-004	3.634301e-002	4.748868e-001
4.058487179484681e-004	4.145095e-002	4.986806e-001
4.061743589742341e-004	4.684232e-002	5.224264e-001
4.065000000000000e-004	5.251711e-002	5.461243e-001
4.065700000000000e-004	5.376237e-002	5.508465e-001
4.067500000000000e-004	5.699138e-002	5.597153e-001
4.069000000000001e-004	5.968537e-002	5.637418e-001
4.070000000000000e-004	6.146960e-002	5.645862e-001
4.070300000000000e-004	6.199982e-002	5.645063e-001
4.077185714285715e-004	7.337387e-002	5.621115e-001
4.084071428571429e-004	8.378388e-002	5.597259e-001
4.090957142857143e-004	9.322985e-002	5.573494e-001
4.097842857142858e-004	1.017118e-001	5.549821e-001
4.104728571428572e-004	1.092297e-001	5.526239e-001
4.111614285714287e-004	1.157835e-001	5.502747e-001
4.118500000000001e-004	1.213733e-001	5.479348e-001
4.125642857142859e-004	1.264393e-001	5.455195e-001
4.132785714285716e-004	1.309018e-001	5.431148e-001
4.139928571428573e-004	1.347610e-001	5.407206e-001
4.147071428571431e-004	1.380167e-001	5.383369e-001
4.154214285714288e-004	1.406690e-001	5.359637e-001
4.161357142857145e-004	1.427179e-001	5.336011e-001
4.168500000000002e-004	1.441633e-001	5.312490e-001
4.175642857142860e-004	1.452053e-001	5.289073e-001
4.182785714285717e-004	1.459211e-001	5.265759e-001
4.189928571428574e-004	1.463109e-001	5.242546e-001
4.197071428571432e-004	1.463746e-001	5.219435e-001
4.204214285714289e-004	1.461123e-001	5.196426e-001
4.211357142857146e-004	1.455239e-001	5.173520e-001
4.218500000000004e-004	1.446094e-001	5.150715e-001
4.227642857142861e-004	1.431092e-001	5.121673e-001
4.236785714285718e-004	1.413784e-001	5.092791e-001
4.245928571428576e-004	1.394170e-001	5.064072e-001
4.255071428571433e-004	1.372251e-001	5.035514e-001
4.264214285714291e-004	1.348025e-001	5.007118e-001
4.273357142857148e-004	1.321493e-001	4.978883e-001
4.282500000000005e-004	1.292656e-001	4.950810e-001
4.295071428571434e-004	1.251201e-001	4.912470e-001
4.307642857142863e-004	1.209171e-001	4.874421e-001
4.320214285714292e-004	1.166567e-001	4.836664e-001
4.332785714285720e-004	1.123388e-001	4.799197e-001
4.345357142857149e-004	1.079635e-001	4.762023e-001
4.357928571428578e-004	1.035307e-001	4.725139e-001
4.370500000000007e-004	9.904049e-002	4.688547e-001
4.384500000000008e-004	9.416652e-002	4.648131e-001
4.398500000000008e-004	8.942566e-002	4.608056e-001
4.412500000000008e-004	8.481794e-002	4.568322e-001
4.426500000000009e-004	8.034334e-002	4.528930e-001
4.440500000000009e-004	7.600186e-002	4.489878e-001
4.454500000000009e-004	7.179351e-002	4.451168e-001
4.468500000000010e-004	6.771829e-002	4.412799e-001
4.483214285714296e-004	6.364763e-002	4.372829e-001
4.497928571428582e-004	5.975856e-002	4.333213e-001
4.512642857142868e-004	5.605110e-002	4.293951e-001
4.527357142857154e-004	5.252523e-002	4.255043e-001
4.542071428571440e-004	4.918097e-002	4.216489e-001
4.556785714285726e-004	4.601830e-002	4.178289e-001
4.571500000000012e-004	4.303724e-002	4.140444e-001
4.587642857142870e-004	3.997399e-002	4.099320e-001
4.603785714285727e-004	3.708502e-002	4.058594e-001
4.619928571428585e-004	3.437034e-002	4.018267e-001
4.636071428571442e-004	3.182994e-002	3.978338e-001
4.652214285714300e-004	2.946382e-002	3.938808e-001
4.668357142857157e-004	2.727199e-002	3.899677e-001
4.684500000000015e-004	2.525444e-002	3.860945e-001
4.703357142857158e-004	2.308455e-002	3.816190e-001
4.722214285714302e-004	2.106721e-002	3.771939e-001
4.741071428571445e-004	1.920240e-002	3.728193e-001
4.759928571428588e-004	1.749012e-002	3.684951e-001
4.778785714285731e-004	1.593039e-002	3.642214e-001
4.797642857142875e-004	1.452318e-002	3.599980e-001
4.816500000000018e-004	1.326852e-002	3.558251e-001
4.837928571428584e-004	1.197588e-002	3.511422e-001
4.859357142857149e-004	1.078855e-002	3.465190e-001
4.880785714285715e-004	9.706521e-003	3.419555e-001
4.902214285714280e-004	8.729805e-003	3.374516e-001
4.923642857142846e-004	7.858396e-003	3.330075e-001
4.945071428571411e-004	7.092294e-003	3.286230e-001
4.966499999999977e-004	6.431500e-003	3.242982e-001
4.972499999999974e-004	6.252977e-003	3.230970e-001
4.978499999999971e-004	6.079562e-003	3.219002e-001
4.984499999999968e-004	5.911255e-003	3.207078e-001
4.990499999999964e-004	5.748056e-003	3.195198e-001
4.996499999999961e-004	5.589964e-003	3.183363e-001
5.002499999999958e-004	5.436981e-003	3.171571e-001
5.008499999999955e-004	5.289106e-003	3.159823e-001
5.009499999999955e-004	5.264846e-003	3.157870e-001
5.034214285714227e-004	4.721155e-003	3.109993e-001
5.058928571428501e-004	4.227941e-003	3.062815e-001
5.083642857142773e-004	3.785205e-003	3.016337e-001
5.108357142857047e-004	3.392948e-003	2.970559e-001
5.133071428571319e-004	3.051167e-003	2.925481e-001
5.157785714285593e-004	2.759865e-003	2.881102e-001
5.182499999999865e-004	2.519041e-003	2.837422e-001
5.214499999999848e-004	2.247176e-003	2.781868e-001
5.246499999999832e-004	2.004920e-003	2.727350e-001
5.278499999999815e-004	1.792274e-003	2.673871e-001
5.310499999999799e-004	1.609236e-003	2.621429e-001
5.342499999999782e-004	1.455808e-003	2.570024e-001
5.374499999999766e-004	1.331989e-003	2.519657e-001
5.406499999999749e-004	1.237779e-003	2.470328e-001
5.456642857142580e-004	1.113642e-003	2.395057e-001
5.506785714285412e-004	1.005169e-003	2.321921e-001
5.556928571428243e-004	9.123597e-004	2.250919e-001
5.607071428571074e-004	8.352146e-004	2.182051e-001
5.657214285713906e-004	7.737334e-004	2.115317e-001
5.707357142856736e-004	7.279162e-004	2.050717e-001
5.757499999999567e-004	6.977629e-004	1.988251e-001
5.793571428571058e-004	6.736374e-004	1.944435e-001
5.829642857142548e-004	6.510799e-004	1.901535e-001
5.865714285714039e-004	6.300904e-004	1.859551e-001
5.901785714285528e-004	6.106689e-004	1.818483e-001
5.937857142857019e-004	5.928154e-004	1.778330e-001
5.973928571428509e-004	5.765300e-004	1.739093e-001
6.010000000000000e-004	5.618125e-004	1.700773e-001
6.010099999999999e-004	5.617737e-004	1.700743e-001
6.010299999999999e-004	5.617316e-004	1.701045e-001
6.010699999999999e-004	5.621997e-004	1.703690e-001
6.011499999999998e-004	5.669896e-004	1.716134e-001
6.012499999999998e-004	5.841479e-004	1.743831e-001
6.013499999999997e-004	6.174555e-004	1.784065e-001
6.014000000000001e-004	6.464231e-004	1.810826e-001
6.015000000000000e-004	7.249897e-004	1.873836e-001
6.015700000000000e-004	8.117395e-004	1.925934e-001
6.016499999999999e-004	9.393273e-004	1.985808e-001
6.017499999999999e-004	1.135147e-003	2.060632e-001
6.018499999999998e-004	1.373683e-003	2.135411e-001
6.019499999999998e-004	1.656625e-003	2.210144e-001
6.020499999999997e-004	1.983379e-003	2.284831e-001
6.021499999999997e-004	2.353354e-003	2.359471e-001
6.022499999999996e-004	2.765968e-003	2.434066e-001
6.023499999999995e-004	3.220641e-003	2.508614e-001
6.024499999999995e-004	3.716803e-003	2.583116e-001
6.026499999999994e-004	4.831330e-003	2.731982e-001
6.027499999999993e-004	5.448580e-003	2.806347e-001
6.029499999999992e-004	6.800305e-003	2.954937e-001
6.031499999999991e-004	8.304731e-003	3.103344e-001
6.033499999999990e-004	9.957613e-003	3.251567e-001
6.036499999999989e-004	1.270622e-002	3.473558e-001
6.039499999999987e-004	1.576584e-002	3.695138e-001
6.042499999999986e-004	1.912321e-002	3.916306e-001
6.045714285714273e-004	2.307234e-002	4.152814e-001
6.048928571428561e-004	2.729695e-002	4.388855e-001
6.052142857142849e-004	3.179701e-002	4.624430e-001
6.055357142857137e-004	3.657255e-002	4.859539e-001
6.058571428571425e-004	4.162354e-002	5.094182e-001
6.061785714285713e-004	4.695000e-002	5.328358e-001
6.065000000000001e-004	5.255193e-002	5.562068e-001
6.065700000000000e-004	5.379718e-002	5.609246e-001
6.067499999999999e-004	5.702618e-002	5.697822e-001
6.069000000000001e-004	5.972016e-002	5.737994e-001
6.070000000000000e-004	6.150439e-002	5.746375e-001
6.070300000000001e-004	6.203460e-002	5.745558e-001
6.077185714285712e-004	7.340859e-002	5.721184e-001
6.084071428571422e-004	8.381853e-002	5.696902e-001
6.090957142857133e-004	9.326442e-002	5.672714e-001
6.097842857142843e-004	1.017463e-001	5.648618e-001
6.104728571428554e-004	1.092641e-001	5.624616e-001
6.111614285714264e-004	1.158178e-001	5.600707e-001
6.118499999999976e-004	1.214075e-001	5.576891e-001
6.125642857142829e-004	1.264733e-001	5.552308e-001
6.132785714285683e-004	1.309358e-001	5.527833e-001
6.139928571428536e-004	1.347948e-001	5.503465e-001
6.147071428571389e-004	1.380503e-001	5.479204e-001
6.154214285714242e-004	1.407025e-001	5.455050e-001
6.161357142857097e-004	1.427512e-001	5.431003e-001
6.168499999999950e-004	1.441965e-001	5.407064e-001
6.175642857142803e-004	1.452383e-001	5.383230e-001
6.182785714285657e-004	1.459540e-001	5.359499e-001
6.189928571428510e-004	1.463436e-001	5.335873e-001
6.197071428571363e-004	1.464072e-001	5.312351e-001
6.204214285714216e-004	1.461447e-001	5.288933e-001
6.211357142857071e-004	1.455561e-001	5.265618e-001
6.218499999999924e-004	1.446415e-001	5.242408e-001
6.227642857142776e-004	1.431410e-001	5.212849e-001
6.236785714285629e-004	1.414100e-001	5.183454e-001
6.245928571428481e-004	1.394484e-001	5.154223e-001
6.255071428571333e-004	1.372562e-001	5.125157e-001
6.264214285714185e-004	1.348334e-001	5.096255e-001
6.273357142857039e-004	1.321801e-001	5.067517e-001
6.282499999999891e-004	1.292961e-001	5.038944e-001
6.295071428571313e-004	1.251503e-001	4.999921e-001
6.307642857142734e-004	1.209470e-001	4.961195e-001
6.320214285714156e-004	1.166863e-001	4.922766e-001
6.332785714285579e-004	1.123681e-001	4.884633e-001
6.345357142857001e-004	1.079925e-001	4.846796e-001
6.357928571428423e-004	1.035595e-001	4.809256e-001
6.370499999999845e-004	9.906894e-002	4.772012e-001
6.384499999999838e-004	9.419465e-002	4.730877e-001
6.398499999999831e-004	8.945348e-002	4.690089e-001
6.412499999999823e-004	8.484545e-002	4.649648e-001
6.426499999999816e-004	8.037055e-002	4.609554e-001
6.440499999999809e-004	7.602879e-002	4.569807e-001
6.454499999999802e-004	7.182015e-002	4.530408e-001
6.468499999999794e-004	6.774465e-002	4.491355e-001
6.483214285714072e-004	6.367369e-002	4.450674e-001
6.497928571428351e-004	5.978434e-002	4.410352e-001
6.512642857142628e-004	5.607659e-002	4.370392e-001
6.527357142856907e-004	5.255045e-002	4.330791e-001
6.542071428571185e-004	4.920591e-002	4.291551e-001
6.556785714285463e-004	4.604298e-002	4.252671e-001
6.571499999999741e-004	4.306165e-002	4.214152e-001
6.587642857142589e-004	3.999812e-002	4.172296e-001
6.603785714285439e-004	3.710888e-002	4.130845e-001
6.619928571428288e-004	3.439392e-002	4.089800e-001
6.636071428571136e-004	3.185326e-002	4.049161e-001
6.652214285713984e-004	2.948688e-002	4.008927e-001
6.668357142856834e-004	2.729479e-002	3.969099e-001
6.684499999999682e-004	2.527699e-002	3.929677e-001
6.703357142856816e-004	2.310682e-002	3.884126e-001
6.722214285713948e-004	2.108919e-002	3.839087e-001
6.741071428571082e-004	1.922410e-002	3.794562e-001
6.759928571428215e-004	1.751155e-002	3.750551e-001
6.778785714285348e-004	1.595155e-002	3.707052e-001
6.797642857142481e-004	1.454408e-002	3.664067e-001
6.816499999999614e-004	1.328916e-002	3.621595e-001
6.837928571428175e-004	1.199623e-002	3.573932e-001
6.859357142856735e-004	1.080862e-002	3.526877e-001
6.880785714285296e-004	9.726316e-003	3.480430e-001
6.902214285713855e-004	8.749327e-003	3.434589e-001
6.923642857142416e-004	7.877650e-003	3.389357e-001
6.945071428570976e-004	7.111286e-003	3.344731e-001
6.966499999999536e-004	6.450234e-003	3.300714e-001
6.977642857142388e-004	6.124547e-003	3.278046e-001
6.988785714285240e-004	5.814987e-003	3.255532e-001
6.999928571428091e-004	5.521553e-003	3.233171e-001
7.011071428570942e-004	5.244247e-003	3.210962e-001
7.022214285713793e-004	4.983067e-003	3.188907e-001
7.033357142856645e-004	4.738014e-003	3.167005e-001
7.044499999999496e-004	4.509088e-003	3.145256e-001
7.045499999999496e-004	4.488999e-003	3.143311e-001
7.071357142856625e-004	4.020841e-003	3.093471e-001
7.097214285713754e-004	3.597543e-003	3.044392e-001
7.123071428570884e-004	3.219104e-003	2.996073e-001
7.148928571428014e-004	2.885525e-003	2.948515e-001
7.174785714285143e-004	2.596805e-003	2.901716e-001
7.200642857142272e-004	2.352945e-003	2.855679e-001
7.226499999999402e-004	2.153944e-003	2.810401e-001
7.261357142856527e-004	1.922047e-003	2.750525e-001
7.296214285713651e-004	1.716460e-003	2.691861e-001
7.331071428570776e-004	1.537182e-003	2.634409e-001
7.365928571427901e-004	1.384213e-003	2.578170e-001
7.400785714285026e-004	1.257554e-003	2.523142e-001
7.435642857142150e-004	1.157203e-003	2.469326e-001
7.470499999999276e-004	1.083162e-003	2.416722e-001
7.528928571427817e-004	9.792868e-004	2.331200e-001
7.587357142856358e-004	8.886038e-004	2.248464e-001
7.645785714284900e-004	8.111133e-004	2.168513e-001
7.704214285713441e-004	7.468154e-004	2.091348e-001
7.762642857141981e-004	6.957099e-004	2.016968e-001
7.821071428570522e-004	6.577969e-004	1.945374e-001
7.879499999999064e-004	6.330765e-004	1.876565e-001
8.010000000000001e-004	5.715992e-004	1.731050e-001
8.010100000000000e-004	5.715596e-004	1.731019e-001
8.010300000000000e-004	5.715165e-004	1.731316e-001
8.010700000000000e-004	5.719822e-004	1.733954e-001
8.011499999999999e-004	5.767672e-004	1.746383e-001
8.012499999999999e-004	5.939195e-004	1.774061e-001
8.013499999999998e-004	6.272210e-004	1.814277e-001
8.014000000000001e-004	6.561856e-004	1.841028e-001
8.015000000000000e-004	7.347461e-004	1.904020e-001
8.015700000000000e-004	8.214918e-004	1.956105e-001
8.016500000000000e-004	9.490747e-004	2.015964e-001
8.017500000000000e-004	1.144889e-003	2.090769e-001
8.018499999999999e-004	1.383418e-003	2.165530e-001
8.019499999999998e-004	1.666355e-003	2.240244e-001
8.020499999999998e-004	1.993102e-003	2.314912e-001
8.021499999999997e-004	2.363072e-003	2.389534e-001
8.022499999999997e-004	2.775679e-003	2.464110e-001
8.023499999999996e-004	3.230347e-003	2.538640e-001
8.024499999999996e-004	3.726502e-003	2.613123e-001
8.026499999999995e-004	4.841018e-003	2.761952e-001
8.028499999999994e-004	6.114762e-003	2.910597e-001
8.030499999999993e-004	7.543361e-003	3.059059e-001
8.032499999999992e-004	9.122528e-003	3.207337e-001
8.034499999999991e-004	1.084806e-002	3.355432e-001
8.037499999999989e-004	1.370182e-002	3.577230e-001
8.040499999999988e-004	1.686213e-002	3.798618e-001
8.043499999999986e-004	2.031584e-002	4.019594e-001
8.046214285714270e-004	2.370414e-002	4.219172e-001
8.048928571428555e-004	2.729149e-002	4.418416e-001
8.051642857142839e-004	3.107789e-002	4.617326e-001
8.054357142857124e-004	3.506335e-002	4.815903e-001
8.057071428571407e-004	3.924785e-002	5.014147e-001
8.059785714285692e-004	4.363141e-002	5.212057e-001
8.062499999999976e-004	4.821401e-002	5.409634e-001
8.063499999999976e-004	4.993530e-002	5.482348e-001
8.065000000000000e-004	5.256139e-002	5.591332e-001
8.065700000000001e-004	5.380663e-002	5.638497e-001
8.067500000000000e-004	5.703562e-002	5.727041e-001
8.069000000000000e-004	5.972960e-002	5.767186e-001
8.070000000000000e-004	6.151382e-002	5.775549e-001
8.070299999999999e-004	6.204402e-002	5.774727e-001
8.077185714285710e-004	7.341798e-002	5.750228e-001
8.084071428571421e-004	8.382788e-002	5.725823e-001
8.090957142857132e-004	9.327373e-002	5.701512e-001
8.097842857142842e-004	1.017555e-001	5.677294e-001
8.104728571428553e-004	1.092733e-001	5.653170e-001
8.111614285714263e-004	1.158270e-001	5.629140e-001
8.118499999999974e-004	1.214167e-001	5.605203e-001
8.125642857142827e-004	1.264824e-001	5.580495e-001
8.132785714285682e-004	1.309448e-001	5.555896e-001
8.139928571428535e-004	1.348038e-001	5.531404e-001
8.147071428571388e-004	1.380593e-001	5.507020e-001
8.154214285714241e-004	1.407114e-001	5.482743e-001
8.161357142857095e-004	1.427601e-001	5.458575e-001
8.168499999999948e-004	1.442054e-001	5.434514e-001
8.175642857142802e-004	1.452471e-001	5.410559e-001
8.182785714285656e-004	1.459628e-001	5.386708e-001
8.189928571428509e-004	1.463524e-001	5.362962e-001
8.197071428571362e-004	1.464159e-001	5.339320e-001
8.204214285714215e-004	1.461534e-001	5.315783e-001
8.211357142857069e-004	1.455647e-001	5.292350e-001
8.218499999999923e-004	1.446501e-001	5.269022e-001
8.227642857142775e-004	1.431496e-001	5.239313e-001
8.236785714285628e-004	1.414185e-001	5.209768e-001
8.245928571428480e-004	1.394569e-001	5.180389e-001
8.255071428571332e-004	1.372646e-001	5.151175e-001
8.264214285714184e-004	1.348418e-001	5.122127e-001
8.273357142857037e-004	1.321884e-001	5.093243e-001
8.282499999999889e-004	1.293044e-001	5.064525e-001
8.295071428571311e-004	1.251585e-001	5.025304e-001
8.307642857142733e-004	1.209552e-001	4.986382e-001
8.320214285714155e-004	1.166944e-001	4.947757e-001
8.332785714285578e-004	1.123761e-001	4.909430e-001
8.345357142857000e-004	1.080005e-001	4.871402e-001
8.357928571428422e-004	1.035673e-001	4.833671e-001
8.370499999999844e-004	9.907677e-002	4.796238e-001
8.384499999999837e-004	9.420241e-002	4.754894e-001
8.398499999999829e-004	8.946118e-002	4.713899e-001
8.412499999999822e-004	8.485309e-002	4.673252e-001
8.426499999999815e-004	8.037812e-002	4.632955e-001
8.440499999999808e-004	7.603629e-002	4.593007e-001
8.454499999999800e-004	7.182759e-002	4.553407e-001
8.468499999999793e-004	6.775202e-002	4.514156e-001
8.483214285714071e-004	6.368100e-002	4.473268e-001
8.497928571428349e-004	5.979158e-002	4.432742e-001
8.512642857142627e-004	5.608377e-002	4.392579e-001
8.527357142856906e-004	5.255756e-002	4.352777e-001
8.542071428571183e-004	4.921296e-002	4.313338e-001
8.556785714285462e-004	4.604996e-002	4.274261e-001
8.571499999999740e-004	4.306857e-002	4.235546e-001
8.587642857142588e-004	4.000497e-002	4.193477e-001
8.603785714285438e-004	3.711566e-002	4.151816e-001
8.619928571428286e-004	3.440063e-002	4.110562e-001
8.636071428571135e-004	3.185990e-002	4.069717e-001
8.652214285713983e-004	2.949346e-002	4.029279e-001
8.668357142856833e-004	2.730130e-002	3.989249e-001
8.684499999999681e-004	2.528344e-002	3.949627e-001
8.703357142856815e-004	2.311319e-002	3.903844e-001
8.722214285713947e-004	2.109549e-002	3.858577e-001
8.741071428571080e-004	1.923033e-002	3.813826e-001
8.759928571428214e-004	1.751771e-002	3.769591e-001
8.778785714285347e-004	1.595763e-002	3.725872e-001
8.797642857142479e-004	1.455009e-002	3.682668e-001
8.816499999999613e-004	1.329510e-002	3.639981e-001
8.837928571428173e-004	1.200210e-002	3.592076e-001
8.859357142856734e-004	1.081440e-002	3.544782e-001
8.880785714285294e-004	9.732027e-003	3.498099e-001
8.902214285713854e-004	8.754963e-003	3.452026e-001
8.923642857142414e-004	7.883212e-003	3.406563e-001
8.945071428570975e-004	7.116775e-003	3.361712e-001
8.966499999999535e-004	6.455651e-003	3.317470e-001
8.982785714285242e-004	5.989261e-003	3.284230e-001
8.999071428570947e-004	5.554432e-003	3.251315e-001
9.015357142856653e-004	5.151162e-003	3.218724e-001
9.031642857142358e-004	4.779453e-003	3.186459e-001
9.047928571428065e-004	4.439304e-003	3.154519e-001
9.064214285713770e-004	4.130715e-003	3.122903e-001
9.080499999999476e-004	3.853686e-003	3.091613e-001
9.081499999999476e-004	3.837069e-003	3.089701e-001
9.108642857142318e-004	3.433303e-003	3.038299e-001
9.135785714285162e-004	3.069483e-003	2.987718e-001
9.162928571428005e-004	2.745608e-003	2.937959e-001
9.190071428570848e-004	2.461679e-003	2.889020e-001
9.217214285713691e-004	2.217695e-003	2.840904e-001
9.244357142856535e-004	2.013657e-003	2.793608e-001
9.271499999999377e-004	1.849564e-003	2.747135e-001
9.309357142856501e-004	1.653182e-003	2.683640e-001
9.347214285713623e-004	1.479829e-003	2.621534e-001
9.385071428570747e-004	1.329507e-003	2.560817e-001
9.422928571427870e-004	1.202214e-003	2.501488e-001
9.460785714284994e-004	1.097952e-003	2.443547e-001
9.498642857142117e-004	1.016720e-003	2.386996e-001
9.536499999999240e-004	9.585183e-004	2.331832e-001
9.604142857142206e-004	8.710755e-004	2.236663e-001
9.671785714285172e-004	7.944909e-004	2.145027e-001
9.739428571428138e-004	7.287644e-004	2.056924e-001
9.807071428571104e-004	6.738960e-004	1.972353e-001
9.874714285714071e-004	6.298858e-004	1.891315e-001
9.942357142857035e-004	5.967337e-004	1.813810e-001
1.001000000000000e-003	5.744397e-004	1.739838e-001
1.001010000000000e-003	5.744000e-004	1.739806e-001
1.001030000000000e-003	5.743565e-004	1.740103e-001
1.001070000000000e-003	5.748214e-004	1.742738e-001
1.001150000000000e-003	5.796051e-004	1.755163e-001
1.001250000000000e-003	5.967556e-004	1.782836e-001
1.001350000000000e-003	6.300553e-004	1.823046e-001
1.001400000000000e-003	6.590191e-004	1.849794e-001
1.001500000000000e-003	7.375779e-004	1.912781e-001
1.001570000000000e-003	8.243223e-004	1.964862e-001
1.001649999999999e-003	9.519038e-004	2.024717e-001
1.001749999999999e-003	1.147716e-003	2.099516e-001
1.001849999999999e-003	1.386244e-003	2.174271e-001
1.001949999999999e-003	1.669179e-003	2.248980e-001
1.002049999999999e-003	1.995924e-003	2.323643e-001
1.002149999999999e-003	2.365892e-003	2.398260e-001
1.002250000000000e-003	2.778498e-003	2.472830e-001
1.002350000000000e-003	3.233164e-003	2.547355e-001
1.002450000000000e-003	3.729317e-003	2.621833e-001
1.002650000000000e-003	4.843829e-003	2.770651e-001
1.002850000000000e-003	6.117570e-003	2.919285e-001
1.003050000000000e-003	7.546166e-003	3.067736e-001
1.003250000000000e-003	9.125330e-003	3.216003e-001
1.003450000000000e-003	1.085086e-002	3.364087e-001
1.003750000000000e-003	1.370462e-002	3.585870e-001
1.004050000000001e-003	1.686492e-002	3.807241e-001
1.004350000000001e-003	2.031862e-002	4.028202e-001
1.004657142857143e-003	2.417673e-002	4.253996e-001
1.004964285714286e-003	2.828430e-002	4.479365e-001
1.005271428571429e-003	3.264134e-002	4.704308e-001
1.005578571428572e-003	3.724784e-002	4.928825e-001
1.005885714285715e-003	4.210381e-002	5.152918e-001
1.006192857142857e-003	4.720924e-002	5.376585e-001
1.006500000000000e-003	5.256414e-002	5.599827e-001
1.006569999999997e-003	5.380937e-002	5.646988e-001
1.006749999999995e-003	5.703836e-002	5.735522e-001
1.006900000000000e-003	5.973234e-002	5.775659e-001
1.007000000000000e-003	6.151655e-002	5.784017e-001
1.007030000000000e-003	6.204676e-002	5.783193e-001
1.007347142857143e-003	6.749586e-002	5.771903e-001
1.007664285714286e-003	7.271193e-002	5.760624e-001
1.007981428571429e-003	7.769497e-002	5.749359e-001
1.008298571428572e-003	8.244498e-002	5.738106e-001
1.008615714285715e-003	8.696196e-002	5.726865e-001
1.008932857142858e-003	9.124591e-002	5.715637e-001
1.009250000000001e-003	9.529682e-002	5.704421e-001
1.009350000000001e-003	9.653644e-002	5.700893e-001
1.010107142857145e-003	1.050834e-001	5.674260e-001
1.010864285714288e-003	1.127453e-001	5.647750e-001
1.011621428571431e-003	1.195221e-001	5.621363e-001
1.012378571428574e-003	1.254139e-001	5.595099e-001
1.013135714285718e-003	1.304206e-001	5.568957e-001
1.013892857142861e-003	1.345423e-001	5.542939e-001
1.014650000000004e-003	1.377790e-001	5.517043e-001
1.015307142857148e-003	1.401363e-001	5.494666e-001
1.015964285714291e-003	1.421194e-001	5.472379e-001
1.016621428571434e-003	1.437284e-001	5.450181e-001
1.017278571428577e-003	1.449631e-001	5.428073e-001
1.017935714285720e-003	1.458237e-001	5.406055e-001
1.018592857142864e-003	1.463100e-001	5.384127e-001
1.019250000000007e-003	1.464222e-001	5.362288e-001
1.019978571428579e-003	1.462386e-001	5.338180e-001
1.020707142857151e-003	1.458130e-001	5.314179e-001
1.021435714285722e-003	1.451454e-001	5.290285e-001
1.022164285714294e-003	1.442357e-001	5.266499e-001
1.022892857142866e-003	1.430839e-001	5.242819e-001
1.023621428571438e-003	1.416901e-001	5.219247e-001
1.024350000000010e-003	1.400543e-001	5.195782e-001
1.025407142857153e-003	1.373814e-001	5.161924e-001
1.026464285714297e-003	1.345337e-001	5.128283e-001
1.027521428571440e-003	1.315112e-001	5.094859e-001
1.028578571428584e-003	1.283138e-001	5.061652e-001
1.029635714285727e-003	1.249416e-001	5.028662e-001
1.030692857142871e-003	1.213945e-001	4.995889e-001
1.031750000000014e-003	1.176727e-001	4.963334e-001
1.033121428571443e-003	1.128035e-001	4.921419e-001
1.034492857142873e-003	1.079797e-001	4.879850e-001
1.035864285714302e-003	1.032012e-001	4.838628e-001
1.037235714285731e-003	9.846792e-002	4.797753e-001
1.038607142857161e-003	9.377996e-002	4.757224e-001
1.039978571428590e-003	8.913729e-002	4.717042e-001
1.041350000000019e-003	8.453991e-002	4.677207e-001
1.042778571428592e-003	7.994318e-002	4.636070e-001
1.044207142857164e-003	7.551358e-002	4.595287e-001
1.045635714285736e-003	7.125110e-002	4.554858e-001
1.047064285714308e-003	6.715575e-002	4.514784e-001
1.048492857142881e-003	6.322752e-002	4.475063e-001
1.049921428571453e-003	5.946642e-002	4.435696e-001
1.051350000000025e-003	5.587244e-002	4.396684e-001
1.052878571428597e-003	5.224230e-002	4.355321e-001
1.054407142857170e-003	4.879502e-002	4.314339e-001
1.055935714285742e-003	4.553060e-002	4.273736e-001
1.057464285714314e-003	4.244904e-002	4.233514e-001
1.058992857142887e-003	3.955035e-002	4.193673e-001
1.060521428571459e-003	3.683452e-002	4.154211e-001
1.062050000000031e-003	3.430155e-002	4.115130e-001
1.063764285714318e-003	3.165951e-002	4.071740e-001
1.065478571428604e-003	2.918257e-002	4.028796e-001
1.067192857142891e-003	2.687072e-002	3.986297e-001
1.068907142857178e-003	2.472398e-002	3.944245e-001
1.070621428571465e-003	2.274233e-002	3.902638e-001
1.072335714285751e-003	2.092579e-002	3.861477e-001
1.074050000000038e-003	1.927434e-002	3.820762e-001
1.076150000000039e-003	1.743247e-002	3.771476e-001
1.078250000000040e-003	1.573496e-002	3.722807e-001
1.080350000000042e-003	1.418182e-002	3.674754e-001
1.082450000000043e-003	1.277305e-002	3.627316e-001
1.084550000000044e-003	1.150865e-002	3.580495e-001
1.086650000000045e-003	1.038862e-002	3.534290e-001
1.088750000000046e-003	9.412955e-003	3.488701e-001
1.090964285714333e-003	8.482811e-003	3.441269e-001
1.093178571428620e-003	7.631443e-003	3.394460e-001
1.095392857142907e-003	6.858852e-003	3.348276e-001
1.097607142857194e-003	6.165037e-003	3.302715e-001
1.099821428571481e-003	5.549998e-003	3.257779e-001
1.102035714285768e-003	5.013736e-003	3.213466e-001
1.104250000000055e-003	4.556251e-003	3.169776e-001
1.105307142857199e-003	4.348304e-003	3.149121e-001
1.106364285714342e-003	4.150276e-003	3.128597e-001
1.107421428571486e-003	3.962167e-003	3.108207e-001
1.108478571428629e-003	3.783977e-003	3.087948e-001
1.109535714285772e-003	3.615706e-003	3.067822e-001
1.110592857142916e-003	3.457354e-003	3.047829e-001
1.111650000000059e-003	3.308921e-003	3.027968e-001
1.111750000000059e-003	3.295183e-003	3.026096e-001
1.114621428571490e-003	2.944897e-003	2.972867e-001
1.117492857142920e-003	2.630493e-003	2.920535e-001
1.120364285714350e-003	2.351971e-003	2.869101e-001
1.123235714285780e-003	2.109330e-003	2.818564e-001
1.126107142857210e-003	1.902571e-003	2.768925e-001
1.128978571428640e-003	1.731694e-003	2.720183e-001
1.131850000000071e-003	1.596698e-003	2.672338e-001
1.135992857142930e-003	1.430713e-003	2.604836e-001
1.140135714285790e-003	1.284772e-003	2.538940e-001
1.144278571428649e-003	1.158876e-003	2.474649e-001
1.148421428571509e-003	1.053024e-003	2.411963e-001
1.152564285714368e-003	9.672167e-004	2.350883e-001
1.156707142857228e-003	9.014536e-004	2.291408e-001
1.160850000000087e-003	8.557349e-004	2.233538e-001
1.166585714799855e-003	7.970879e-004	2.155915e-001
1.172321429599622e-003	7.446341e-004	2.080778e-001
1.178057144399390e-003	6.983736e-004	2.008127e-001
1.183792859199157e-003	6.583064e-004	1.937963e-001
1.189528573998925e-003	6.244324e-004	1.870285e-001
1.195264288798692e-003	5.967517e-004	1.805094e-001
1.201000003598460e-003	5.752642e-004	1.742388e-001
1.201016850044476e-003	5.750953e-004	1.742248e-001
1.201033696490492e-003	5.750949e-004	1.742585e-001
1.201050542936508e-003	5.752628e-004	1.743398e-001
1.201067389382524e-003	5.755991e-004	1.744689e-001
1.201084235828540e-003	5.761038e-004	1.746457e-001
1.201101082274555e-003	5.767769e-004	1.748701e-001
1.201117928720571e-003	5.776184e-004	1.751423e-001
1.201217928720572e-003	5.902940e-004	1.775020e-001
1.201317928720572e-003	6.185891e-004	1.811574e-001
1.201400000000000e-003	6.623653e-004	1.853480e-001
1.201500000000000e-003	7.382380e-004	1.915248e-001
1.201570000000000e-003	8.249503e-004	1.967328e-001
1.201650000000000e-003	9.524954e-004	2.027181e-001
1.201750000000000e-003	1.148263e-003	2.101980e-001
1.201850000000000e-003	1.386746e-003	2.176733e-001
1.201950000000000e-003	1.669637e-003	2.251441e-001
1.202050000000000e-003	1.996340e-003	2.326102e-001
1.202150000000000e-003	2.366264e-003	2.400717e-001
1.202250000000000e-003	2.778828e-003	2.475286e-001
1.202350000000001e-003	3.233452e-003	2.549809e-001
1.202450000000001e-003	3.729565e-003	2.624285e-001
1.202650000000001e-003	4.843996e-003	2.773101e-001
1.202850000000001e-003	6.117659e-003	2.921732e-001
1.203050000000001e-003	7.546179e-003	3.070180e-001
1.203250000000001e-003	9.125269e-003	3.218444e-001
1.203450000000001e-003	1.085073e-002	3.366525e-001
1.203750000000001e-003	1.370438e-002	3.588303e-001
1.204050000000001e-003	1.686458e-002	3.809670e-001
1.204350000000002e-003	2.031819e-002	4.030626e-001
1.204657142857144e-003	2.417621e-002	4.256415e-001
1.204964285714287e-003	2.828369e-002	4.481779e-001
1.205271428571430e-003	3.264064e-002	4.706718e-001
1.205578571428572e-003	3.724706e-002	4.931231e-001
1.205885714285715e-003	4.210295e-002	5.155319e-001
1.206192857142857e-003	4.720831e-002	5.378981e-001
1.206500000000000e-003	5.256313e-002	5.602219e-001
1.206569999999996e-003	5.380836e-002	5.649378e-001
1.206749999999992e-003	5.703731e-002	5.737910e-001
1.206900000000000e-003	5.973125e-002	5.778045e-001
1.207000000000000e-003	6.151545e-002	5.786402e-001
1.207030000000000e-003	6.204565e-002	5.785577e-001
1.207504285714286e-003	7.006816e-002	5.768672e-001
1.207978571428572e-003	7.759729e-002	5.751807e-001
1.208452857142858e-003	8.463303e-002	5.734982e-001
1.208927142857144e-003	9.117540e-002	5.718196e-001
1.209401428571430e-003	9.722439e-002	5.701450e-001
1.209875714285716e-003	1.027800e-001	5.684744e-001
1.210350000000002e-003	1.078422e-001	5.668077e-001
1.210450000000002e-003	1.088686e-001	5.664573e-001
1.211192857142860e-003	1.157743e-001	5.638607e-001
1.211935714285717e-003	1.219224e-001	5.612760e-001
1.212678571428575e-003	1.273130e-001	5.587029e-001
1.213421428571432e-003	1.319461e-001	5.561417e-001
1.214164285714290e-003	1.358217e-001	5.535922e-001
1.214907142857147e-003	1.389397e-001	5.510545e-001
1.215650000000005e-003	1.413003e-001	5.485286e-001
1.216278571428577e-003	1.429284e-001	5.464002e-001
1.216907142857149e-003	1.442507e-001	5.442801e-001
1.217535714285720e-003	1.452671e-001	5.421681e-001
1.218164285714292e-003	1.459776e-001	5.400644e-001
1.218792857142864e-003	1.463823e-001	5.379688e-001
1.219421428571436e-003	1.464810e-001	5.358813e-001
1.220050000000008e-003	1.462739e-001	5.338021e-001
1.220850000000008e-003	1.456791e-001	5.311675e-001
1.221650000000008e-003	1.448340e-001	5.285458e-001
1.222450000000009e-003	1.437385e-001	5.259369e-001
1.223250000000009e-003	1.423928e-001	5.233408e-001
1.224050000000010e-003	1.407967e-001	5.207576e-001
1.224850000000010e-003	1.389502e-001	5.181872e-001
1.225650000000011e-003	1.368535e-001	5.156297e-001
1.226778571428583e-003	1.336294e-001	5.120434e-001
1.227907142857155e-003	1.302669e-001	5.084816e-001
1.229035714285727e-003	1.267661e-001	5.049444e-001
1.230164285714299e-003	1.231269e-001	5.014317e-001
1.231292857142871e-003	1.193492e-001	4.979435e-001
1.232421428571443e-003	1.154332e-001	4.944798e-001
1.233550000000015e-003	1.113788e-001	4.910406e-001
1.234935714285730e-003	1.064286e-001	4.868508e-001
1.236321428571445e-003	1.015617e-001	4.826960e-001
1.237707142857160e-003	9.677810e-002	4.785761e-001
1.239092857142875e-003	9.207790e-002	4.744913e-001
1.240478571428590e-003	8.746106e-002	4.704415e-001
1.241864285714306e-003	8.292758e-002	4.664267e-001
1.243250000000021e-003	7.847746e-002	4.624469e-001
1.244692857142879e-003	7.404745e-002	4.583392e-001
1.246135714285737e-003	6.979253e-002	4.542671e-001
1.247578571428594e-003	6.571271e-002	4.502307e-001
1.249021428571453e-003	6.180799e-002	4.462300e-001
1.250464285714311e-003	5.807837e-002	4.422650e-001
1.251907142857168e-003	5.452384e-002	4.383357e-001
1.253350000000026e-003	5.114441e-002	4.344421e-001
1.254892857142884e-003	4.774147e-002	4.303170e-001
1.256435714285742e-003	4.451646e-002	4.262302e-001
1.257978571428600e-003	4.146938e-002	4.221816e-001
1.259521428571459e-003	3.860023e-002	4.181713e-001
1.261064285714317e-003	3.590902e-002	4.141993e-001
1.262607142857174e-003	3.339574e-002	4.102655e-001
1.264150000000032e-003	3.106039e-002	4.063700e-001
1.265907142857176e-003	2.859345e-002	4.019788e-001
1.267664285714320e-003	2.628618e-002	3.976337e-001
1.269421428571464e-003	2.413859e-002	3.933349e-001
1.271178571428608e-003	2.215068e-002	3.890822e-001
1.272935714285752e-003	2.032244e-002	3.848758e-001
1.274692857142896e-003	1.865388e-002	3.807156e-001
1.276450000000039e-003	1.714499e-002	3.766016e-001
1.278564285714326e-003	1.549458e-002	3.717109e-001
1.280678571428613e-003	1.397528e-002	3.668817e-001
1.282792857142900e-003	1.258709e-002	3.621141e-001
1.284907142857187e-003	1.133000e-002	3.574079e-001
1.287021428571474e-003	1.020402e-002	3.527633e-001
1.289135714285761e-003	9.209143e-003	3.481803e-001
1.291250000000048e-003	8.345375e-003	3.436587e-001
1.293507142857192e-003	7.513143e-003	3.388967e-001
1.295764285714336e-003	6.752667e-003	3.341984e-001
1.298021428571480e-003	6.063947e-003	3.295639e-001
1.300278571428624e-003	5.446982e-003	3.249932e-001
1.302535714285768e-003	4.901772e-003	3.204863e-001
1.304792857142913e-003	4.428318e-003	3.160432e-001
1.307050000000057e-003	4.026619e-003	3.116639e-001
1.307864285714343e-003	3.887193e-003	3.100982e-001
1.308678571428629e-003	3.753073e-003	3.085404e-001
1.309492857142915e-003	3.624262e-003	3.069903e-001
1.310307142857202e-003	3.500758e-003	3.054480e-001
1.311121428571488e-003	3.382561e-003	3.039134e-001
1.311935714285774e-003	3.269672e-003	3.023867e-001
1.312750000000060e-003	3.162091e-003	3.008676e-001
1.312850000000060e-003	3.149129e-003	3.006816e-001
1.315764285714347e-003	2.814445e-003	2.953145e-001
1.318678571428635e-003	2.514339e-003	2.900392e-001
1.321592857142922e-003	2.248810e-003	2.848557e-001
1.324507142857210e-003	2.017858e-003	2.797639e-001
1.327421428571497e-003	1.821484e-003	2.747638e-001
1.330335714285784e-003	1.659688e-003	2.698555e-001
1.333250000000072e-003	1.532469e-003	2.650390e-001
1.337521428571503e-003	1.374021e-003	2.581399e-001
1.341792857142934e-003	1.234879e-003	2.514095e-001
1.346064285714365e-003	1.115044e-003	2.448480e-001
1.350335714285796e-003	1.014515e-003	2.384552e-001
1.354607142857227e-003	9.332923e-004	2.322313e-001
1.358878571428657e-003	8.713762e-004	2.261761e-001
1.363150000000089e-003	8.287666e-004	2.202897e-001
1.368557143371284e-003	7.772136e-004	2.130629e-001
1.373964286742480e-003	7.307844e-004	2.060556e-001
1.379371430113676e-003	6.894790e-004	1.992677e-001
1.384778573484872e-003	6.532975e-004	1.926993e-001
1.390185716856068e-003	6.222399e-004	1.863503e-001
1.395592860227264e-003	5.963061e-004	1.802207e-001
1.401000003598460e-003	5.754961e-004	1.743107e-001
1.401016850044476e-003	5.753273e-004	1.742966e-001
1.401033696490492e-003	5.753268e-004	1.743303e-001
1.401050542936508e-003	5.754947e-004	1.744116e-001
1.401067389382524e-003	5.758310e-004	1.745407e-001
1.401084235828540e-003	5.763357e-004	1.747174e-001
1.401101082274556e-003	5.770088e-004	1.749419e-001
1.401117928720572e-003	5.778502e-004	1.752140e-001
1.401217928720572e-003	5.905257e-004	1.775738e-001
1.401317928720572e-003	6.188206e-004	1.812291e-001
1.401400000000000e-003	6.625968e-004	1.854197e-001
1.401500000000000e-003	7.384692e-004	1.915964e-001
1.401570000000000e-003	8.251814e-004	1.968043e-001
1.401650000000000e-003	9.527265e-004	2.027897e-001
1.401750000000000e-003	1.148493e-003	2.102695e-001
1.401850000000000e-003	1.386977e-003	2.177447e-001
1.401950000000000e-003	1.669867e-003	2.252154e-001
1.402050000000000e-003	1.996570e-003	2.326815e-001
1.402150000000000e-003	2.366495e-003	2.401430e-001
1.402250000000000e-003	2.779058e-003	2.475998e-001
1.402350000000000e-003	3.233682e-003	2.550521e-001
1.402450000000000e-003	3.729795e-003	2.624997e-001
1.402650000000001e-003	4.844226e-003	2.773812e-001
1.402850000000001e-003	6.117889e-003	2.922442e-001
1.403050000000001e-003	7.546408e-003	3.070889e-001
1.403250000000001e-003	9.125498e-003	3.219152e-001
1.403450000000001e-003	1.085096e-002	3.367232e-001
1.403750000000001e-003	1.370461e-002	3.589009e-001
1.404050000000001e-003	1.686481e-002	3.810374e-001
1.404350000000002e-003	2.031842e-002	4.031330e-001
1.404657142857144e-003	2.417643e-002	4.257118e-001
1.404964285714287e-003	2.828392e-002	4.482480e-001
1.405271428571430e-003	3.264087e-002	4.707417e-001
1.405578571428572e-003	3.724729e-002	4.931929e-001
1.405885714285715e-003	4.210318e-002	5.156016e-001
1.406192857142857e-003	4.720853e-002	5.379677e-001
1.406500000000000e-003	5.256336e-002	5.602912e-001
1.406569999999996e-003	5.380858e-002	5.650073e-001
1.406749999999992e-003	5.703753e-002	5.738603e-001
1.406900000000000e-003	5.973147e-002	5.778738e-001
1.407000000000000e-003	6.151567e-002	5.787094e-001
1.407030000000000e-003	6.204587e-002	5.786269e-001
1.407661428571429e-003	7.254470e-002	5.763758e-001
1.408292857142858e-003	8.221628e-002	5.741325e-001
1.408924285714287e-003	9.106062e-002	5.718968e-001
1.409555714285716e-003	9.907771e-002	5.696690e-001
1.410187142857145e-003	1.062676e-001	5.674489e-001
1.410818571428574e-003	1.126302e-001	5.652365e-001
1.411450000000003e-003	1.181656e-001	5.630319e-001
1.411550000000003e-003	1.190026e-001	5.626837e-001
1.412278571428574e-003	1.244862e-001	5.601539e-001
1.413007142857146e-003	1.293234e-001	5.576354e-001
1.413735714285718e-003	1.335142e-001	5.551281e-001
1.414464285714290e-003	1.370588e-001	5.526321e-001
1.415192857142862e-003	1.399570e-001	5.501473e-001
1.415921428571434e-003	1.422088e-001	5.476738e-001
1.416650000000005e-003	1.438143e-001	5.452116e-001
1.417335714285720e-003	1.449425e-001	5.429042e-001
1.418021428571435e-003	1.457583e-001	5.406066e-001
1.418707142857150e-003	1.462617e-001	5.383185e-001
1.419392857142864e-003	1.464527e-001	5.360402e-001
1.420078571428579e-003	1.463313e-001	5.337715e-001
1.420764285714294e-003	1.458975e-001	5.315125e-001
1.421450000000008e-003	1.451513e-001	5.292631e-001
1.422335714285723e-003	1.438575e-001	5.263718e-001
1.423221428571438e-003	1.423286e-001	5.234961e-001
1.424107142857153e-003	1.405646e-001	5.206360e-001
1.424992857142867e-003	1.385654e-001	5.177915e-001
1.425878571428582e-003	1.363310e-001	5.149626e-001
1.426764285714297e-003	1.338616e-001	5.121493e-001
1.427650000000012e-003	1.311570e-001	5.093515e-001
1.428892857142870e-003	1.271539e-001	5.054516e-001
1.430135714285727e-003	1.230740e-001	5.015810e-001
1.431378571428585e-003	1.189174e-001	4.977397e-001
1.432621428571443e-003	1.146839e-001	4.939278e-001
1.433864285714301e-003	1.103736e-001	4.901451e-001
1.435107142857159e-003	1.059865e-001	4.863917e-001
1.436350000000017e-003	1.015227e-001	4.826676e-001
1.437735714285732e-003	9.665754e-002	4.785492e-001
1.439121428571447e-003	9.191524e-002	4.744653e-001
1.440507142857162e-003	8.729575e-002	4.704157e-001
1.441892857142877e-003	8.279906e-002	4.664005e-001
1.443278571428592e-003	7.842518e-002	4.624198e-001
1.444664285714307e-003	7.417411e-002	4.584735e-001
1.446050000000022e-003	7.004585e-002	4.545615e-001
1.447507142857166e-003	6.591314e-002	4.504840e-001
1.448964285714310e-003	6.195954e-002	4.464422e-001
1.450421428571453e-003	5.818504e-002	4.424363e-001
1.451878571428597e-003	5.458964e-002	4.384661e-001
1.453335714285740e-003	5.117335e-002	4.345317e-001
1.454792857142884e-003	4.793616e-002	4.306331e-001
1.456250000000028e-003	4.487807e-002	4.267702e-001
1.457850000000029e-003	4.172879e-002	4.225687e-001
1.459450000000030e-003	3.875563e-002	4.184075e-001
1.461050000000031e-003	3.595857e-002	4.142868e-001
1.462650000000032e-003	3.333762e-002	4.102064e-001
1.464250000000032e-003	3.089278e-002	4.061663e-001
1.465850000000033e-003	2.862405e-002	4.021667e-001
1.467450000000034e-003	2.653143e-002	3.982074e-001
1.469307142857178e-003	2.429146e-002	3.936610e-001
1.471164285714322e-003	2.220619e-002	3.891651e-001
1.473021428571466e-003	2.027563e-002	3.847197e-001
1.474878571428610e-003	1.849977e-002	3.803247e-001
1.476735714285754e-003	1.687862e-002	3.759802e-001
1.478592857142898e-003	1.541218e-002	3.716862e-001
1.480450000000042e-003	1.410044e-002	3.674427e-001
1.482578571428614e-003	1.273620e-002	3.626389e-001
1.484707142857187e-003	1.148218e-002	3.578959e-001
1.486835714285759e-003	1.033837e-002	3.532138e-001
1.488964285714332e-003	9.304769e-003	3.485925e-001
1.491092857142905e-003	8.381382e-003	3.440321e-001
1.493221428571477e-003	7.568207e-003	3.395324e-001
1.495350000000050e-003	6.865243e-003	3.350936e-001
1.497678571428623e-003	6.173323e-003	3.303045e-001
1.500007142857196e-003	5.542717e-003	3.255814e-001
1.502335714285768e-003	4.973426e-003	3.209245e-001
1.504664285714341e-003	4.465450e-003	3.163337e-001
1.506992857142914e-003	4.018787e-003	3.118090e-001
1.509321428571487e-003	3.633440e-003	3.073503e-001
1.511650000000059e-003	3.309406e-003	3.029578e-001
1.513950000000061e-003	3.011100e-003	2.986786e-001
1.516921428571491e-003	2.690073e-003	2.932438e-001
1.519892857142921e-003	2.402588e-003	2.879038e-001
1.522864285714351e-003	2.148647e-003	2.826583e-001
1.525835714285782e-003	1.928248e-003	2.775075e-001
1.528807142857212e-003	1.741393e-003	2.724513e-001
1.531778571428642e-003	1.588080e-003	2.674897e-001
1.534750000000072e-003	1.468311e-003	2.626228e-001
1.539150000000075e-003	1.317859e-003	2.555843e-001
1.543550000000077e-003	1.185870e-003	2.487227e-001
1.547950000000080e-003	1.072342e-003	2.420382e-001
1.552350000000082e-003	9.772764e-004	2.355306e-001
1.556750000000085e-003	9.006724e-004	2.292000e-001
1.561150000000087e-003	8.425302e-004	2.230464e-001
1.565550000000090e-003	8.028498e-004	2.170698e-001
1.570614286228428e-003	7.578506e-004	2.103911e-001
1.575678572456767e-003	7.170280e-004	2.039035e-001
1.580742858685105e-003	6.803819e-004	1.976069e-001
1.585807144913444e-003	6.479125e-004	1.915015e-001
1.590871431141782e-003	6.196196e-004	1.855871e-001
1.595935717370121e-003	5.955033e-004	1.798638e-001
1.601000003598460e-003	5.755635e-004	1.743315e-001
1.601016850044476e-003	5.753947e-004	1.743175e-001
1.601033696490492e-003	5.753942e-004	1.743511e-001
1.601050542936508e-003	5.755621e-004	1.744325e-001
1.601067389382524e-003	5.758983e-004	1.745615e-001
1.601084235828539e-003	5.764030e-004	1.747383e-001
1.601101082274555e-003	5.770761e-004	1.749627e-001
1.601117928720571e-003	5.779175e-004	1.752349e-001
1.601217928720571e-003	5.905930e-004	1.775946e-001
1.601317928720572e-003	6.188878e-004	1.812499e-001
1.601400000000000e-003	6.626640e-004	1.854405e-001
1.601500000000000e-003	7.385364e-004	1.916171e-001
1.601570000000000e-003	8.252485e-004	1.968251e-001
1.601650000000000e-003	9.527936e-004	2.028104e-001
1.601750000000000e-003	1.148561e-003	2.102902e-001
1.601850000000000e-003	1.387044e-003	2.177655e-001
1.601950000000000e-003	1.669934e-003	2.252362e-001
1.602050000000000e-003	1.996637e-003	2.327022e-001
1.602150000000000e-003	2.366562e-003	2.401637e-001
1.602250000000000e-003	2.779125e-003	2.476205e-001
1.602350000000000e-003	3.233749e-003	2.550727e-001
1.602450000000001e-003	3.729862e-003	2.625204e-001
1.602650000000001e-003	4.844293e-003	2.774018e-001
1.602850000000001e-003	6.117955e-003	2.922648e-001
1.603050000000001e-003	7.546474e-003	3.071095e-001
1.603250000000001e-003	9.125564e-003	3.219358e-001
1.603450000000001e-003	1.085102e-002	3.367437e-001
1.603750000000001e-003	1.370468e-002	3.589214e-001
1.604050000000001e-003	1.686487e-002	3.810579e-001
1.604350000000002e-003	2.031849e-002	4.031534e-001
1.604657142857144e-003	2.417650e-002	4.257321e-001
1.604964285714287e-003	2.828398e-002	4.482684e-001
1.605271428571430e-003	3.264093e-002	4.707620e-001
1.605578571428572e-003	3.724735e-002	4.932132e-001
1.605885714285715e-003	4.210324e-002	5.156218e-001
1.606192857142857e-003	4.720860e-002	5.379879e-001
1.606500000000000e-003	5.256343e-002	5.603114e-001
1.606569999999996e-003	5.380865e-002	5.650274e-001
1.606749999999992e-003	5.703760e-002	5.738804e-001
1.606900000000000e-003	5.973154e-002	5.778939e-001
1.607000000000000e-003	6.151573e-002	5.787295e-001
1.607030000000000e-003	6.204594e-002	5.786470e-001
1.607718571428572e-003	7.341975e-002	5.761922e-001
1.608407142857144e-003	8.382952e-002	5.737467e-001
1.609095714285716e-003	9.327526e-002	5.713106e-001
1.609784285714288e-003	1.017570e-001	5.688839e-001
1.610472857142859e-003	1.092746e-001	5.664666e-001
1.611161428571431e-003	1.158282e-001	5.640587e-001
1.611850000000003e-003	1.214178e-001	5.616601e-001
1.612650000000003e-003	1.271847e-001	5.588878e-001
1.613350000000004e-003	1.313663e-001	5.564735e-001
1.614050000000004e-003	1.350171e-001	5.540694e-001
1.614750000000004e-003	1.381371e-001	5.516757e-001
1.615450000000005e-003	1.407263e-001	5.492923e-001
1.616150000000005e-003	1.427847e-001	5.469191e-001
1.616850000000006e-003	1.443122e-001	5.445563e-001
1.617550000000006e-003	1.453090e-001	5.422038e-001
1.618235714285721e-003	1.459429e-001	5.399093e-001
1.618921428571435e-003	1.462997e-001	5.376243e-001
1.619607142857150e-003	1.463792e-001	5.353489e-001
1.620292857142865e-003	1.461816e-001	5.330831e-001
1.620978571428579e-003	1.457066e-001	5.308269e-001
1.621664285714294e-003	1.449545e-001	5.285804e-001
1.622350000000009e-003	1.439251e-001	5.263434e-001
1.623292857142866e-003	1.421821e-001	5.232831e-001
1.624235714285724e-003	1.402179e-001	5.202404e-001
1.625178571428582e-003	1.380326e-001	5.172152e-001
1.626121428571440e-003	1.356262e-001	5.142076e-001
1.627064285714297e-003	1.329986e-001	5.112175e-001
1.628007142857155e-003	1.301499e-001	5.082450e-001
1.628950000000013e-003	1.270800e-001	5.052900e-001
1.630207142857156e-003	1.228420e-001	5.013769e-001
1.631464285714300e-003	1.185676e-001	4.974935e-001
1.632721428571443e-003	1.142568e-001	4.936399e-001
1.633978571428587e-003	1.099097e-001	4.898161e-001
1.635235714285730e-003	1.055262e-001	4.860219e-001
1.636492857142874e-003	1.011064e-001	4.822575e-001
1.637750000000017e-003	9.665024e-002	4.785228e-001
1.639150000000018e-003	9.182343e-002	4.743979e-001
1.640550000000019e-003	8.713614e-002	4.703078e-001
1.641950000000020e-003	8.258836e-002	4.662525e-001
1.643350000000021e-003	7.818011e-002	4.622320e-001
1.644750000000021e-003	7.391138e-002	4.582463e-001
1.646150000000022e-003	6.978216e-002	4.542955e-001
1.647550000000023e-003	6.579247e-002	4.503794e-001
1.649021428571453e-003	6.181056e-002	4.463000e-001
1.650492857142882e-003	5.800910e-002	4.422567e-001
1.651964285714311e-003	5.438809e-002	4.382496e-001
1.653435714285741e-003	5.094754e-002	4.342785e-001
1.654907142857170e-003	4.768743e-002	4.303437e-001
1.656378571428599e-003	4.460778e-002	4.264449e-001
1.657850000000029e-003	4.170857e-002	4.225823e-001
1.659478571428601e-003	3.870574e-002	4.183481e-001
1.661107142857174e-003	3.587625e-002	4.141554e-001
1.662735714285746e-003	3.322010e-002	4.100040e-001
1.664364285714318e-003	3.073729e-002	4.058940e-001
1.665992857142891e-003	2.842782e-002	4.018254e-001
1.667621428571463e-003	2.629170e-002	3.977982e-001
1.669250000000035e-003	2.432891e-002	3.938124e-001
1.671164285714322e-003	2.220797e-002	3.891788e-001
1.673078571428609e-003	2.023851e-002	3.845981e-001
1.674992857142896e-003	1.842053e-002	3.800704e-001
1.676907142857183e-003	1.675403e-002	3.755956e-001
1.678821428571469e-003	1.523902e-002	3.711739e-001
1.680735714285756e-003	1.387548e-002	3.668051e-001
1.682650000000043e-003	1.266343e-002	3.624893e-001
1.684792857142901e-003	1.143346e-002	3.577187e-001
1.686935714285760e-003	1.030391e-002	3.530089e-001
1.689078571428618e-003	9.274784e-003	3.483599e-001
1.691221428571476e-003	8.346074e-003	3.437717e-001
1.693364285714335e-003	7.517784e-003	3.392443e-001
1.695507142857193e-003	6.789915e-003	3.347777e-001
1.697650000000051e-003	6.162465e-003	3.303719e-001
1.700035714285767e-003	5.535442e-003	3.255353e-001
1.702421428571483e-003	4.965064e-003	3.207671e-001
1.704807142857198e-003	4.451332e-003	3.160672e-001
1.707192857142914e-003	3.994245e-003	3.114356e-001
1.709578571428630e-003	3.593804e-003	3.068724e-001
1.711964285714345e-003	3.250009e-003	3.023775e-001
1.714350000000061e-003	2.962859e-003	2.979509e-001
1.715050000000061e-003	2.880796e-003	2.966637e-001
1.718078571428634e-003	2.572976e-003	2.911629e-001
1.721107142857208e-003	2.297666e-003	2.857597e-001
1.724135714285781e-003	2.054867e-003	2.804540e-001
1.727164285714354e-003	1.844579e-003	2.752459e-001
1.730192857142927e-003	1.666802e-003	2.701353e-001
1.733221428571500e-003	1.521535e-003	2.651222e-001
1.736250000000073e-003	1.408780e-003	2.602066e-001
1.740807142857219e-003	1.265248e-003	2.529881e-001
1.745364285714364e-003	1.139484e-003	2.459572e-001
1.749921428571510e-003	1.031487e-003	2.391137e-001
1.754478571428655e-003	9.412584e-004	2.324576e-001
1.759035714285800e-003	8.687968e-004	2.259891e-001
1.763592857142946e-003	8.141027e-004	2.197080e-001
1.768150000000091e-003	7.771761e-004	2.136144e-001
1.772842857657001e-003	7.384251e-004	2.075152e-001
1.777535715313911e-003	7.029914e-004	2.015788e-001
1.782228572970821e-003	6.708750e-004	1.958050e-001
1.786921430627730e-003	6.420760e-004	1.901941e-001
1.791614288284640e-003	6.165944e-004	1.847458e-001
1.796307145941550e-003	5.944301e-004	1.794603e-001
1.801000003598460e-003	5.755831e-004	1.743376e-001
1.801016850044476e-003	5.754142e-004	1.743235e-001
1.801033696490492e-003	5.754137e-004	1.743572e-001
1.801050542936508e-003	5.755816e-004	1.744385e-001
1.801067389382524e-003	5.759179e-004	1.745676e-001
1.801084235828540e-003	5.764226e-004	1.747443e-001
1.801101082274556e-003	5.770956e-004	1.749688e-001
1.801117928720571e-003	5.779371e-004	1.752409e-001
1.801217928720572e-003	5.906125e-004	1.776006e-001
1.801317928720572e-003	6.189074e-004	1.812559e-001
1.801400000000000e-003	6.626835e-004	1.854465e-001
1.801500000000000e-003	7.385559e-004	1.916232e-001
1.801570000000000e-003	8.252680e-004	1.968312e-001
1.801650000000000e-003	9.528130e-004	2.028165e-001
1.801750000000000e-003	1.148580e-003	2.102962e-001
1.801850000000000e-003	1.387063e-003	2.177715e-001
1.801950000000000e-003	1.669954e-003	2.252422e-001
1.802050000000000e-003	1.996656e-003	2.327082e-001
1.802150000000000e-003	2.366581e-003	2.401697e-001
1.802250000000001e-003	2.779144e-003	2.476265e-001
1.802350000000001e-003	3.233769e-003	2.550788e-001
1.802450000000001e-003	3.729881e-003	2.625264e-001
1.802650000000001e-003	4.844312e-003	2.774078e-001
1.802850000000001e-003	6.117974e-003	2.922708e-001
1.803050000000001e-003	7.546494e-003	3.071154e-001
1.803250000000001e-003	9.125584e-003	3.219417e-001
1.803450000000001e-003	1.085104e-002	3.367497e-001
1.803750000000001e-003	1.370469e-002	3.589273e-001
1.804050000000002e-003	1.686489e-002	3.810638e-001
1.804350000000002e-003	2.031850e-002	4.031593e-001
1.804657142857144e-003	2.417652e-002	4.257381e-001
1.804964285714287e-003	2.828400e-002	4.482743e-001
1.805271428571430e-003	3.264095e-002	4.707679e-001
1.805578571428572e-003	3.724737e-002	4.932190e-001
1.805885714285715e-003	4.210326e-002	5.156276e-001
1.806192857142857e-003	4.720862e-002	5.379937e-001
1.806500000000000e-003	5.256344e-002	5.603172e-001
1.806569999999997e-003	5.380867e-002	5.650333e-001
1.806749999999992e-003	5.703761e-002	5.738863e-001
1.806900000000000e-003	5.973155e-002	5.778997e-001
1.807000000000000e-003	6.151575e-002	5.787353e-001
1.807030000000000e-003	6.204595e-002	5.786529e-001
1.807718571428572e-003	7.341976e-002	5.761980e-001
1.808407142857144e-003	8.382954e-002	5.737525e-001
1.809095714285716e-003	9.327527e-002	5.713164e-001
1.809784285714288e-003	1.017570e-001	5.688897e-001
1.810472857142859e-003	1.092746e-001	5.664723e-001
1.811161428571431e-003	1.158283e-001	5.640644e-001
1.811850000000003e-003	1.214179e-001	5.616658e-001
1.812107142857146e-003	1.233693e-001	5.607732e-001
1.812364285714289e-003	1.252275e-001	5.598820e-001
1.812621428571432e-003	1.269923e-001	5.589923e-001
1.812878571428575e-003	1.286638e-001	5.581039e-001
1.813135714285718e-003	1.302420e-001	5.572170e-001
1.813392857142861e-003	1.317269e-001	5.563315e-001
1.813650000000004e-003	1.331184e-001	5.554474e-001
1.813750000000004e-003	1.336393e-001	5.551040e-001
1.814421428571433e-003	1.367273e-001	5.528036e-001
1.815092857142862e-003	1.393820e-001	5.505126e-001
1.815764285714291e-003	1.416034e-001	5.482311e-001
1.816435714285720e-003	1.433914e-001	5.459591e-001
1.817107142857149e-003	1.447461e-001	5.436964e-001
1.817778571428578e-003	1.456675e-001	5.414432e-001
1.818450000000007e-003	1.461555e-001	5.391995e-001
1.819121428571436e-003	1.463501e-001	5.369650e-001
1.819792857142865e-003	1.463081e-001	5.347397e-001
1.820464285714294e-003	1.460296e-001	5.325236e-001
1.821135714285722e-003	1.455145e-001	5.303166e-001
1.821807142857151e-003	1.447629e-001	5.281188e-001
1.822478571428580e-003	1.437748e-001	5.259302e-001
1.823150000000009e-003	1.425501e-001	5.237507e-001
1.824135714285724e-003	1.404336e-001	5.205676e-001
1.825121428571439e-003	1.381138e-001	5.174035e-001
1.826107142857154e-003	1.355907e-001	5.142585e-001
1.827092857142869e-003	1.328643e-001	5.111325e-001
1.828078571428583e-003	1.299345e-001	5.080256e-001
1.829064285714298e-003	1.268014e-001	5.049377e-001
1.830050000000013e-003	1.234649e-001	5.018689e-001
1.831307142857157e-003	1.191154e-001	4.979823e-001
1.832564285714300e-003	1.147591e-001	4.941253e-001
1.833821428571444e-003	1.103961e-001	4.902978e-001
1.835078571428587e-003	1.060262e-001	4.864998e-001
1.836335714285731e-003	1.016496e-001	4.827313e-001
1.837592857142875e-003	9.726616e-002	4.789924e-001
1.838850000000018e-003	9.287596e-002	4.752830e-001
1.840250000000019e-003	8.813494e-002	4.711860e-001
1.841650000000020e-003	8.354179e-002	4.671236e-001
1.843050000000021e-003	7.909651e-002	4.630958e-001
1.844450000000021e-003	7.479910e-002	4.591025e-001
1.845850000000022e-003	7.064957e-002	4.551438e-001
1.847250000000023e-003	6.664790e-002	4.512197e-001
1.848650000000024e-003	6.279410e-002	4.473301e-001
1.850135714285739e-003	5.891641e-002	4.432392e-001
1.851621428571454e-003	5.522015e-002	4.391848e-001
1.853107142857169e-003	5.170534e-002	4.351670e-001
1.854592857142884e-003	4.837197e-002	4.311858e-001
1.856078571428599e-003	4.522005e-002	4.272412e-001
1.857564285714315e-003	4.224956e-002	4.233332e-001
1.859050000000030e-003	3.946052e-002	4.194617e-001
1.860692857142888e-003	3.657868e-002	4.152222e-001
1.862335714285746e-003	3.386633e-002	4.110244e-001
1.863978571428604e-003	3.132348e-002	4.068684e-001
1.865621428571462e-003	2.895012e-002	4.027543e-001
1.867264285714320e-003	2.674626e-002	3.986819e-001
1.868907142857178e-003	2.471190e-002	3.946513e-001
1.870550000000036e-003	2.284703e-002	3.906626e-001
1.872507142857180e-003	2.080932e-002	3.859637e-001
1.874464285714324e-003	1.892063e-002	3.813198e-001
1.876421428571468e-003	1.718097e-002	3.767308e-001
1.878378571428612e-003	1.559033e-002	3.721966e-001
1.880335714285756e-003	1.414871e-002	3.677173e-001
1.882292857142900e-003	1.285612e-002	3.632929e-001
1.884250000000044e-003	1.171256e-002	3.589234e-001
1.886407142857188e-003	1.057075e-002	3.541684e-001
1.888564285714332e-003	9.522962e-003	3.494745e-001
1.890721428571476e-003	8.569208e-003	3.448416e-001
1.892878571428620e-003	7.709484e-003	3.402696e-001
1.895035714285764e-003	6.943789e-003	3.357586e-001
1.897192857142908e-003	6.272123e-003	3.313087e-001
1.899350000000052e-003	5.694487e-003	3.269197e-001
1.901735714285768e-003	5.120902e-003	3.221337e-001
1.904121428571484e-003	4.599190e-003	3.174153e-001
1.906507142857199e-003	4.129351e-003	3.127645e-001
1.908892857142915e-003	3.711384e-003	3.081813e-001
1.911278571428631e-003	3.345290e-003	3.036657e-001
1.913664285714346e-003	3.031068e-003	2.992178e-001
1.916050000000062e-003	2.768720e-003	2.948374e-001
1.916150000000062e-003	2.757834e-003	2.946551e-001
1.919235714285778e-003	2.462771e-003	2.890897e-001
1.922321428571494e-003	2.199191e-003	2.836247e-001
1.925407142857210e-003	1.967096e-003	2.782602e-001
1.928492857142926e-003	1.766485e-003	2.729960e-001
1.931578571428642e-003	1.597358e-003	2.678323e-001
1.934664285714358e-003	1.459715e-003	2.627691e-001
1.937750000000074e-003	1.353555e-003	2.578063e-001
1.942450000000071e-003	1.216993e-003	2.504343e-001
1.947150000000069e-003	1.097429e-003	2.432593e-001
1.951850000000066e-003	9.948642e-004	2.362812e-001
1.956550000000063e-003	9.092976e-004	2.295002e-001
1.961250000000060e-003	8.407297e-004	2.229161e-001
1.965950000000057e-003	7.891603e-004	2.165290e-001
1.970650000000055e-003	7.545896e-004	2.103389e-001
1.974821428571476e-003	7.222310e-004	2.049898e-001
1.978992857142899e-003	6.923677e-004	1.997687e-001
1.983164285714320e-003	6.649997e-004	1.946757e-001
1.987335714285742e-003	6.401269e-004	1.897107e-001
1.991507142857164e-003	6.177494e-004	1.848737e-001
1.995678571428586e-003	5.978672e-004	1.801647e-001
1.999850000000008e-003	5.804802e-004	1.755838e-001
1.999950000000008e-003	5.800513e-004	1.754752e-001
2.000000000000000e-003	5.798370e-004	1.754210e-001
