time	V
0.000000000000000e+000	0.000000e+000
1.000000000000000e-006	0.000000e+000
1.011300467482955e-006	-1.922058e-006
1.022600934965910e-006	1.769222e-005
1.033901402448865e-006	5.884284e-005
1.045201869931820e-006	1.215298e-004
1.056502337414775e-006	2.057531e-004
1.067802804897729e-006	3.115127e-004
1.079103272380684e-006	4.388087e-004
1.158829405173815e-006	1.797739e-003
1.234599454177601e-006	3.865620e-003
1.309101452021411e-006	6.777019e-003
1.389368336458523e-006	1.069714e-002
1.415870668120563e-006	1.220514e-002
1.446995336675921e-006	1.420163e-002
1.500000000000000e-006	1.782407e-002
1.537103264326855e-006	2.061348e-002
1.664314456304645e-006	3.026486e-002
1.764314456304644e-006	3.785134e-002
1.864314456304644e-006	4.543326e-002
1.964314456304644e-006	5.301050e-002
2.064314456304644e-006	6.058306e-002
2.164314456304644e-006	6.815093e-002
2.264314456304644e-006	7.571413e-002
2.364314456304644e-006	8.327264e-002
2.464314456304644e-006	9.082648e-002
2.564314456304644e-006	9.837566e-002
2.764314456304643e-006	1.134600e-001
2.964314456304643e-006	1.285257e-001
3.164314456304643e-006	1.435728e-001
3.364314456304643e-006	1.586012e-001
3.664314456304642e-006	1.811091e-001
3.964314456304642e-006	2.035753e-001
4.264314456304642e-006	2.259998e-001
4.583698105403979e-006	2.498271e-001
4.903081754503316e-006	2.736077e-001
5.222465403602653e-006	2.973417e-001
5.541849052701990e-006	3.210289e-001
5.861232701801327e-006	3.446695e-001
6.180616350900665e-006	3.682634e-001
6.500000000000000e-006	3.918107e-001
6.526128170786804e-006	3.936940e-001
6.552256341573609e-006	3.954720e-001
6.578384512360413e-006	3.971449e-001
6.604512683147216e-006	3.987125e-001
6.630640853934021e-006	4.001750e-001
6.656769024720825e-006	4.015322e-001
6.682897195507629e-006	4.027842e-001
6.900000000000001e-006	4.099845e-001
7.000000000000001e-006	4.107560e-001
7.046056073710680e-006	4.106694e-001
7.739289718398142e-006	4.089142e-001
8.432523363085605e-006	4.071659e-001
9.125757007773068e-006	4.054248e-001
9.818990652460529e-006	4.036906e-001
1.051222429714799e-005	4.019635e-001
1.120545794183546e-005	4.002435e-001
1.189869158652292e-005	3.985305e-001
1.261297730080863e-005	3.967738e-001
1.332726301509435e-005	3.950248e-001
1.404154872938006e-005	3.932834e-001
1.475583444366578e-005	3.915497e-001
1.547012015795149e-005	3.898236e-001
1.618440587223721e-005	3.881052e-001
1.689869158652292e-005	3.863945e-001
1.761297730080863e-005	3.846913e-001
1.832726301509434e-005	3.829955e-001
1.904154872938005e-005	3.813071e-001
1.975583444366575e-005	3.796262e-001
2.047012015795146e-005	3.779527e-001
2.118440587223717e-005	3.762866e-001
2.189869158652288e-005	3.746280e-001
2.281297730080858e-005	3.725157e-001
2.372726301509429e-005	3.704151e-001
2.464154872937999e-005	3.683262e-001
2.555583444366570e-005	3.662491e-001
2.647012015795141e-005	3.641838e-001
2.738440587223711e-005	3.621301e-001
2.829869158652281e-005	3.600883e-001
2.957012015795141e-005	3.572681e-001
3.084154872937999e-005	3.544696e-001
3.211297730080859e-005	3.516928e-001
3.338440587223718e-005	3.489377e-001
3.465583444366578e-005	3.462042e-001
3.592726301509436e-005	3.434924e-001
3.719869158652295e-005	3.408022e-001
3.858440587223727e-005	3.378943e-001
3.997012015795159e-005	3.350106e-001
4.135583444366591e-005	3.321513e-001
4.274154872938023e-005	3.293163e-001
4.412726301509455e-005	3.265056e-001
4.551297730080887e-005	3.237191e-001
4.689869158652319e-005	3.209570e-001
4.835583444366608e-005	3.180779e-001
4.981297730080898e-005	3.152241e-001
5.127012015795187e-005	3.123956e-001
5.272726301509476e-005	3.095923e-001
5.418440587223766e-005	3.068143e-001
5.564154872938054e-005	3.040616e-001
5.709869158652344e-005	3.013341e-001
5.868440587223776e-005	2.983938e-001
6.027012015795208e-005	2.954816e-001
6.185583444366641e-005	2.925973e-001
6.344154872938073e-005	2.897411e-001
6.502726301509505e-005	2.869129e-001
6.661297730080938e-005	2.841127e-001
6.819869158652370e-005	2.813405e-001
7.005583444366660e-005	2.781283e-001
7.191297730080951e-005	2.749519e-001
7.377012015795240e-005	2.718111e-001
7.562726301509531e-005	2.687060e-001
7.748440587223821e-005	2.656365e-001
7.934154872938112e-005	2.626027e-001
8.119869158652402e-005	2.596046e-001
8.331297730080978e-005	2.562333e-001
8.542726301509555e-005	2.529043e-001
8.754154872938132e-005	2.496178e-001
8.965583444366709e-005	2.463737e-001
9.177012015795284e-005	2.431720e-001
9.388440587223862e-005	2.400128e-001
9.599869158652438e-005	2.368959e-001
9.809869158652443e-005	2.338389e-001
1.004558344436674e-004	2.304562e-001
1.028129773008103e-004	2.271207e-001
1.051701201579532e-004	2.238325e-001
1.075272630150961e-004	2.205916e-001
1.098844058722390e-004	2.173979e-001
1.122415487293819e-004	2.142514e-001
1.145986915865248e-004	2.111521e-001
1.175558344436678e-004	2.073283e-001
1.205129773008107e-004	2.035707e-001
1.234701201579536e-004	1.998795e-001
1.264272630150966e-004	1.962545e-001
1.293844058722395e-004	1.926958e-001
1.323415487293824e-004	1.892034e-001
1.352986915865253e-004	1.857772e-001
1.396701201579540e-004	1.808300e-001
1.440415487293827e-004	1.760065e-001
1.484129773008114e-004	1.713066e-001
1.527844058722401e-004	1.667303e-001
1.571558344436687e-004	1.622777e-001
1.615272630150974e-004	1.579488e-001
1.658986915865261e-004	1.537435e-001
1.708272630150976e-004	1.491375e-001
1.757558344436692e-004	1.446600e-001
1.806844058722407e-004	1.403111e-001
1.856129773008123e-004	1.360908e-001
1.905415487293838e-004	1.319990e-001
1.954701201579554e-004	1.280357e-001
2.003986915865269e-004	1.242010e-001
2.004986915865269e-004	1.241242e-001
2.151129773008130e-004	1.135718e-001
2.297272630150991e-004	1.037656e-001
2.443415487293851e-004	9.470561e-002
2.589558344436712e-004	8.639176e-002
2.735701201579573e-004	7.882407e-002
2.881844058722433e-004	7.200256e-002
3.027986915865294e-004	6.592721e-002
3.028986915865294e-004	6.588645e-002
3.175129773008155e-004	6.028515e-002
3.321272630151016e-004	5.507991e-002
3.467415487293876e-004	5.027075e-002
3.613558344436737e-004	4.585767e-002
3.759701201579598e-004	4.184066e-002
3.905844058722458e-004	3.821973e-002
4.051986915865319e-004	3.499487e-002
4.052986915865319e-004	3.497324e-002
4.199129773008164e-004	3.200000e-002
4.345272630151010e-004	2.923701e-002
4.491415487293856e-004	2.668426e-002
4.637558344436702e-004	2.434175e-002
4.783701201579548e-004	2.220948e-002
4.929844058722394e-004	2.028745e-002
5.075986915865239e-004	1.857566e-002
5.076986915865238e-004	1.856417e-002
5.223129773008020e-004	1.698595e-002
5.369272630150802e-004	1.551932e-002
5.515415487293583e-004	1.416429e-002
5.661558344436364e-004	1.292086e-002
5.807701201579146e-004	1.178903e-002
5.953844058721928e-004	1.076879e-002
6.099986915864709e-004	9.860158e-003
6.100986915864708e-004	9.854061e-003
6.247129773007489e-004	9.016322e-003
6.393272630150272e-004	8.237821e-003
6.539415487293053e-004	7.518558e-003
6.685558344435834e-004	6.858532e-003
6.831701201578616e-004	6.257743e-003
6.977844058721397e-004	5.716192e-003
7.123986915864179e-004	5.233878e-003
7.124986915864178e-004	5.230641e-003
7.271129773006959e-004	4.785961e-003
7.417272630149741e-004	4.372724e-003
7.563415487292523e-004	3.990931e-003
7.709558344435304e-004	3.640582e-003
7.855701201578086e-004	3.321677e-003
8.001844058720867e-004	3.034216e-003
8.147986915863648e-004	2.778199e-003
8.148986915863648e-004	2.776481e-003
8.295129773006429e-004	2.540439e-003
8.441272630149211e-004	2.321089e-003
8.587415487291992e-004	2.118429e-003
8.733558344434773e-004	1.932460e-003
8.879701201577556e-004	1.763182e-003
9.025844058720337e-004	1.610594e-003
9.171986915863118e-004	1.474698e-003
9.172986915863118e-004	1.473786e-003
9.290986915863092e-004	1.371206e-003
9.408986915863068e-004	1.274746e-003
9.526986915863043e-004	1.184403e-003
9.644986915863017e-004	1.100179e-003
9.762986915862993e-004	1.022074e-003
9.880986915862967e-004	9.500869e-004
9.998986915862942e-004	8.842184e-004
9.999986915862943e-004	8.836716e-004
1.000000000000000e-003	8.836645e-004
