time	V(out)
0.000000000000000e+000	0.000000e+000
5.851428548047419e-010	-1.961001e-009
1.170285709609484e-009	9.227426e-010
1.755428564414226e-009	8.651230e-009
2.340571419218967e-009	2.122446e-008
2.925714274023709e-009	3.864244e-008
3.510857128828451e-009	6.090516e-008
4.095999983633192e-009	8.801263e-008
8.191999967266384e-009	6.324616e-007
1.638399993453277e-008	4.186457e-006
3.276799986906553e-008	2.012901e-005
4.756099632638235e-008	4.811708e-005
6.993103170611734e-008	1.203003e-004
9.845450655783708e-008	2.717755e-004
1.555014562612766e-007	7.767031e-004
2.555014562612765e-007	2.145015e-003
3.555014562612765e-007	4.111451e-003
4.555014562612765e-007	6.740075e-003
5.555014562612765e-007	1.002163e-002
6.555014562612765e-007	1.394694e-002
7.555014562612765e-007	1.850695e-002
8.555014562612765e-007	2.360737e-002
9.330087375676584e-007	2.799250e-002
1.000000000000000e-006	3.212320e-002
1.013203495027063e-006	3.297034e-002
1.066017475135317e-006	3.636629e-002
1.336436115279655e-006	5.341142e-002
1.793578972422512e-006	8.059813e-002
2.250721829565368e-006	1.062200e-001
2.707864686708225e-006	1.302770e-001
3.165007543851082e-006	1.527692e-001
3.622150400993939e-006	1.736966e-001
4.079293258136795e-006	1.930592e-001
4.536436115279651e-006	2.108569e-001
5.250721829565367e-006	2.358450e-001
5.965007543851084e-006	2.583959e-001
6.679293258136800e-006	2.785096e-001
7.393578972422516e-006	2.961861e-001
8.107864686708230e-006	3.114254e-001
8.822150400993947e-006	3.242274e-001
9.536436115279662e-006	3.345922e-001
1.012215040099395e-005	3.419506e-001
1.070786468670824e-005	3.483596e-001
1.129357897242253e-005	3.538191e-001
1.187929325813682e-005	3.583293e-001
1.246500754385111e-005	3.618900e-001
1.305072182956540e-005	3.645013e-001
1.363643611527969e-005	3.661631e-001
1.416500754385112e-005	3.671044e-001
1.469357897242255e-005	3.675856e-001
1.522215040099398e-005	3.676069e-001
1.575072182956540e-005	3.671683e-001
1.627929325813683e-005	3.662696e-001
1.680786468670826e-005	3.649110e-001
1.733643611527968e-005	3.630925e-001
1.809357897242253e-005	3.598450e-001
1.885072182956538e-005	3.561277e-001
1.960786468670824e-005	3.519406e-001
2.036500754385109e-005	3.472838e-001
2.112215040099393e-005	3.421572e-001
2.187929325813678e-005	3.365609e-001
2.263643611527963e-005	3.304947e-001
2.369357897242248e-005	3.215681e-001
2.475072182956533e-005	3.124429e-001
2.580786468670818e-005	3.031193e-001
2.686500754385102e-005	2.935972e-001
2.792215040099387e-005	2.838766e-001
2.897929325813672e-005	2.739576e-001
3.003643611527956e-005	2.638401e-001
3.136500754385102e-005	2.512852e-001
3.269357897242248e-005	2.390130e-001
3.402215040099394e-005	2.270234e-001
3.535072182956540e-005	2.153165e-001
3.667929325813686e-005	2.038922e-001
3.800786468670831e-005	1.927507e-001
3.933643611527977e-005	1.818917e-001
4.069357897242266e-005	1.713163e-001
4.205072182956555e-005	1.611785e-001
4.340786468670845e-005	1.514781e-001
4.476500754385134e-005	1.422152e-001
4.612215040099423e-005	1.333899e-001
4.747929325813712e-005	1.250020e-001
4.883643611528000e-005	1.170517e-001
5.022215040099432e-005	1.093988e-001
5.160786468670864e-005	1.021354e-001
5.299357897242296e-005	9.526152e-002
5.437929325813728e-005	8.877720e-002
5.576500754385160e-005	8.268243e-002
5.715072182956592e-005	7.697718e-002
5.853643611528024e-005	7.166148e-002
5.999357897242313e-005	6.643648e-002
6.145072182956603e-005	6.151665e-002
6.290786468670891e-005	5.690198e-002
6.436500754385181e-005	5.259247e-002
6.582215040099470e-005	4.858812e-002
6.727929325813760e-005	4.488894e-002
6.873643611528049e-005	4.149491e-002
7.032215040099481e-005	3.807541e-002
7.190786468670913e-005	3.488265e-002
7.349357897242347e-005	3.191665e-002
7.507929325813779e-005	2.917738e-002
7.666500754385211e-005	2.666487e-002
7.825072182956643e-005	2.437910e-002
7.983643611528076e-005	2.232008e-002
8.163643611528080e-005	2.018358e-002
8.343643611528084e-005	1.820982e-002
8.523643611528089e-005	1.639882e-002
8.703643611528093e-005	1.475057e-002
8.883643611528098e-005	1.326507e-002
9.063643611528102e-005	1.194232e-002
9.243643611528106e-005	1.078232e-002
9.346500754385252e-005	1.015581e-002
9.449357897242396e-005	9.560503e-003
9.552215040099542e-005	8.996400e-003
9.655072182956688e-005	8.463501e-003
9.757929325813834e-005	7.961806e-003
9.860786468670978e-005	7.491314e-003
9.963643611528124e-005	7.052026e-003
9.973643611528124e-005	7.010288e-003
1.017078646867099e-004	6.253473e-003
1.036792932581385e-004	5.560944e-003
1.056507218295671e-004	4.932701e-003
1.076221504009957e-004	4.368743e-003
1.095935789724243e-004	3.869071e-003
1.115650075438530e-004	3.433684e-003
1.135364361152816e-004	3.062583e-003
1.158507218295674e-004	2.674710e-003
1.181650075438531e-004	2.324423e-003
1.204792932581389e-004	2.011722e-003
1.227935789724247e-004	1.736607e-003
1.251078646867104e-004	1.499077e-003
1.274221504009962e-004	1.299132e-003
1.297364361152820e-004	1.136774e-003
1.328507218295678e-004	9.490376e-004
1.359650075438536e-004	7.836691e-004
1.390792932581393e-004	6.406685e-004
1.421935789724251e-004	5.200357e-004
1.453078646867109e-004	4.217708e-004
1.484221504009967e-004	3.458738e-004
1.515364361152825e-004	2.923445e-004
1.566935789724255e-004	2.212742e-004
1.618507218295685e-004	1.613788e-004
1.670078646867114e-004	1.126584e-004
1.721650075438544e-004	7.511292e-005
1.773221504009974e-004	4.874243e-005
1.824792932581404e-004	3.354692e-005
1.876364361152834e-004	2.952638e-005
2.021364361152837e-004	1.162266e-005
2.999364361152861e-004	1.938262e-008
3.000000000000000e-004	1.930121e-008
