0.5	34
1.5	34
2.5	35
3.5	37
4.5	35
5.5	38
6.5	35
7.5	34
8.5	38
9.5	35
10.5	34
11.5	34
12.5	37
13.5	37
14.5	38
15.5	35
16.5	37
17.5	34
18.5	38
19.5	35
20.5	36
21.5	37
22.5	35
23.5	36
24.5	33
25.5	37
26.5	34
27.5	37
28.5	35
29.5	35
30.5	35
31.5	36
32.5	34
33.5	38
34.5	35
35.5	33
36.5	37
37.5	37
38.5	38
39.5	37
40.5	33
41.5	36
42.5	36
43.5	35
44.5	33
45.5	35
46.5	38
47.5	37
48.5	35
49.5	33
50.5	38
51.5	34
52.5	35
53.5	37
54.5	36
55.5	32
56.5	33
57.5	37
58.5	33
59.5	36
60.5	34
61.5	35
62.5	38
63.5	36
64.5	37
65.5	38
66.5	37
67.5	33
68.5	36
69.5	36
70.5	35
71.5	34
72.5	34
73.5	37
74.5	35
75.5	35
76.5	35
77.5	34
78.5	37
79.5	36
80.5	34
81.5	37
82.5	35
83.5	34
84.5	36
85.5	36
86.5	34
87.5	35
88.5	35
89.5	39
90.5	38
91.5	37
92.5	35
93.5	36
94.5	35
95.5	35
96.5	35
97.5	39
98.5	35
99.5	37
100.5	35
101.5	35
102.5	35
103.5	33
104.5	33
105.5	34
106.5	33
107.5	40
108.5	39
109.5	37
110.5	34
111.5	37
112.5	37
113.5	32
114.5	34
115.5	36
116.5	35
117.5	37
118.5	35
119.5	35
120.5	34
121.5	36
122.5	32
123.5	37
124.5	34
125.5	35
126.5	34
127.5	36
128.5	35
129.5	37
130.5	35
131.5	37
132.5	33
133.5	33
134.5	36
135.5	37
136.5	36
137.5	36
138.5	32
139.5	37
140.5	38
141.5	35
142.5	35
143.5	37
144.5	35
145.5	37
146.5	33
147.5	34
148.5	37
149.5	33
150.5	36
151.5	36
152.5	34
153.5	33
154.5	36
155.5	34
156.5	35
157.5	32
158.5	36
159.5	33
160.5	34
161.5	33
162.5	37
163.5	37
164.5	35
165.5	35
166.5	33
167.5	35
168.5	36
169.5	36
170.5	36
171.5	32
172.5	36
173.5	35
174.5	35
175.5	38
176.5	33
177.5	35
178.5	34
179.5	36
180.5	35
181.5	35
182.5	36
183.5	32
184.5	33
185.5	35
186.5	37
187.5	38
188.5	34
189.5	35
190.5	35
191.5	35
192.5	37
193.5	36
194.5	38
195.5	36
196.5	34
197.5	33
198.5	35
199.5	34
200.5	33
201.5	34
202.5	32
203.5	38
204.5	34
205.5	34
206.5	32
207.5	33
208.5	36
209.5	34
210.5	36
211.5	38
212.5	35
213.5	35
214.5	36
215.5	36
216.5	35
217.5	35
218.5	36
219.5	34
220.5	33
221.5	32
222.5	34
223.5	34
224.5	32
225.5	36
226.5	33
227.5	36
228.5	36
229.5	34
230.5	34
231.5	33
232.5	35
233.5	33
234.5	36
235.5	36
236.5	39
237.5	36
238.5	34
239.5	34
240.5	38
241.5	36
242.5	35
243.5	37
244.5	33
245.5	37
246.5	35
247.5	29
248.5	33
249.5	34
250.5	33
251.5	34
252.5	37
253.5	35
254.5	36
255.5	35
256.5	35
257.5	32
258.5	35
259.5	35
260.5	35
261.5	34
262.5	35
263.5	35
264.5	35
265.5	37
266.5	34
267.5	33
268.5	33
269.5	35
270.5	35
271.5	32
272.5	37
273.5	33
274.5	34
275.5	36
276.5	37
277.5	34
278.5	33
279.5	34
280.5	33
281.5	36
282.5	32
283.5	35
284.5	30
285.5	35
286.5	36
287.5	34
288.5	32
289.5	35
290.5	34
291.5	38
292.5	36
293.5	34
294.5	36
295.5	35
296.5	37
297.5	34
298.5	34
299.5	34
300.5	35
301.5	34
302.5	34
303.5	34
304.5	35
305.5	35
306.5	37
307.5	37
308.5	38
309.5	33
310.5	35
311.5	34
312.5	33
313.5	37
314.5	33
315.5	36
316.5	35
317.5	34
318.5	36
319.5	35
320.5	35
321.5	35
322.5	34
323.5	37
324.5	34
325.5	32
326.5	35
327.5	33
328.5	34
329.5	34
330.5	33
331.5	35
332.5	33
333.5	35
334.5	35
335.5	33
336.5	34
337.5	37
338.5	38
339.5	37
340.5	36
341.5	33
342.5	32
343.5	33
344.5	35
345.5	35
346.5	33
347.5	35
348.5	34
349.5	35
350.5	35
351.5	34
352.5	37
353.5	34
354.5	40
355.5	34
356.5	32
357.5	34
358.5	35
359.5	34
360.5	34
361.5	33
362.5	33
363.5	35
364.5	33
365.5	36
366.5	35
367.5	35
368.5	34
369.5	35
370.5	34
371.5	39
372.5	35
373.5	33
374.5	34
375.5	34
376.5	33
377.5	35
378.5	34
379.5	36
380.5	35
381.5	34
382.5	35
383.5	34
384.5	34
385.5	33
386.5	39
387.5	34
388.5	35
389.5	34
390.5	34
391.5	35
392.5	37
393.5	35
394.5	34
395.5	32
396.5	34
397.5	35
398.5	34
399.5	38
400.5	40
401.5	34
402.5	32
403.5	35
404.5	33
405.5	35
406.5	35
407.5	32
408.5	36
409.5	32
410.5	32
411.5	35
412.5	34
413.5	34
414.5	35
415.5	35
416.5	35
417.5	36
418.5	33
419.5	34
420.5	34
421.5	37
422.5	35
423.5	35
424.5	35
425.5	36
426.5	35
427.5	38
428.5	36
429.5	33
430.5	33
431.5	30
432.5	35
433.5	34
434.5	32
435.5	36
436.5	35
437.5	35
438.5	32
439.5	37
440.5	34
441.5	34
442.5	34
443.5	34
444.5	36
445.5	32
446.5	37
447.5	34
448.5	36
449.5	32
450.5	34
451.5	34
452.5	35
453.5	34
454.5	32
455.5	37
456.5	33
457.5	34
458.5	34
459.5	32
460.5	35
461.5	33
462.5	34
463.5	35
464.5	32
465.5	33
466.5	33
467.5	39
468.5	34
469.5	35
470.5	34
471.5	34
472.5	33
473.5	33
474.5	36
475.5	32
476.5	34
477.5	34
478.5	35
479.5	35
480.5	35
481.5	31
482.5	33
483.5	35
484.5	32
485.5	33
486.5	35
487.5	37
488.5	34
489.5	35
490.5	33
491.5	33
492.5	33
493.5	33
494.5	32
495.5	34
496.5	34
497.5	34
498.5	37
499.5	34
500.5	33
501.5	35
502.5	36
503.5	37
504.5	32
505.5	35
506.5	35
507.5	30
508.5	34
509.5	33
510.5	33
511.5	33
512.5	34
513.5	33
514.5	35
515.5	33
516.5	31
517.5	36
518.5	33
519.5	32
520.5	33
521.5	36
522.5	34
523.5	34
524.5	32
525.5	29
526.5	35
527.5	33
528.5	32
529.5	33
530.5	35
531.5	36
532.5	33
533.5	35
534.5	33
535.5	32
536.5	36
537.5	33
538.5	34
539.5	35
540.5	34
541.5	34
542.5	34
543.5	32
544.5	32
545.5	36
546.5	34
547.5	36
548.5	34
549.5	35
550.5	34
551.5	34
552.5	32
553.5	36
554.5	33
555.5	33
556.5	34
557.5	31
558.5	33
559.5	33
560.5	30
561.5	34
562.5	33
563.5	34
564.5	37
565.5	32
566.5	35
567.5	36
568.5	35
569.5	34
570.5	34
571.5	35
572.5	35
573.5	33
574.5	34
575.5	35
576.5	36
577.5	37
578.5	34
579.5	39
580.5	33
581.5	37
582.5	33
583.5	33
584.5	35
585.5	33
586.5	35
587.5	31
588.5	36
589.5	34
590.5	31
591.5	34
592.5	34
593.5	34
594.5	34
595.5	35
596.5	34
597.5	35
598.5	35
599.5	35
600.5	35
601.5	35
602.5	37
603.5	36
604.5	34
605.5	34
606.5	34
607.5	33
608.5	36
609.5	34
610.5	33
611.5	35
612.5	35
613.5	35
614.5	33
615.5	33
616.5	35
617.5	33
618.5	36
619.5	33
620.5	33
621.5	35
622.5	34
623.5	35
624.5	35
625.5	33
626.5	36
627.5	35
628.5	33
629.5	30
630.5	34
631.5	36
632.5	33
633.5	35
634.5	34
635.5	33
636.5	31
637.5	33
638.5	34
639.5	34
640.5	32
641.5	35
642.5	32
643.5	33
644.5	35
645.5	36
646.5	36
647.5	36
648.5	32
649.5	35
650.5	35
651.5	35
652.5	34
653.5	34
654.5	35
655.5	34
656.5	35
657.5	34
658.5	36
659.5	34
660.5	35
661.5	38
662.5	35
663.5	35
664.5	38
665.5	34
666.5	34
667.5	41
668.5	33
669.5	38
670.5	33
671.5	35
672.5	33
673.5	36
674.5	33
675.5	37
676.5	34
677.5	29
678.5	32
679.5	34
680.5	33
681.5	35
682.5	37
683.5	34
684.5	32
685.5	33
686.5	32
687.5	34
688.5	33
689.5	33
690.5	30
691.5	33
692.5	32
693.5	34
694.5	33
695.5	32
696.5	34
697.5	32
698.5	35
699.5	34
700.5	34
701.5	34
702.5	35
703.5	33
704.5	38
705.5	35
706.5	33
707.5	35
708.5	34
709.5	32
710.5	33
711.5	32
712.5	34
713.5	32
714.5	32
715.5	35
716.5	35
717.5	34
718.5	35
719.5	36
720.5	34
721.5	38
722.5	35
723.5	33
724.5	32
725.5	32
726.5	33
727.5	32
728.5	34
729.5	32
730.5	35
731.5	33
732.5	33
733.5	38
734.5	36
735.5	32
736.5	32
737.5	35
738.5	31
739.5	34
740.5	33
741.5	33
742.5	35
743.5	35
744.5	30
745.5	34
746.5	33
747.5	36
748.5	34
749.5	35
750.5	34
751.5	33
752.5	36
753.5	35
754.5	35
755.5	33
756.5	46
757.5	34
758.5	36
759.5	34
760.5	32
761.5	36
762.5	33
763.5	34
764.5	38
765.5	37
766.5	32
767.5	32
768.5	32
769.5	35
770.5	32
771.5	34
772.5	33
773.5	34
774.5	33
775.5	33
776.5	33
777.5	35
778.5	33
779.5	33
780.5	36
781.5	34
782.5	35
783.5	33
784.5	31
785.5	34
786.5	32
787.5	36
788.5	33
789.5	33
790.5	33
791.5	33
792.5	35
793.5	36
794.5	35
795.5	34
796.5	33
797.5	33
798.5	33
799.5	34
800.5	36
801.5	32
802.5	35
803.5	30
804.5	33
805.5	38
806.5	33
807.5	36
808.5	35
809.5	35
810.5	36
811.5	35
812.5	33
813.5	34
814.5	35
815.5	33
816.5	33
817.5	33
818.5	35
819.5	32
820.5	39
821.5	34
822.5	33
823.5	35
824.5	33
825.5	34
826.5	34
827.5	33
828.5	33
829.5	33
830.5	38
831.5	34
832.5	34
833.5	33
834.5	35
835.5	33
836.5	32
837.5	34
838.5	33
839.5	33
840.5	35
841.5	32
842.5	34
843.5	34
844.5	34
845.5	34
846.5	36
847.5	32
848.5	34
849.5	31
850.5	36
851.5	33
852.5	35
853.5	33
854.5	36
855.5	34
856.5	33
857.5	32
858.5	35
859.5	36
860.5	37
861.5	36
862.5	33
863.5	36
864.5	32
865.5	32
866.5	35
867.5	32
868.5	35
869.5	32
870.5	33
871.5	35
872.5	30
873.5	36
874.5	34
875.5	34
876.5	37
877.5	35
878.5	35
879.5	31
880.5	38
881.5	33
882.5	35
883.5	34
884.5	34
885.5	37
886.5	32
887.5	33
888.5	35
889.5	33
890.5	33
891.5	35
892.5	35
893.5	32
894.5	31
895.5	34
896.5	33
897.5	33
898.5	34
899.5	32
900.5	35
901.5	34
902.5	34
903.5	34
904.5	33
905.5	35
906.5	33
907.5	31
908.5	35
909.5	36
910.5	34
911.5	35
912.5	34
913.5	36
914.5	33
915.5	35
916.5	34
917.5	30
918.5	34
919.5	36
920.5	34
921.5	34
922.5	35
923.5	37
924.5	33
925.5	34
926.5	33
927.5	34
928.5	35
929.5	37
930.5	35
931.5	33
932.5	34
933.5	33
934.5	35
935.5	36
936.5	35
937.5	35
938.5	32
939.5	35
940.5	34
941.5	36
942.5	36
943.5	33
944.5	31
945.5	40
946.5	32
947.5	37
948.5	36
949.5	33
950.5	37
951.5	32
952.5	32
953.5	32
954.5	32
955.5	38
956.5	32
957.5	37
958.5	33
959.5	32
960.5	36
961.5	38
962.5	34
963.5	37
964.5	32
965.5	31
966.5	35
967.5	35
968.5	35
969.5	33
970.5	36
971.5	33
972.5	36
973.5	37
974.5	35
975.5	34
976.5	35
977.5	35
978.5	34
979.5	34
980.5	33
981.5	35
982.5	32
983.5	37
984.5	32
985.5	35
986.5	33
987.5	34
988.5	33
989.5	36
990.5	35
991.5	35
992.5	34
993.5	35
994.5	36
995.5	33
996.5	34
997.5	33
998.5	33
999.5	36
1000.5	33
1001.5	34
1002.5	33
1003.5	36
1004.5	36
1005.5	33
1006.5	33
1007.5	34
1008.5	35
1009.5	35
1010.5	35
1011.5	38
1012.5	37
1013.5	36
1014.5	37
1015.5	32
1016.5	33
1017.5	33
1018.5	34
1019.5	34
1020.5	33
1021.5	33
1022.5	37
1023.5	34
1024.5	35
1025.5	34
1026.5	33
1027.5	37
1028.5	33
1029.5	34
1030.5	34
1031.5	35
1032.5	35
1033.5	35
1034.5	33
1035.5	33
1036.5	32
1037.5	34
1038.5	35
1039.5	35
1040.5	32
1041.5	37
1042.5	37
1043.5	33
1044.5	35
1045.5	33
1046.5	33
1047.5	35
1048.5	34
1049.5	38
1050.5	38
1051.5	34
1052.5	38
1053.5	34
1054.5	33
1055.5	33
1056.5	32
1057.5	35
1058.5	33
1059.5	33
1060.5	37
1061.5	34
1062.5	33
1063.5	34
1064.5	34
1065.5	34
1066.5	32
1067.5	35
1068.5	34
1069.5	34
1070.5	33
1071.5	32
1072.5	34
1073.5	35
1074.5	34
1075.5	35
1076.5	32
1077.5	35
1078.5	34
1079.5	32
1080.5	32
1081.5	32
1082.5	33
1083.5	35
1084.5	26
1085.5	32
1086.5	34
1087.5	37
1088.5	34
1089.5	33
1090.5	34
1091.5	35
1092.5	33
1093.5	34
1094.5	34
1095.5	36
1096.5	34
1097.5	33
1098.5	33
1099.5	35
1100.5	33
1101.5	34
1102.5	34
1103.5	30
1104.5	36
1105.5	32
1106.5	34
1107.5	32
1108.5	31
1109.5	35
1110.5	33
1111.5	35
1112.5	35
1113.5	34
1114.5	34
1115.5	33
1116.5	36
1117.5	33
1118.5	33
1119.5	35
1120.5	36
1121.5	35
1122.5	33
1123.5	32
1124.5	35
1125.5	34
1126.5	33
1127.5	32
1128.5	37
1129.5	37
1130.5	34
1131.5	35
1132.5	35
1133.5	34
1134.5	35
1135.5	32
1136.5	34
1137.5	33
1138.5	32
1139.5	33
1140.5	32
1141.5	34
1142.5	35
1143.5	33
1144.5	35
1145.5	32
1146.5	35
1147.5	34
1148.5	35
1149.5	34
1150.5	32
1151.5	32
1152.5	31
1153.5	33
1154.5	37
1155.5	38
1156.5	33
1157.5	35
1158.5	32
1159.5	40
1160.5	35
1161.5	34
1162.5	34
1163.5	33
1164.5	34
1165.5	33
1166.5	35
1167.5	38
1168.5	33
1169.5	36
1170.5	34
1171.5	32
1172.5	32
1173.5	36
1174.5	29
1175.5	34
1176.5	32
1177.5	33
1178.5	35
1179.5	35
1180.5	34
1181.5	33
1182.5	35
1183.5	32
1184.5	32
1185.5	34
1186.5	33
1187.5	34
1188.5	33
1189.5	32
1190.5	34
1191.5	32
1192.5	35
1193.5	34
1194.5	32
1195.5	34
1196.5	33
1197.5	37
1198.5	35
1199.5	32
1200.5	33
1201.5	33
1202.5	35
1203.5	37
1204.5	32
1205.5	34
1206.5	35
1207.5	35
1208.5	33
1209.5	32
1210.5	34
1211.5	32
1212.5	34
1213.5	32
1214.5	32
1215.5	34
1216.5	35
1217.5	34
1218.5	34
1219.5	33
1220.5	37
1221.5	34
1222.5	34
1223.5	36
1224.5	33
1225.5	34
1226.5	34
1227.5	34
1228.5	35
1229.5	36
1230.5	32
1231.5	36
1232.5	32
1233.5	34
1234.5	34
1235.5	33
1236.5	32
1237.5	34
1238.5	33
1239.5	35
1240.5	33
1241.5	36
1242.5	35
1243.5	33
1244.5	37
1245.5	34
1246.5	33
1247.5	32
1248.5	36
1249.5	31
1250.5	32
1251.5	30
1252.5	35
1253.5	30
1254.5	34
1255.5	35
1256.5	35
1257.5	35
1258.5	33
1259.5	34
1260.5	35
1261.5	33
1262.5	32
1263.5	32
1264.5	36
1265.5	34
1266.5	34
1267.5	39
1268.5	34
1269.5	34
1270.5	35
1271.5	37
1272.5	35
1273.5	32
1274.5	32
1275.5	34
1276.5	34
1277.5	35
1278.5	34
1279.5	34
1280.5	34
1281.5	34
1282.5	33
1283.5	34
1284.5	32
1285.5	34
1286.5	34
1287.5	35
1288.5	35
1289.5	42
1290.5	37
1291.5	36
1292.5	37
1293.5	35
1294.5	35
1295.5	33
1296.5	32
1297.5	34
1298.5	33
1299.5	35
1300.5	34
1301.5	36
1302.5	36
1303.5	34
1304.5	32
1305.5	36
1306.5	33
1307.5	33
1308.5	35
1309.5	37
1310.5	33
1311.5	36
1312.5	36
1313.5	33
1314.5	33
1315.5	34
1316.5	34
1317.5	33
1318.5	35
1319.5	32
1320.5	33
1321.5	34
1322.5	32
1323.5	38
1324.5	32
1325.5	32
1326.5	33
1327.5	33
1328.5	36
1329.5	35
1330.5	35
1331.5	33
1332.5	32
1333.5	35
1334.5	33
1335.5	36
1336.5	34
1337.5	32
1338.5	33
1339.5	32
1340.5	35
1341.5	34
1342.5	33
1343.5	32
1344.5	36
1345.5	34
1346.5	32
1347.5	32
1348.5	35
1349.5	32
1350.5	35
1351.5	35
1352.5	35
1353.5	32
1354.5	34
1355.5	35
1356.5	34
1357.5	32
1358.5	32
1359.5	36
1360.5	36
1361.5	32
1362.5	33
1363.5	33
1364.5	36
1365.5	32
1366.5	33
1367.5	33
1368.5	33
1369.5	33
1370.5	35
1371.5	33
1372.5	35
1373.5	33
1374.5	34
1375.5	35
1376.5	33
1377.5	33
1378.5	34
1379.5	34
1380.5	36
1381.5	34
1382.5	37
1383.5	34
1384.5	36
1385.5	32
1386.5	34
1387.5	35
1388.5	32
1389.5	33
1390.5	35
1391.5	34
1392.5	34
1393.5	32
1394.5	35
1395.5	32
1396.5	35
1397.5	32
1398.5	32
1399.5	32
1400.5	38
1401.5	34
1402.5	35
1403.5	32
1404.5	34
1405.5	34
1406.5	34
1407.5	37
1408.5	35
1409.5	34
1410.5	32
1411.5	34
1412.5	34
1413.5	34
1414.5	29
1415.5	35
1416.5	34
1417.5	33
1418.5	33
1419.5	34
1420.5	35
1421.5	35
1422.5	35
1423.5	33
1424.5	37
1425.5	34
1426.5	33
1427.5	37
1428.5	31
1429.5	33
1430.5	32
1431.5	33
1432.5	32
1433.5	33
1434.5	33
1435.5	32
1436.5	34
1437.5	33
1438.5	33
1439.5	35
1440.5	33
1441.5	32
1442.5	35
1443.5	34
1444.5	34
1445.5	32
1446.5	34
1447.5	30
1448.5	33
1449.5	33
1450.5	34
1451.5	33
1452.5	35
1453.5	35
1454.5	35
1455.5	35
1456.5	33
1457.5	35
1458.5	33
1459.5	33
1460.5	35
1461.5	35
1462.5	35
1463.5	33
1464.5	33
1465.5	35
1466.5	33
1467.5	36
1468.5	34
1469.5	33
1470.5	32
1471.5	35
1472.5	35
1473.5	35
1474.5	34
1475.5	33
1476.5	35
1477.5	34
1478.5	34
1479.5	32
1480.5	33
1481.5	32
1482.5	35
1483.5	33
1484.5	32
1485.5	35
1486.5	33
1487.5	33
1488.5	35
1489.5	34
1490.5	33
1491.5	35
1492.5	35
1493.5	35
1494.5	34
1495.5	34
1496.5	34
1497.5	32
1498.5	33
1499.5	37
1500.5	32
1501.5	36
1502.5	35
1503.5	33
1504.5	30
1505.5	33
1506.5	34
1507.5	35
1508.5	32
1509.5	34
1510.5	34
1511.5	36
1512.5	35
1513.5	34
1514.5	32
1515.5	37
1516.5	33
1517.5	38
1518.5	32
1519.5	33
1520.5	32
1521.5	33
1522.5	31
1523.5	34
1524.5	34
1525.5	33
1526.5	34
1527.5	35
1528.5	35
1529.5	32
1530.5	33
1531.5	33
1532.5	33
1533.5	32
1534.5	35
1535.5	35
1536.5	33
1537.5	35
1538.5	32
1539.5	33
1540.5	34
1541.5	34
1542.5	33
1543.5	33
1544.5	34
1545.5	35
1546.5	34
1547.5	33
1548.5	32
1549.5	34
1550.5	38
1551.5	34
1552.5	36
1553.5	34
1554.5	35
1555.5	32
1556.5	33
1557.5	33
1558.5	33
1559.5	33
1560.5	32
1561.5	35
1562.5	32
1563.5	29
1564.5	34
1565.5	35
1566.5	35
1567.5	36
1568.5	35
1569.5	33
1570.5	34
1571.5	34
1572.5	35
1573.5	35
1574.5	36
1575.5	36
1576.5	36
1577.5	30
1578.5	33
1579.5	33
1580.5	33
1581.5	35
1582.5	32
1583.5	34
1584.5	35
1585.5	35
1586.5	33
1587.5	34
1588.5	32
1589.5	36
1590.5	34
1591.5	34
1592.5	33
1593.5	35
1594.5	34
1595.5	35
1596.5	34
1597.5	33
1598.5	32
1599.5	33
1600.5	32
1601.5	34
1602.5	35
1603.5	35
1604.5	33
1605.5	34
1606.5	36
1607.5	33
1608.5	36
1609.5	33
1610.5	36
1611.5	34
1612.5	32
1613.5	36
1614.5	35
1615.5	32
1616.5	32
1617.5	34
1618.5	36
1619.5	32
1620.5	34
1621.5	34
1622.5	35
1623.5	31
1624.5	33
1625.5	35
1626.5	35
1627.5	34
1628.5	36
1629.5	35
1630.5	32
1631.5	34
1632.5	35
1633.5	36
1634.5	34
1635.5	34
1636.5	30
1637.5	34
1638.5	35
1639.5	34
1640.5	30
1641.5	33
1642.5	35
1643.5	36
1644.5	35
1645.5	34
1646.5	35
1647.5	32
1648.5	30
1649.5	35
1650.5	35
1651.5	37
1652.5	34
1653.5	32
1654.5	32
1655.5	35
1656.5	33
1657.5	34
1658.5	33
1659.5	34
1660.5	35
1661.5	35
1662.5	33
1663.5	33
1664.5	34
1665.5	33
1666.5	34
1667.5	34
1668.5	32
1669.5	33
1670.5	35
1671.5	34
1672.5	36
1673.5	34
1674.5	34
1675.5	35
1676.5	35
1677.5	33
1678.5	32
1679.5	33
1680.5	34
1681.5	32
1682.5	34
1683.5	32
1684.5	33
1685.5	32
1686.5	32
1687.5	32
1688.5	32
1689.5	33
1690.5	36
1691.5	34
1692.5	33
1693.5	32
1694.5	34
1695.5	33
1696.5	34
1697.5	35
1698.5	33
1699.5	32
1700.5	32
1701.5	33
1702.5	35
1703.5	33
1704.5	34
1705.5	33
1706.5	31
1707.5	35
1708.5	33
1709.5	35
1710.5	30
1711.5	34
1712.5	33
1713.5	33
1714.5	35
1715.5	33
1716.5	35
1717.5	35
1718.5	32
1719.5	33
1720.5	37
1721.5	38
1722.5	33
1723.5	32
1724.5	30
1725.5	35
1726.5	34
1727.5	36
1728.5	34
1729.5	35
1730.5	32
1731.5	32
1732.5	33
1733.5	36
1734.5	32
1735.5	34
1736.5	35
1737.5	34
1738.5	34
1739.5	34
1740.5	34
1741.5	34
1742.5	35
1743.5	36
1744.5	31
1745.5	32
1746.5	34
1747.5	34
1748.5	32
1749.5	33
1750.5	34
1751.5	34
1752.5	34
1753.5	34
1754.5	33
1755.5	35
1756.5	35
1757.5	34
1758.5	34
1759.5	35
1760.5	31
1761.5	30
1762.5	34
1763.5	34
1764.5	32
1765.5	32
1766.5	33
1767.5	34
1768.5	33
1769.5	34
1770.5	34
1771.5	34
1772.5	33
1773.5	35
1774.5	38
1775.5	35
1776.5	33
1777.5	32
1778.5	36
1779.5	33
1780.5	36
1781.5	35
1782.5	35
1783.5	33
1784.5	35
1785.5	32
1786.5	33
1787.5	35
1788.5	33
1789.5	34
1790.5	35
1791.5	32
1792.5	34
1793.5	33
1794.5	33
1795.5	33
1796.5	34
1797.5	35
1798.5	34
1799.5	33
1800.5	34
1801.5	33
1802.5	32
1803.5	34
1804.5	35
1805.5	33
1806.5	34
1807.5	32
1808.5	37
1809.5	29
1810.5	33
1811.5	35
1812.5	37
1813.5	33
1814.5	31
1815.5	35
1816.5	36
1817.5	34
1818.5	33
1819.5	34
1820.5	32
1821.5	34
1822.5	33
1823.5	34
1824.5	35
1825.5	36
1826.5	33
1827.5	35
1828.5	34
1829.5	32
1830.5	35
1831.5	35
1832.5	33
1833.5	32
1834.5	35
1835.5	35
1836.5	32
1837.5	30
1838.5	34
1839.5	37
1840.5	32
1841.5	33
1842.5	33
1843.5	34
1844.5	34
1845.5	35
1846.5	32
1847.5	35
1848.5	32
1849.5	33
1850.5	34
1851.5	36
1852.5	33
1853.5	34
1854.5	37
1855.5	34
1856.5	35
1857.5	34
1858.5	32
1859.5	34
1860.5	35
1861.5	33
1862.5	32
1863.5	32
1864.5	34
1865.5	34
1866.5	35
1867.5	38
1868.5	36
1869.5	34
1870.5	33
1871.5	35
1872.5	33
1873.5	34
1874.5	34
1875.5	34
1876.5	34
1877.5	32
1878.5	34
1879.5	32
1880.5	34
1881.5	37
1882.5	32
1883.5	34
1884.5	35
1885.5	38
1886.5	34
1887.5	37
1888.5	32
1889.5	29
1890.5	29
1891.5	35
1892.5	32
1893.5	33
1894.5	34
1895.5	37
1896.5	33
1897.5	35
1898.5	35
1899.5	29
1900.5	30
1901.5	36
1902.5	37
1903.5	32
1904.5	36
1905.5	32
1906.5	36
1907.5	34
1908.5	33
1909.5	33
1910.5	32
1911.5	32
1912.5	33
1913.5	35
1914.5	32
1915.5	35
1916.5	33
1917.5	35
1918.5	35
1919.5	32
1920.5	33
1921.5	34
1922.5	32
1923.5	32
1924.5	35
1925.5	33
1926.5	33
1927.5	33
1928.5	35
1929.5	33
1930.5	37
1931.5	36
1932.5	34
1933.5	34
1934.5	32
1935.5	35
1936.5	35
1937.5	32
1938.5	35
1939.5	35
1940.5	33
1941.5	35
1942.5	34
1943.5	34
1944.5	33
1945.5	33
1946.5	35
1947.5	36
1948.5	34
1949.5	34
1950.5	32
1951.5	32
1952.5	34
1953.5	37
1954.5	34
1955.5	34
1956.5	33
1957.5	32
1958.5	35
1959.5	33
1960.5	32
1961.5	35
1962.5	33
1963.5	34
1964.5	37
1965.5	33
1966.5	35
1967.5	35
1968.5	36
1969.5	31
1970.5	32
1971.5	34
1972.5	38
1973.5	35
1974.5	34
1975.5	36
1976.5	33
1977.5	34
1978.5	34
1979.5	36
1980.5	34
1981.5	35
1982.5	36
1983.5	33
1984.5	37
1985.5	36
1986.5	36
1987.5	34
1988.5	34
1989.5	33
1990.5	33
1991.5	33
1992.5	38
1993.5	34
1994.5	36
1995.5	34
1996.5	33
1997.5	34
1998.5	33
1999.5	35
2000.5	36
2001.5	35
2002.5	34
2003.5	33
2004.5	36
2005.5	38
2006.5	35
2007.5	33
2008.5	35
2009.5	34
2010.5	30
2011.5	35
2012.5	33
2013.5	33
2014.5	33
2015.5	32
2016.5	33
2017.5	36
2018.5	33
2019.5	34
2020.5	36
2021.5	34
2022.5	36
2023.5	32
2024.5	34
2025.5	35
2026.5	32
2027.5	35
2028.5	34
2029.5	37
2030.5	33
2031.5	33
2032.5	34
2033.5	33
2034.5	33
2035.5	34
2036.5	34
2037.5	32
2038.5	34
2039.5	34
2040.5	32
2041.5	36
2042.5	35
2043.5	35
2044.5	34
2045.5	34
2046.5	34
2047.5	35
2048.5	34
2049.5	36
2050.5	34
2051.5	36
2052.5	34
2053.5	34
2054.5	32
2055.5	34
2056.5	35
2057.5	35
2058.5	32
2059.5	35
2060.5	34
2061.5	35
2062.5	34
2063.5	32
2064.5	34
2065.5	34
2066.5	35
2067.5	33
2068.5	34
2069.5	35
2070.5	35
2071.5	35
2072.5	33
2073.5	35
2074.5	35
2075.5	33
2076.5	33
2077.5	32
2078.5	33
2079.5	36
2080.5	33
2081.5	33
2082.5	34
2083.5	32
2084.5	34
2085.5	34
2086.5	33
2087.5	34
2088.5	34
2089.5	32
2090.5	32
2091.5	32
2092.5	33
2093.5	35
2094.5	33
2095.5	34
2096.5	32
2097.5	34
2098.5	32
2099.5	34
2100.5	32
2101.5	32
2102.5	35
2103.5	34
2104.5	35
2105.5	33
2106.5	32
2107.5	32
2108.5	32
2109.5	37
2110.5	33
2111.5	33
2112.5	29
2113.5	35
2114.5	36
2115.5	34
2116.5	35
2117.5	32
2118.5	32
2119.5	34
2120.5	34
2121.5	36
2122.5	35
2123.5	36
2124.5	36
2125.5	34
2126.5	36
2127.5	32
2128.5	35
2129.5	35
2130.5	31
2131.5	32
2132.5	34
2133.5	32
2134.5	33
2135.5	35
2136.5	33
2137.5	34
2138.5	34
2139.5	34
2140.5	35
2141.5	34
2142.5	34
2143.5	35
2144.5	34
2145.5	37
2146.5	35
2147.5	32
2148.5	35
2149.5	36
2150.5	33
2151.5	32
2152.5	33
2153.5	34
2154.5	33
2155.5	35
2156.5	33
2157.5	35
2158.5	35
2159.5	35
2160.5	33
2161.5	33
2162.5	32
2163.5	33
2164.5	34
2165.5	35
2166.5	37
2167.5	32
2168.5	32
2169.5	34
2170.5	34
2171.5	35
2172.5	34
2173.5	35
2174.5	31
2175.5	37
2176.5	35
2177.5	36
2178.5	32
2179.5	35
2180.5	32
2181.5	32
2182.5	32
2183.5	33
2184.5	35
2185.5	31
2186.5	30
2187.5	35
2188.5	34
2189.5	37
2190.5	32
2191.5	36
2192.5	32
2193.5	36
2194.5	36
2195.5	32
2196.5	36
2197.5	34
2198.5	34
2199.5	34
2200.5	34
2201.5	36
2202.5	34
2203.5	35
2204.5	33
2205.5	36
2206.5	32
2207.5	37
2208.5	34
2209.5	33
2210.5	33
2211.5	36
2212.5	33
2213.5	35
2214.5	33
2215.5	33
2216.5	33
2217.5	31
2218.5	32
2219.5	32
2220.5	35
2221.5	34
2222.5	32
2223.5	35
2224.5	32
2225.5	35
2226.5	37
2227.5	33
2228.5	35
2229.5	36
2230.5	34
2231.5	32
2232.5	29
2233.5	32
2234.5	35
2235.5	36
2236.5	36
2237.5	35
2238.5	35
2239.5	33
2240.5	35
2241.5	36
2242.5	35
2243.5	33
2244.5	34
2245.5	32
2246.5	33
2247.5	32
2248.5	34
2249.5	34
2250.5	33
2251.5	36
2252.5	33
2253.5	34
2254.5	32
2255.5	35
2256.5	32
2257.5	32
2258.5	34
2259.5	35
2260.5	34
2261.5	30
2262.5	35
2263.5	35
2264.5	35
2265.5	32
2266.5	34
2267.5	35
2268.5	32
2269.5	33
2270.5	35
2271.5	33
2272.5	34
2273.5	34
2274.5	30
2275.5	35
2276.5	36
2277.5	35
2278.5	37
2279.5	33
2280.5	34
2281.5	34
2282.5	34
2283.5	34
2284.5	35
2285.5	35
2286.5	34
2287.5	35
2288.5	35
2289.5	36
2290.5	35
2291.5	33
2292.5	33
2293.5	34
2294.5	33
2295.5	38
2296.5	32
2297.5	32
2298.5	31
2299.5	34
2300.5	34
2301.5	33
2302.5	33
2303.5	36
2304.5	33
2305.5	37
2306.5	31
2307.5	36
2308.5	35
2309.5	35
2310.5	33
2311.5	35
2312.5	33
2313.5	36
2314.5	33
2315.5	33
2316.5	33
2317.5	34
2318.5	34
2319.5	34
2320.5	32
2321.5	36
2322.5	32
2323.5	36
2324.5	33
2325.5	35
2326.5	35
2327.5	33
2328.5	32
2329.5	34
2330.5	37
2331.5	34
2332.5	32
2333.5	33
2334.5	38
2335.5	34
2336.5	33
2337.5	34
2338.5	32
2339.5	33
2340.5	34
2341.5	34
2342.5	35
2343.5	36
2344.5	35
2345.5	32
2346.5	37
2347.5	35
2348.5	32
2349.5	35
2350.5	31
2351.5	32
2352.5	32
2353.5	32
2354.5	31
2355.5	36
2356.5	35
2357.5	34
2358.5	34
2359.5	35
2360.5	32
2361.5	35
2362.5	34
2363.5	34
2364.5	32
2365.5	34
2366.5	30
2367.5	34
2368.5	35
2369.5	33
2370.5	34
2371.5	35
2372.5	33
2373.5	33
2374.5	34
2375.5	32
2376.5	32
2377.5	36
2378.5	33
2379.5	35
2380.5	35
2381.5	35
2382.5	34
2383.5	32
2384.5	33
2385.5	32
2386.5	33
2387.5	34
2388.5	35
2389.5	34
2390.5	32
2391.5	33
2392.5	32
2393.5	32
2394.5	37
2395.5	34
2396.5	35
2397.5	33
2398.5	33
2399.5	33
2400.5	34
2401.5	34
2402.5	33
2403.5	34
2404.5	32
2405.5	33
2406.5	33
2407.5	34
2408.5	32
2409.5	31
2410.5	33
2411.5	35
2412.5	35
2413.5	35
2414.5	34
2415.5	34
2416.5	35
2417.5	36
2418.5	30
2419.5	35
2420.5	34
2421.5	35
2422.5	32
2423.5	33
2424.5	33
2425.5	34
2426.5	34
2427.5	35
2428.5	32
2429.5	34
2430.5	34
2431.5	35
2432.5	33
2433.5	36
2434.5	34
2435.5	32
2436.5	33
2437.5	32
2438.5	37
2439.5	33
2440.5	35
2441.5	32
2442.5	34
2443.5	34
2444.5	36
2445.5	34
2446.5	35
2447.5	34
2448.5	34
2449.5	36
2450.5	35
2451.5	32
2452.5	33
2453.5	35
2454.5	33
2455.5	34
2456.5	32
2457.5	33
2458.5	33
2459.5	35
2460.5	34
2461.5	35
2462.5	34
2463.5	33
2464.5	35
2465.5	33
2466.5	32
2467.5	32
2468.5	35
2469.5	38
2470.5	32
2471.5	33
2472.5	32
2473.5	27
2474.5	32
2475.5	34
2476.5	36
2477.5	32
2478.5	34
2479.5	34
2480.5	35
2481.5	36
2482.5	33
2483.5	35
2484.5	34
2485.5	35
2486.5	33
2487.5	34
2488.5	32
2489.5	36
2490.5	33
2491.5	33
2492.5	32
2493.5	32
2494.5	33
2495.5	32
2496.5	35
2497.5	38
2498.5	36
2499.5	36
2500.5	34
2501.5	35
2502.5	35
2503.5	33
2504.5	30
2505.5	33
2506.5	34
2507.5	35
2508.5	33
2509.5	37
2510.5	34
2511.5	32
2512.5	34
2513.5	33
2514.5	35
2515.5	34
2516.5	33
2517.5	37
2518.5	32
2519.5	30
2520.5	33
2521.5	34
2522.5	32
2523.5	35
2524.5	35
2525.5	34
2526.5	33
2527.5	34
2528.5	33
2529.5	34
2530.5	33
2531.5	33
2532.5	29
2533.5	34
2534.5	34
2535.5	39
2536.5	32
2537.5	34
2538.5	35
2539.5	27
2540.5	30
2541.5	35
2542.5	32
2543.5	32
2544.5	39
2545.5	35
2546.5	34
2547.5	34
2548.5	32
2549.5	34
2550.5	32
2551.5	34
2552.5	32
2553.5	35
2554.5	32
2555.5	33
2556.5	32
2557.5	32
2558.5	32
2559.5	35
2560.5	32
2561.5	35
2562.5	32
2563.5	34
2564.5	35
2565.5	32
2566.5	32
2567.5	34
2568.5	32
2569.5	34
2570.5	33
2571.5	33
2572.5	34
2573.5	30
2574.5	34
2575.5	36
2576.5	34
2577.5	32
2578.5	35
2579.5	33
2580.5	35
2581.5	35
2582.5	38
2583.5	33
2584.5	34
2585.5	34
2586.5	34
2587.5	33
2588.5	34
2589.5	32
2590.5	34
2591.5	32
2592.5	32
2593.5	36
2594.5	36
2595.5	32
2596.5	35
2597.5	33
2598.5	33
2599.5	32
2600.5	32
2601.5	33
2602.5	32
2603.5	33
2604.5	35
2605.5	34
2606.5	35
2607.5	36
2608.5	35
2609.5	35
2610.5	35
2611.5	34
2612.5	36
2613.5	32
2614.5	32
2615.5	34
2616.5	36
2617.5	33
2618.5	33
2619.5	34
2620.5	32
2621.5	35
2622.5	32
2623.5	34
2624.5	34
2625.5	30
2626.5	35
2627.5	37
2628.5	36
2629.5	32
2630.5	33
2631.5	34
2632.5	32
2633.5	34
2634.5	35
2635.5	34
2636.5	32
2637.5	33
2638.5	37
2639.5	32
2640.5	37
2641.5	33
2642.5	32
2643.5	32
2644.5	34
2645.5	33
2646.5	35
2647.5	39
2648.5	30
2649.5	34
2650.5	32
2651.5	35
2652.5	32
2653.5	38
2654.5	35
2655.5	33
2656.5	32
2657.5	32
2658.5	32
2659.5	38
2660.5	32
2661.5	30
2662.5	34
2663.5	35
2664.5	35
2665.5	35
2666.5	32
2667.5	34
2668.5	35
2669.5	35
2670.5	30
2671.5	34
2672.5	33
2673.5	35
2674.5	33
2675.5	34
2676.5	36
2677.5	35
2678.5	42
2679.5	34
2680.5	35
2681.5	39
2682.5	32
2683.5	33
2684.5	33
2685.5	33
2686.5	34
2687.5	35
2688.5	35
2689.5	32
2690.5	34
2691.5	33
2692.5	34
2693.5	35
2694.5	35
2695.5	34
2696.5	34
2697.5	33
2698.5	35
2699.5	33
2700.5	33
2701.5	32
2702.5	32
2703.5	35
2704.5	30
2705.5	34
2706.5	32
2707.5	33
2708.5	32
2709.5	34
2710.5	33
2711.5	36
2712.5	32
2713.5	34
2714.5	35
2715.5	33
2716.5	32
2717.5	34
2718.5	33
2719.5	34
2720.5	31
2721.5	35
2722.5	33
2723.5	32
2724.5	34
2725.5	35
2726.5	36
2727.5	33
2728.5	32
2729.5	35
2730.5	36
2731.5	34
2732.5	33
2733.5	35
2734.5	31
2735.5	37
2736.5	34
2737.5	33
2738.5	32
2739.5	32
2740.5	32
2741.5	35
2742.5	33
2743.5	35
2744.5	35
2745.5	36
2746.5	33
2747.5	33
2748.5	35
2749.5	33
2750.5	32
2751.5	35
2752.5	34
2753.5	33
2754.5	33
2755.5	34
2756.5	34
2757.5	33
2758.5	32
2759.5	33
2760.5	33
2761.5	34
2762.5	35
2763.5	35
2764.5	33
2765.5	32
2766.5	32
2767.5	36
2768.5	33
2769.5	32
2770.5	33
2771.5	35
2772.5	35
2773.5	33
2774.5	35
2775.5	34
2776.5	33
2777.5	34
2778.5	32
2779.5	36
2780.5	32
2781.5	34
2782.5	34
2783.5	36
2784.5	35
2785.5	35
2786.5	32
2787.5	36
2788.5	34
2789.5	33
2790.5	34
2791.5	32
2792.5	33
2793.5	36
2794.5	32
2795.5	32
2796.5	29
2797.5	38
2798.5	35
2799.5	32
2800.5	36
2801.5	32
2802.5	32
2803.5	35
2804.5	35
2805.5	30
2806.5	33
2807.5	36
2808.5	34
2809.5	37
2810.5	35
2811.5	32
2812.5	34
2813.5	35
2814.5	33
2815.5	34
2816.5	33
2817.5	30
2818.5	33
2819.5	32
2820.5	32
2821.5	34
2822.5	34
2823.5	35
2824.5	32
2825.5	33
2826.5	32
2827.5	37
2828.5	36
2829.5	33
2830.5	35
2831.5	36
2832.5	34
2833.5	34
2834.5	32
2835.5	34
2836.5	34
2837.5	36
2838.5	33
2839.5	32
2840.5	37
2841.5	31
2842.5	32
2843.5	33
2844.5	34
2845.5	35
2846.5	32
2847.5	36
2848.5	34
2849.5	35
2850.5	34
2851.5	35
2852.5	33
2853.5	35
2854.5	34
2855.5	34
2856.5	37
2857.5	33
2858.5	34
2859.5	36
2860.5	33
2861.5	32
2862.5	33
2863.5	35
2864.5	35
2865.5	36
2866.5	34
2867.5	34
2868.5	32
2869.5	34
2870.5	33
2871.5	36
2872.5	33
2873.5	33
2874.5	35
2875.5	34
2876.5	35
2877.5	34
2878.5	33
2879.5	34
2880.5	30
2881.5	35
2882.5	32
2883.5	35
2884.5	33
2885.5	33
2886.5	32
2887.5	32
2888.5	34
2889.5	33
2890.5	35
2891.5	35
2892.5	32
2893.5	33
2894.5	33
2895.5	32
2896.5	32
2897.5	34
2898.5	33
2899.5	35
2900.5	34
2901.5	34
2902.5	33
2903.5	33
2904.5	33
2905.5	35
2906.5	33
2907.5	32
2908.5	32
2909.5	32
2910.5	35
2911.5	38
2912.5	32
2913.5	32
2914.5	34
2915.5	34
2916.5	33
2917.5	29
2918.5	35
2919.5	33
2920.5	31
2921.5	33
2922.5	33
2923.5	35
2924.5	35
2925.5	34
2926.5	33
2927.5	37
2928.5	33
2929.5	33
2930.5	31
2931.5	35
2932.5	33
2933.5	35
2934.5	33
2935.5	34
2936.5	35
2937.5	33
2938.5	32
2939.5	34
2940.5	36
2941.5	36
2942.5	37
2943.5	38
2944.5	36
2945.5	35
2946.5	32
2947.5	32
2948.5	36
2949.5	33
2950.5	31
2951.5	33
2952.5	33
2953.5	34
2954.5	34
2955.5	33
2956.5	34
2957.5	33
2958.5	39
2959.5	37
2960.5	35
2961.5	32
2962.5	34
2963.5	33
2964.5	32
2965.5	34
2966.5	36
2967.5	33
2968.5	35
2969.5	33
2970.5	32
2971.5	39
2972.5	38
2973.5	33
2974.5	36
2975.5	32
2976.5	34
2977.5	33
2978.5	33
2979.5	34
2980.5	36
2981.5	35
2982.5	35
2983.5	34
2984.5	34
2985.5	36
2986.5	34
2987.5	34
2988.5	34
2989.5	35
2990.5	35
2991.5	34
2992.5	35
2993.5	34
2994.5	34
2995.5	34
2996.5	36
2997.5	32
2998.5	34
2999.5	32
3000.5	32
3001.5	34
3002.5	35
3003.5	33
3004.5	35
3005.5	32
3006.5	35
3007.5	32
3008.5	35
3009.5	33
3010.5	32
3011.5	34
3012.5	34
3013.5	35
3014.5	35
3015.5	35
3016.5	32
3017.5	34
3018.5	30
3019.5	32
3020.5	35
3021.5	34
3022.5	34
3023.5	37
3024.5	34
3025.5	37
3026.5	33
3027.5	36
3028.5	30
3029.5	31
3030.5	34
3031.5	35
3032.5	35
3033.5	33
3034.5	34
3035.5	35
3036.5	34
3037.5	33
3038.5	34
3039.5	35
3040.5	33
3041.5	36
3042.5	32
3043.5	36
3044.5	31
3045.5	37
3046.5	33
3047.5	32
3048.5	34
3049.5	31
3050.5	32
3051.5	35
3052.5	32
3053.5	32
3054.5	32
3055.5	32
3056.5	34
3057.5	35
3058.5	32
3059.5	35
3060.5	34
3061.5	33
3062.5	29
3063.5	33
3064.5	33
3065.5	34
3066.5	32
3067.5	34
3068.5	34
3069.5	35
3070.5	34
3071.5	34
3072.5	33
3073.5	32
3074.5	35
3075.5	33
3076.5	34
3077.5	34
3078.5	31
3079.5	32
3080.5	32
3081.5	32
3082.5	34
3083.5	34
3084.5	32
3085.5	35
3086.5	33
3087.5	34
3088.5	35
3089.5	35
3090.5	31
3091.5	33
3092.5	34
3093.5	33
3094.5	33
3095.5	32
3096.5	33
3097.5	35
3098.5	28
3099.5	33
3100.5	34
3101.5	34
3102.5	36
3103.5	32
3104.5	34
3105.5	32
3106.5	35
3107.5	32
3108.5	35
3109.5	35
3110.5	34
3111.5	35
3112.5	33
3113.5	33
3114.5	33
3115.5	36
3116.5	35
3117.5	34
3118.5	32
3119.5	35
3120.5	34
3121.5	33
3122.5	34
3123.5	32
3124.5	33
3125.5	36
3126.5	34
3127.5	34
3128.5	33
3129.5	36
3130.5	32
3131.5	32
3132.5	34
3133.5	34
3134.5	34
3135.5	38
3136.5	34
3137.5	35
3138.5	32
3139.5	34
3140.5	32
3141.5	35
3142.5	34
3143.5	36
3144.5	34
3145.5	36
3146.5	34
3147.5	36
3148.5	35
3149.5	38
3150.5	33
3151.5	33
3152.5	34
3153.5	34
3154.5	33
3155.5	33
3156.5	31
3157.5	32
3158.5	33
3159.5	32
3160.5	33
3161.5	33
3162.5	33
3163.5	36
3164.5	26
3165.5	35
3166.5	33
3167.5	35
3168.5	35
3169.5	32
3170.5	34
3171.5	33
3172.5	34
3173.5	32
3174.5	32
3175.5	32
3176.5	35
3177.5	34
3178.5	35
3179.5	34
3180.5	32
3181.5	32
3182.5	33
3183.5	32
3184.5	34
3185.5	35
3186.5	34
3187.5	34
3188.5	32
3189.5	34
3190.5	34
3191.5	37
3192.5	34
3193.5	34
3194.5	33
3195.5	33
3196.5	32
3197.5	33
3198.5	34
3199.5	36
3200.5	32
3201.5	35
3202.5	33
3203.5	35
3204.5	35
3205.5	35
3206.5	34
3207.5	39
3208.5	33
3209.5	33
3210.5	32
3211.5	34
3212.5	32
3213.5	36
3214.5	34
3215.5	34
3216.5	32
3217.5	32
3218.5	33
3219.5	37
3220.5	35
3221.5	37
3222.5	34
3223.5	31
3224.5	34
3225.5	32
3226.5	34
3227.5	33
3228.5	33
3229.5	34
3230.5	35
3231.5	30
3232.5	37
3233.5	35
3234.5	35
3235.5	32
3236.5	34
3237.5	37
3238.5	32
3239.5	37
3240.5	37
3241.5	34
3242.5	35
3243.5	32
3244.5	33
3245.5	30
3246.5	36
3247.5	36
3248.5	31
3249.5	32
3250.5	33
3251.5	33
3252.5	32
3253.5	34
3254.5	33
3255.5	36
3256.5	35
3257.5	32
3258.5	34
3259.5	33
3260.5	33
3261.5	34
3262.5	33
3263.5	32
3264.5	32
3265.5	34
3266.5	32
3267.5	35
3268.5	32
3269.5	32
3270.5	32
3271.5	35
3272.5	32
3273.5	32
3274.5	34
3275.5	33
3276.5	38
3277.5	35
3278.5	34
3279.5	34
3280.5	34
3281.5	32
3282.5	31
3283.5	32
3284.5	33
3285.5	32
3286.5	36
3287.5	32
3288.5	35
3289.5	34
3290.5	37
3291.5	34
3292.5	33
3293.5	36
3294.5	34
3295.5	34
3296.5	33
3297.5	34
3298.5	32
3299.5	33
3300.5	32
3301.5	35
3302.5	35
3303.5	39
3304.5	33
3305.5	34
3306.5	35
3307.5	36
3308.5	33
3309.5	32
3310.5	33
3311.5	31
3312.5	33
3313.5	33
3314.5	33
3315.5	34
3316.5	33
3317.5	35
3318.5	33
3319.5	35
3320.5	33
3321.5	33
3322.5	34
3323.5	30
3324.5	35
3325.5	38
3326.5	32
3327.5	35
3328.5	34
3329.5	34
3330.5	35
3331.5	34
3332.5	34
3333.5	35
3334.5	32
3335.5	33
3336.5	32
3337.5	34
3338.5	34
3339.5	35
3340.5	34
3341.5	33
3342.5	34
3343.5	32
3344.5	34
3345.5	32
3346.5	30
3347.5	35
3348.5	32
3349.5	32
3350.5	34
3351.5	33
3352.5	34
3353.5	35
3354.5	32
3355.5	34
3356.5	33
3357.5	32
3358.5	32
3359.5	34
3360.5	34
3361.5	36
3362.5	29
3363.5	33
3364.5	35
3365.5	32
3366.5	32
3367.5	34
3368.5	33
3369.5	33
3370.5	35
3371.5	35
3372.5	37
3373.5	33
3374.5	33
3375.5	32
3376.5	32
3377.5	32
3378.5	36
3379.5	31
3380.5	29
3381.5	33
3382.5	34
3383.5	34
3384.5	35
3385.5	34
3386.5	32
3387.5	34
3388.5	33
3389.5	35
3390.5	34
3391.5	35
3392.5	34
3393.5	33
3394.5	34
3395.5	35
3396.5	32
3397.5	33
3398.5	35
3399.5	36
3400.5	36
3401.5	33
3402.5	34
3403.5	34
3404.5	34
3405.5	34
3406.5	35
3407.5	36
3408.5	32
3409.5	35
3410.5	35
3411.5	36
3412.5	33
3413.5	35
3414.5	32
3415.5	36
3416.5	36
3417.5	34
3418.5	33
3419.5	34
3420.5	34
3421.5	35
3422.5	32
3423.5	35
3424.5	32
3425.5	36
3426.5	33
3427.5	32
3428.5	36
3429.5	34
3430.5	35
3431.5	37
3432.5	35
3433.5	34
3434.5	38
3435.5	35
3436.5	37
3437.5	32
3438.5	37
3439.5	34
3440.5	34
3441.5	35
3442.5	32
3443.5	36
3444.5	36
3445.5	36
3446.5	35
3447.5	34
3448.5	40
3449.5	34
3450.5	38
3451.5	35
3452.5	35
3453.5	37
3454.5	34
3455.5	36
3456.5	35
3457.5	36
3458.5	38
3459.5	35
3460.5	35
3461.5	36
3462.5	36
3463.5	36
3464.5	32
3465.5	38
3466.5	33
3467.5	36
3468.5	34
3469.5	34
3470.5	33
3471.5	36
3472.5	34
3473.5	35
3474.5	33
3475.5	34
3476.5	35
3477.5	34
3478.5	35
3479.5	33
3480.5	36
3481.5	34
3482.5	34
3483.5	34
3484.5	33
3485.5	33
3486.5	33
3487.5	32
3488.5	34
3489.5	33
3490.5	31
3491.5	35
3492.5	33
3493.5	35
3494.5	33
3495.5	33
3496.5	35
3497.5	38
3498.5	34
3499.5	34
3500.5	34
3501.5	35
3502.5	35
3503.5	31
3504.5	34
3505.5	33
3506.5	33
3507.5	34
3508.5	34
3509.5	37
3510.5	30
3511.5	34
3512.5	35
3513.5	33
3514.5	35
3515.5	39
3516.5	35
3517.5	32
3518.5	34
3519.5	33
3520.5	33
3521.5	35
3522.5	34
3523.5	34
3524.5	37
3525.5	34
3526.5	32
3527.5	34
3528.5	32
3529.5	34
3530.5	35
3531.5	32
3532.5	32
3533.5	34
3534.5	35
3535.5	33
3536.5	33
3537.5	35
3538.5	35
3539.5	35
3540.5	35
3541.5	32
3542.5	35
3543.5	33
3544.5	36
3545.5	36
3546.5	32
3547.5	35
3548.5	34
3549.5	33
3550.5	33
3551.5	35
3552.5	37
3553.5	35
3554.5	32
3555.5	33
3556.5	33
3557.5	33
3558.5	33
3559.5	36
3560.5	34
3561.5	32
3562.5	34
3563.5	33
3564.5	35
3565.5	32
3566.5	33
3567.5	33
3568.5	34
3569.5	33
3570.5	34
3571.5	35
3572.5	33
3573.5	38
3574.5	35
3575.5	35
3576.5	35
3577.5	36
3578.5	35
3579.5	35
3580.5	35
3581.5	38
3582.5	35
3583.5	35
3584.5	32
3585.5	37
3586.5	35
3587.5	35
3588.5	33
3589.5	34
3590.5	35
3591.5	36
3592.5	32
3593.5	33
3594.5	34
3595.5	34
3596.5	34
3597.5	33
3598.5	33
3599.5	35
3600.5	32
3601.5	35
3602.5	33
3603.5	32
3604.5	36
3605.5	36
3606.5	35
3607.5	35
3608.5	35
3609.5	37
3610.5	33
3611.5	37
3612.5	35
3613.5	32
3614.5	35
3615.5	35
3616.5	35
3617.5	34
3618.5	35
3619.5	32
3620.5	34
3621.5	34
3622.5	35
3623.5	32
3624.5	36
3625.5	40
3626.5	35
3627.5	35
3628.5	34
3629.5	36
3630.5	38
3631.5	35
3632.5	37
3633.5	36
3634.5	35
3635.5	34
3636.5	34
3637.5	34
3638.5	33
3639.5	35
3640.5	33
3641.5	33
3642.5	34
3643.5	32
3644.5	36
3645.5	35
3646.5	34
3647.5	33
3648.5	32
3649.5	36
3650.5	34
3651.5	33
3652.5	34
3653.5	32
3654.5	32
3655.5	34
3656.5	32
3657.5	33
3658.5	32
3659.5	34
3660.5	33
3661.5	32
3662.5	32
3663.5	38
3664.5	33
3665.5	34
3666.5	35
3667.5	34
3668.5	36
3669.5	35
3670.5	35
3671.5	33
3672.5	34
3673.5	32
3674.5	32
3675.5	39
3676.5	34
3677.5	35
3678.5	31
3679.5	37
3680.5	34
3681.5	35
3682.5	35
3683.5	35
3684.5	35
3685.5	34
3686.5	37
3687.5	34
3688.5	34
3689.5	34
3690.5	35
3691.5	34
3692.5	36
3693.5	35
3694.5	34
3695.5	39
3696.5	33
3697.5	38
3698.5	40
3699.5	36
3700.5	36
3701.5	43
3702.5	38
3703.5	41
3704.5	41
3705.5	46
3706.5	48
3707.5	52
3708.5	50
3709.5	56
3710.5	59
3711.5	64
3712.5	69
3713.5	69
3714.5	79
3715.5	82
3716.5	92
3717.5	97
3718.5	102
3719.5	105
3720.5	107
3721.5	116
3722.5	122
3723.5	113
3724.5	122
3725.5	122
3726.5	124
3727.5	126
3728.5	126
3729.5	120
3730.5	115
3731.5	115
3732.5	106
3733.5	99
3734.5	92
3735.5	91
3736.5	82
3737.5	71
3738.5	66
3739.5	60
3740.5	59
3741.5	55
3742.5	46
3743.5	45
3744.5	42
3745.5	41
3746.5	38
3747.5	35
3748.5	35
3749.5	33
3750.5	35
3751.5	33
3752.5	36
3753.5	33
3754.5	34
3755.5	36
3756.5	33
3757.5	36
3758.5	35
3759.5	35
3760.5	32
3761.5	34
3762.5	35
3763.5	34
3764.5	33
3765.5	35
3766.5	35
3767.5	32
3768.5	36
3769.5	37
3770.5	35
3771.5	33
3772.5	34
3773.5	34
3774.5	37
3775.5	33
3776.5	34
3777.5	33
3778.5	35
3779.5	34
3780.5	33
3781.5	34
3782.5	34
3783.5	35
3784.5	34
3785.5	35
3786.5	35
3787.5	38
3788.5	35
3789.5	37
3790.5	34
3791.5	37
3792.5	36
3793.5	39
3794.5	34
3795.5	40
3796.5	36
3797.5	36
3798.5	39
3799.5	39
3800.5	36
3801.5	42
3802.5	42
3803.5	44
3804.5	46
3805.5	45
3806.5	42
3807.5	46
3808.5	49
3809.5	52
3810.5	51
3811.5	49
3812.5	48
3813.5	51
3814.5	48
3815.5	47
3816.5	49
3817.5	48
3818.5	50
3819.5	48
3820.5	41
3821.5	43
3822.5	42
3823.5	44
3824.5	40
3825.5	42
3826.5	38
3827.5	40
3828.5	38
3829.5	37
3830.5	38
3831.5	34
3832.5	37
3833.5	32
3834.5	33
3835.5	34
3836.5	33
3837.5	35
3838.5	34
3839.5	34
3840.5	32
3841.5	34
3842.5	36
3843.5	34
3844.5	34
3845.5	33
3846.5	34
3847.5	34
3848.5	32
3849.5	35
3850.5	35
3851.5	32
3852.5	30
3853.5	35
3854.5	34
3855.5	35
3856.5	35
3857.5	34
3858.5	34
3859.5	33
3860.5	36
3861.5	34
3862.5	36
3863.5	36
3864.5	37
3865.5	36
3866.5	35
3867.5	33
3868.5	33
3869.5	36
3870.5	38
3871.5	33
3872.5	37
3873.5	35
3874.5	35
3875.5	33
3876.5	35
3877.5	34
3878.5	34
3879.5	34
3880.5	33
3881.5	36
3882.5	34
3883.5	34
3884.5	34
3885.5	36
3886.5	36
3887.5	34
3888.5	33
3889.5	33
3890.5	34
3891.5	35
3892.5	35
3893.5	32
3894.5	35
3895.5	38
3896.5	36
3897.5	36
3898.5	34
3899.5	37
3900.5	34
3901.5	38
3902.5	34
3903.5	33
3904.5	34
3905.5	37
3906.5	34
3907.5	37
3908.5	36
3909.5	35
3910.5	34
3911.5	34
3912.5	32
3913.5	34
3914.5	35
3915.5	33
3916.5	35
3917.5	34
3918.5	35
3919.5	32
3920.5	34
3921.5	34
3922.5	36
3923.5	33
3924.5	36
3925.5	35
3926.5	34
3927.5	34
3928.5	30
3929.5	36
3930.5	33
3931.5	32
3932.5	36
3933.5	33
3934.5	36
3935.5	34
3936.5	36
3937.5	34
3938.5	33
3939.5	32
3940.5	37
3941.5	35
3942.5	35
3943.5	34
3944.5	37
3945.5	34
3946.5	32
3947.5	36
3948.5	32
3949.5	33
3950.5	36
3951.5	34
3952.5	33
3953.5	35
3954.5	35
3955.5	36
3956.5	33
3957.5	32
3958.5	36
3959.5	36
3960.5	33
3961.5	34
3962.5	35
3963.5	36
3964.5	33
3965.5	37
3966.5	35
3967.5	34
3968.5	35
3969.5	33
3970.5	33
3971.5	36
3972.5	35
3973.5	34
3974.5	34
3975.5	37
3976.5	41
3977.5	42
3978.5	41
3979.5	39
3980.5	42
3981.5	45
3982.5	45
3983.5	49
3984.5	50
3985.5	50
3986.5	53
3987.5	55
3988.5	59
3989.5	57
3990.5	63
3991.5	61
3992.5	60
3993.5	65
3994.5	68
3995.5	66
3996.5	68
3997.5	62
3998.5	69
3999.5	65
4000.5	63
4001.5	62
4002.5	57
4003.5	58
4004.5	55
4005.5	49
4006.5	51
4007.5	47
4008.5	47
4009.5	45
4010.5	43
4011.5	38
4012.5	38
4013.5	35
4014.5	35
4015.5	35
4016.5	35
4017.5	33
4018.5	36
4019.5	34
4020.5	34
4021.5	35
4022.5	34
4023.5	35
4024.5	33
4025.5	32
4026.5	35
4027.5	34
4028.5	39
4029.5	32
4030.5	32
4031.5	32
4032.5	35
4033.5	34
4034.5	33
4035.5	34
4036.5	34
4037.5	35
4038.5	36
4039.5	39
4040.5	35
4041.5	34
4042.5	33
4043.5	34
4044.5	32
4045.5	36
4046.5	35
4047.5	34
4048.5	32
4049.5	34
4050.5	32
4051.5	36
4052.5	36
4053.5	36
4054.5	35
4055.5	36
4056.5	33
4057.5	35
4058.5	35
4059.5	35
4060.5	35
4061.5	35
4062.5	36
4063.5	36
4064.5	36
4065.5	35
4066.5	35
4067.5	41
4068.5	38
4069.5	36
4070.5	41
4071.5	39
4072.5	42
4073.5	43
4074.5	40
4075.5	41
4076.5	39
4077.5	43
4078.5	40
4079.5	42
4080.5	42
4081.5	42
4082.5	40
4083.5	41
4084.5	41
4085.5	44
4086.5	40
4087.5	41
4088.5	42
4089.5	39
4090.5	37
4091.5	38
4092.5	38
4093.5	39
4094.5	36
4095.5	38
4096.5	34
4097.5	35
4098.5	35
4099.5	32
4100.5	32
4101.5	34
4102.5	33
4103.5	34
4104.5	33
4105.5	34
4106.5	32
4107.5	32
4108.5	34
4109.5	33
4110.5	32
4111.5	33
4112.5	33
4113.5	34
4114.5	33
4115.5	32
4116.5	34
4117.5	36
4118.5	36
4119.5	37
4120.5	35
4121.5	35
4122.5	34
4123.5	32
4124.5	31
4125.5	33
4126.5	34
4127.5	33
4128.5	32
4129.5	33
4130.5	33
4131.5	33
4132.5	33
4133.5	35
4134.5	32
4135.5	34
4136.5	35
4137.5	38
4138.5	34
4139.5	32
4140.5	37
4141.5	32
4142.5	35
4143.5	34
4144.5	35
4145.5	35
4146.5	36
4147.5	35
4148.5	33
4149.5	35
4150.5	34
4151.5	37
4152.5	34
4153.5	35
4154.5	33
4155.5	35
4156.5	34
4157.5	33
4158.5	33
4159.5	37
4160.5	34
4161.5	34
4162.5	33
4163.5	35
4164.5	34
4165.5	34
4166.5	37
4167.5	33
4168.5	35
4169.5	34
4170.5	34
4171.5	35
4172.5	34
4173.5	34
4174.5	35
4175.5	36
4176.5	33
4177.5	33
4178.5	35
4179.5	34
4180.5	34
4181.5	36
4182.5	35
4183.5	35
4184.5	35
4185.5	34
4186.5	38
4187.5	34
4188.5	35
4189.5	32
4190.5	35
4191.5	33
4192.5	37
4193.5	34
4194.5	35
4195.5	35
4196.5	36
4197.5	33
4198.5	33
4199.5	34
4200.5	32
4201.5	34
4202.5	32
4203.5	35
4204.5	33
4205.5	34
4206.5	35
4207.5	38
4208.5	32
4209.5	32
4210.5	35
4211.5	34
4212.5	38
4213.5	34
4214.5	35
4215.5	35
4216.5	34
4217.5	35
4218.5	36
4219.5	38
4220.5	35
4221.5	41
4222.5	40
4223.5	40
4224.5	40
4225.5	41
4226.5	42
4227.5	42
4228.5	39
4229.5	44
4230.5	40
4231.5	42
4232.5	46
4233.5	45
4234.5	42
4235.5	41
4236.5	42
4237.5	43
4238.5	39
4239.5	43
4240.5	39
4241.5	37
4242.5	40
4243.5	40
4244.5	35
4245.5	40
4246.5	37
4247.5	33
4248.5	36
4249.5	36
4250.5	33
4251.5	33
4252.5	35
4253.5	34
4254.5	36
4255.5	34
4256.5	35
4257.5	36
4258.5	32
4259.5	35
4260.5	32
4261.5	35
4262.5	32
4263.5	34
4264.5	35
4265.5	34
4266.5	35
4267.5	35
4268.5	32
4269.5	35
4270.5	30
4271.5	33
4272.5	33
4273.5	33
4274.5	33
4275.5	31
4276.5	35
4277.5	37
4278.5	33
4279.5	35
4280.5	36
4281.5	35
4282.5	32
4283.5	35
4284.5	33
4285.5	34
4286.5	35
4287.5	38
4288.5	37
4289.5	32
4290.5	34
4291.5	34
4292.5	32
4293.5	36
4294.5	35
4295.5	34
4296.5	36
4297.5	35
4298.5	32
4299.5	32
4300.5	35
4301.5	35
4302.5	34
4303.5	36
4304.5	34
4305.5	34
4306.5	35
4307.5	34
4308.5	34
4309.5	33
4310.5	36
4311.5	33
4312.5	38
4313.5	32
4314.5	33
4315.5	35
4316.5	32
4317.5	36
4318.5	34
4319.5	37
4320.5	36
4321.5	36
4322.5	36
4323.5	36
4324.5	36
4325.5	39
4326.5	38
4327.5	39
4328.5	36
4329.5	39
4330.5	41
4331.5	41
4332.5	42
4333.5	41
4334.5	42
4335.5	44
4336.5	46
4337.5	46
4338.5	48
4339.5	51
4340.5	52
4341.5	53
4342.5	60
4343.5	57
4344.5	63
4345.5	65
4346.5	60
4347.5	64
4348.5	68
4349.5	66
4350.5	69
4351.5	69
4352.5	66
4353.5	65
4354.5	64
4355.5	65
4356.5	57
4357.5	57
4358.5	53
4359.5	54
4360.5	52
4361.5	46
4362.5	48
4363.5	46
4364.5	42
4365.5	40
4366.5	38
4367.5	39
4368.5	33
4369.5	38
4370.5	38
4371.5	34
4372.5	35
4373.5	32
4374.5	33
4375.5	34
4376.5	34
4377.5	36
4378.5	36
4379.5	38
4380.5	34
4381.5	35
4382.5	35
4383.5	37
4384.5	38
4385.5	37
4386.5	37
4387.5	41
4388.5	42
4389.5	43
4390.5	45
4391.5	43
4392.5	43
4393.5	47
4394.5	50
4395.5	53
4396.5	54
4397.5	57
4398.5	65
4399.5	67
4400.5	68
4401.5	71
4402.5	75
4403.5	75
4404.5	76
4405.5	81
4406.5	80
4407.5	80
4408.5	80
4409.5	78
4410.5	78
4411.5	76
4412.5	76
4413.5	69
4414.5	70
4415.5	61
4416.5	59
4417.5	57
4418.5	53
4419.5	52
4420.5	48
4421.5	46
4422.5	43
4423.5	40
4424.5	38
4425.5	37
4426.5	37
4427.5	38
4428.5	37
4429.5	37
4430.5	32
4431.5	35
4432.5	34
4433.5	34
4434.5	34
4435.5	35
4436.5	33
4437.5	33
4438.5	33
4439.5	35
4440.5	39
4441.5	35
4442.5	34
4443.5	33
4444.5	35
4445.5	37
4446.5	33
4447.5	34
4448.5	34
4449.5	33
4450.5	33
4451.5	35
4452.5	37
4453.5	33
4454.5	33
4455.5	33
4456.5	33
4457.5	32
4458.5	36
4459.5	33
4460.5	36
4461.5	36
4462.5	35
4463.5	36
4464.5	33
4465.5	34
4466.5	34
4467.5	33
4468.5	33
4469.5	31
4470.5	37
4471.5	35
4472.5	34
4473.5	35
4474.5	33
4475.5	36
4476.5	35
4477.5	34
4478.5	37
4479.5	35
4480.5	37
4481.5	36
4482.5	36
4483.5	33
4484.5	33
4485.5	35
4486.5	37
4487.5	30
4488.5	32
4489.5	35
4490.5	36
4491.5	35
4492.5	36
4493.5	35
4494.5	37
4495.5	40
4496.5	36
4497.5	38
4498.5	35
4499.5	38
4500.5	38
4501.5	40
4502.5	40
4503.5	40
4504.5	40
4505.5	42
4506.5	44
4507.5	48
4508.5	49
4509.5	48
4510.5	48
4511.5	52
4512.5	58
4513.5	60
4514.5	65
4515.5	66
4516.5	72
4517.5	74
4518.5	83
4519.5	91
4520.5	96
4521.5	98
4522.5	102
4523.5	104
4524.5	112
4525.5	114
4526.5	109
4527.5	118
4528.5	125
4529.5	113
4530.5	110
4531.5	108
4532.5	98
4533.5	100
4534.5	92
4535.5	84
4536.5	80
4537.5	73
4538.5	67
4539.5	62
4540.5	57
4541.5	48
4542.5	48
4543.5	43
4544.5	45
4545.5	40
4546.5	39
4547.5	33
4548.5	36
4549.5	34
4550.5	33
4551.5	34
4552.5	33
4553.5	28
4554.5	35
4555.5	35
4556.5	33
4557.5	35
4558.5	38
4559.5	37
4560.5	39
4561.5	35
4562.5	35
4563.5	40
4564.5	36
4565.5	38
4566.5	40
4567.5	41
4568.5	41
4569.5	42
4570.5	42
4571.5	48
4572.5	44
4573.5	50
4574.5	49
4575.5	50
4576.5	49
4577.5	51
4578.5	49
4579.5	53
4580.5	52
4581.5	51
4582.5	53
4583.5	51
4584.5	48
4585.5	48
4586.5	48
4587.5	48
4588.5	44
4589.5	42
4590.5	44
4591.5	38
4592.5	38
4593.5	38
4594.5	36
4595.5	33
4596.5	35
4597.5	36
4598.5	35
4599.5	32
4600.5	32
4601.5	35
4602.5	35
4603.5	34
4604.5	34
4605.5	32
4606.5	33
4607.5	32
4608.5	34
4609.5	38
4610.5	35
4611.5	33
4612.5	32
4613.5	35
4614.5	35
4615.5	36
4616.5	36
4617.5	30
4618.5	37
4619.5	35
4620.5	34
4621.5	32
4622.5	34
4623.5	37
4624.5	32
4625.5	33
4626.5	43
4627.5	37
4628.5	34
4629.5	33
4630.5	32
4631.5	33
4632.5	33
4633.5	35
4634.5	34
4635.5	35
4636.5	33
4637.5	35
4638.5	34
4639.5	34
4640.5	35
4641.5	37
4642.5	33
4643.5	34
4644.5	34
4645.5	33
4646.5	33
4647.5	35
4648.5	33
4649.5	37
4650.5	32
4651.5	35
4652.5	32
4653.5	33
4654.5	35
4655.5	34
4656.5	36
4657.5	35
4658.5	33
4659.5	34
4660.5	34
4661.5	32
4662.5	35
4663.5	35
4664.5	36
4665.5	33
4666.5	33
4667.5	32
4668.5	35
4669.5	32
4670.5	35
4671.5	36
4672.5	34
4673.5	32
4674.5	33
4675.5	33
4676.5	33
4677.5	36
4678.5	35
4679.5	33
4680.5	33
4681.5	39
4682.5	35
4683.5	36
4684.5	32
4685.5	36
4686.5	34
4687.5	38
4688.5	32
4689.5	36
4690.5	39
4691.5	34
4692.5	45
4693.5	38
4694.5	36
4695.5	39
4696.5	37
4697.5	38
4698.5	37
4699.5	39
4700.5	39
4701.5	43
4702.5	44
4703.5	43
4704.5	44
4705.5	42
4706.5	46
4707.5	48
4708.5	49
4709.5	48
4710.5	50
4711.5	44
4712.5	48
4713.5	48
4714.5	44
4715.5	48
4716.5	44
4717.5	45
4718.5	40
4719.5	40
4720.5	41
4721.5	37
4722.5	39
4723.5	38
4724.5	37
4725.5	37
4726.5	35
4727.5	35
4728.5	33
4729.5	34
4730.5	33
4731.5	34
4732.5	33
4733.5	35
4734.5	34
4735.5	35
4736.5	33
4737.5	34
4738.5	33
4739.5	33
4740.5	35
4741.5	32
4742.5	34
4743.5	35
4744.5	33
4745.5	35
4746.5	34
4747.5	31
4748.5	33
4749.5	35
4750.5	30
4751.5	37
4752.5	33
4753.5	32
4754.5	35
4755.5	33
4756.5	34
4757.5	36
4758.5	34
4759.5	34
4760.5	32
4761.5	39
4762.5	36
4763.5	34
4764.5	33
4765.5	35
4766.5	33
4767.5	34
4768.5	35
4769.5	34
4770.5	35
4771.5	34
4772.5	34
4773.5	33
4774.5	32
4775.5	33
4776.5	33
4777.5	35
4778.5	35
4779.5	35
4780.5	35
4781.5	34
4782.5	34
4783.5	36
4784.5	33
4785.5	36
4786.5	35
4787.5	37
4788.5	37
4789.5	37
4790.5	34
4791.5	33
4792.5	34
4793.5	35
4794.5	33
4795.5	34
4796.5	36
4797.5	34
4798.5	33
4799.5	35
4800.5	33
4801.5	34
4802.5	34
4803.5	33
4804.5	38
4805.5	35
4806.5	38
4807.5	40
4808.5	38
4809.5	40
4810.5	39
4811.5	44
4812.5	40
4813.5	42
4814.5	43
4815.5	44
4816.5	43
4817.5	46
4818.5	49
4819.5	48
4820.5	51
4821.5	57
4822.5	59
4823.5	57
4824.5	59
4825.5	58
4826.5	58
4827.5	65
4828.5	63
4829.5	62
4830.5	56
4831.5	56
4832.5	58
4833.5	59
4834.5	56
4835.5	55
4836.5	49
4837.5	49
4838.5	46
4839.5	44
4840.5	43
4841.5	39
4842.5	39
4843.5	43
4844.5	36
4845.5	37
4846.5	34
4847.5	35
4848.5	35
4849.5	35
4850.5	33
4851.5	34
4852.5	34
4853.5	33
4854.5	35
4855.5	33
4856.5	34
4857.5	35
4858.5	34
4859.5	38
4860.5	32
4861.5	34
4862.5	32
4863.5	38
4864.5	35
4865.5	36
4866.5	35
4867.5	33
4868.5	35
4869.5	34
4870.5	32
4871.5	32
4872.5	35
4873.5	34
4874.5	32
4875.5	36
4876.5	34
4877.5	33
4878.5	36
4879.5	35
4880.5	36
4881.5	36
4882.5	33
4883.5	35
4884.5	37
4885.5	36
4886.5	36
4887.5	37
4888.5	34
4889.5	36
4890.5	36
4891.5	36
4892.5	35
4893.5	37
4894.5	38
4895.5	35
4896.5	33
4897.5	34
4898.5	36
4899.5	37
4900.5	39
4901.5	39
4902.5	40
4903.5	35
4904.5	44
4905.5	41
4906.5	38
4907.5	40
4908.5	42
4909.5	47
4910.5	43
4911.5	44
4912.5	43
4913.5	44
4914.5	45
4915.5	47
4916.5	45
4917.5	46
4918.5	49
4919.5	46
4920.5	44
4921.5	44
4922.5	42
4923.5	43
4924.5	42
4925.5	39
4926.5	38
4927.5	40
4928.5	40
4929.5	38
4930.5	34
4931.5	36
4932.5	38
4933.5	36
4934.5	34
4935.5	35
4936.5	35
4937.5	35
4938.5	35
4939.5	33
4940.5	37
4941.5	35
4942.5	35
4943.5	33
4944.5	32
4945.5	34
4946.5	36
4947.5	36
4948.5	33
4949.5	35
4950.5	37
4951.5	34
4952.5	36
4953.5	35
4954.5	37
4955.5	35
4956.5	40
4957.5	36
4958.5	37
4959.5	35
4960.5	40
4961.5	39
4962.5	39
4963.5	43
4964.5	44
4965.5	42
4966.5	44
4967.5	45
4968.5	45
4969.5	47
4970.5	55
4971.5	50
4972.5	56
4973.5	58
4974.5	60
4975.5	65
4976.5	67
4977.5	70
4978.5	76
4979.5	77
4980.5	80
4981.5	83
4982.5	85
4983.5	84
4984.5	82
4985.5	82
4986.5	81
4987.5	82
4988.5	80
4989.5	77
4990.5	77
4991.5	70
4992.5	65
4993.5	69
4994.5	56
4995.5	55
4996.5	54
4997.5	49
4998.5	49
4999.5	42
5000.5	39
5001.5	38
5002.5	38
5003.5	34
5004.5	35
5005.5	34
5006.5	41
5007.5	35
5008.5	36
5009.5	32
5010.5	35
5011.5	33
5012.5	34
5013.5	33
5014.5	35
5015.5	38
5016.5	36
5017.5	33
5018.5	38
5019.5	39
5020.5	36
5021.5	37
5022.5	33
5023.5	34
5024.5	36
5025.5	36
5026.5	35
5027.5	38
5028.5	34
5029.5	36
5030.5	35
5031.5	35
5032.5	32
5033.5	35
5034.5	35
5035.5	33
5036.5	34
5037.5	34
5038.5	34
5039.5	36
5040.5	36
5041.5	37
5042.5	36
5043.5	32
5044.5	35
5045.5	34
5046.5	34
5047.5	35
5048.5	35
5049.5	37
5050.5	35
5051.5	35
5052.5	38
5053.5	35
5054.5	36
5055.5	35
5056.5	38
5057.5	34
5058.5	33
5059.5	36
5060.5	35
5061.5	37
5062.5	36
5063.5	38
5064.5	33
5065.5	35
5066.5	36
5067.5	39
5068.5	38
5069.5	42
5070.5	41
5071.5	38
5072.5	43
5073.5	45
5074.5	42
5075.5	48
5076.5	48
5077.5	44
5078.5	48
5079.5	48
5080.5	55
5081.5	63
5082.5	61
5083.5	65
5084.5	70
5085.5	75
5086.5	76
5087.5	78
5088.5	78
5089.5	78
5090.5	88
5091.5	88
5092.5	90
5093.5	93
5094.5	91
5095.5	97
5096.5	85
5097.5	82
5098.5	81
5099.5	76
5100.5	75
5101.5	74
5102.5	69
5103.5	66
5104.5	64
5105.5	57
5106.5	58
5107.5	55
5108.5	55
5109.5	49
5110.5	48
5111.5	53
5112.5	51
5113.5	53
5114.5	56
5115.5	64
5116.5	64
5117.5	70
5118.5	76
5119.5	74
5120.5	87
5121.5	90
5122.5	103
5123.5	110
5124.5	122
5125.5	137
5126.5	153
5127.5	159
5128.5	176
5129.5	187
5130.5	192
5131.5	210
5132.5	216
5133.5	215
5134.5	226
5135.5	221
5136.5	227
5137.5	227
5138.5	218
5139.5	210
5140.5	194
5141.5	183
5142.5	165
5143.5	158
5144.5	140
5145.5	121
5146.5	108
5147.5	98
5148.5	83
5149.5	77
5150.5	66
5151.5	63
5152.5	49
5153.5	45
5154.5	40
5155.5	39
5156.5	39
5157.5	37
5158.5	35
5159.5	35
5160.5	35
5161.5	33
5162.5	38
5163.5	33
5164.5	34
5165.5	35
5166.5	36
5167.5	35
5168.5	34
5169.5	32
5170.5	33
5171.5	33
5172.5	37
5173.5	33
5174.5	34
5175.5	35
5176.5	34
5177.5	39
5178.5	41
5179.5	36
5180.5	35
5181.5	34
5182.5	37
5183.5	35
5184.5	33
5185.5	33
5186.5	35
5187.5	35
5188.5	37
5189.5	37
5190.5	34
5191.5	37
5192.5	36
5193.5	35
5194.5	35
5195.5	38
5196.5	33
5197.5	34
5198.5	36
5199.5	33
5200.5	33
5201.5	36
5202.5	32
5203.5	36
5204.5	34
5205.5	35
5206.5	35
5207.5	39
5208.5	35
5209.5	32
5210.5	34
5211.5	34
5212.5	35
5213.5	35
5214.5	36
5215.5	35
5216.5	37
5217.5	35
5218.5	36
5219.5	32
5220.5	38
5221.5	36
5222.5	35
5223.5	36
5224.5	34
5225.5	34
5226.5	32
5227.5	35
5228.5	34
5229.5	36
5230.5	34
5231.5	35
5232.5	35
5233.5	35
5234.5	33
5235.5	34
5236.5	33
5237.5	36
5238.5	37
5239.5	35
5240.5	33
5241.5	34
5242.5	34
5243.5	35
5244.5	34
5245.5	35
5246.5	36
5247.5	34
5248.5	34
5249.5	33
5250.5	35
5251.5	36
5252.5	37
5253.5	38
5254.5	31
5255.5	36
5256.5	35
5257.5	35
5258.5	37
5259.5	34
5260.5	35
5261.5	33
5262.5	35
5263.5	34
5264.5	35
5265.5	33
5266.5	33
5267.5	34
5268.5	33
5269.5	34
5270.5	35
5271.5	33
5272.5	33
5273.5	33
5274.5	33
5275.5	34
5276.5	34
5277.5	32
5278.5	34
5279.5	34
5280.5	35
5281.5	35
5282.5	33
5283.5	34
5284.5	32
5285.5	35
5286.5	34
5287.5	35
5288.5	35
5289.5	35
5290.5	32
5291.5	34
5292.5	36
5293.5	37
5294.5	35
5295.5	35
5296.5	39
5297.5	37
5298.5	33
5299.5	34
5300.5	33
5301.5	38
5302.5	35
5303.5	36
5304.5	37
5305.5	34
5306.5	33
5307.5	33
5308.5	33
5309.5	34
5310.5	35
5311.5	34
5312.5	34
5313.5	38
5314.5	34
5315.5	35
5316.5	37
5317.5	37
5318.5	34
5319.5	34
5320.5	31
5321.5	35
5322.5	37
5323.5	36
5324.5	38
5325.5	40
5326.5	35
5327.5	39
5328.5	39
5329.5	41
5330.5	40
5331.5	46
5332.5	42
5333.5	43
5334.5	48
5335.5	43
5336.5	50
5337.5	51
5338.5	50
5339.5	52
5340.5	56
5341.5	58
5342.5	62
5343.5	65
5344.5	68
5345.5	75
5346.5	85
5347.5	90
5348.5	94
5349.5	101
5350.5	113
5351.5	111
5352.5	118
5353.5	120
5354.5	133
5355.5	131
5356.5	136
5357.5	140
5358.5	132
5359.5	125
5360.5	127
5361.5	125
5362.5	113
5363.5	102
5364.5	98
5365.5	89
5366.5	88
5367.5	74
5368.5	69
5369.5	67
5370.5	57
5371.5	59
5372.5	49
5373.5	42
5374.5	41
5375.5	42
5376.5	37
5377.5	33
5378.5	36
5379.5	35
5380.5	33
5381.5	36
5382.5	36
5383.5	35
5384.5	38
5385.5	37
5386.5	38
5387.5	34
5388.5	38
5389.5	36
5390.5	39
5391.5	36
5392.5	38
5393.5	40
5394.5	42
5395.5	42
5396.5	43
5397.5	43
5398.5	41
5399.5	46
5400.5	42
5401.5	48
5402.5	49
5403.5	51
5404.5	50
5405.5	52
5406.5	54
5407.5	54
5408.5	54
5409.5	54
5410.5	55
5411.5	54
5412.5	54
5413.5	54
5414.5	50
5415.5	55
5416.5	50
5417.5	46
5418.5	44
5419.5	48
5420.5	44
5421.5	42
5422.5	41
5423.5	38
5424.5	40
5425.5	37
5426.5	36
5427.5	36
5428.5	36
5429.5	35
5430.5	35
5431.5	33
5432.5	34
5433.5	34
5434.5	33
5435.5	32
5436.5	34
5437.5	33
5438.5	36
5439.5	32
5440.5	35
5441.5	36
5442.5	35
5443.5	37
5444.5	32
5445.5	32
5446.5	35
5447.5	32
5448.5	34
5449.5	34
5450.5	34
5451.5	38
5452.5	34
5453.5	32
5454.5	36
5455.5	33
5456.5	32
5457.5	33
5458.5	33
5459.5	40
5460.5	35
5461.5	32
5462.5	34
5463.5	34
5464.5	35
5465.5	34
5466.5	35
5467.5	34
5468.5	34
5469.5	32
5470.5	32
5471.5	36
5472.5	34
5473.5	34
5474.5	36
5475.5	34
5476.5	33
5477.5	36
5478.5	37
5479.5	34
5480.5	37
5481.5	35
5482.5	34
5483.5	35
5484.5	33
5485.5	35
5486.5	34
5487.5	37
5488.5	35
5489.5	32
5490.5	36
5491.5	35
5492.5	36
5493.5	36
5494.5	34
5495.5	35
5496.5	35
5497.5	34
5498.5	34
5499.5	36
5500.5	35
5501.5	38
5502.5	33
5503.5	37
5504.5	32
5505.5	36
5506.5	35
5507.5	40
5508.5	34
5509.5	36
5510.5	36
5511.5	35
5512.5	37
5513.5	37
5514.5	40
5515.5	37
5516.5	36
5517.5	37
5518.5	39
5519.5	38
5520.5	38
5521.5	38
5522.5	40
5523.5	40
5524.5	42
5525.5	47
5526.5	42
5527.5	46
5528.5	45
5529.5	48
5530.5	50
5531.5	48
5532.5	54
5533.5	53
5534.5	56
5535.5	61
5536.5	61
5537.5	66
5538.5	64
5539.5	65
5540.5	65
5541.5	68
5542.5	67
5543.5	67
5544.5	70
5545.5	71
5546.5	66
5547.5	65
5548.5	64
5549.5	60
5550.5	55
5551.5	56
5552.5	51
5553.5	50
5554.5	48
5555.5	45
5556.5	41
5557.5	41
5558.5	36
5559.5	37
5560.5	36
5561.5	36
5562.5	32
5563.5	34
5564.5	36
5565.5	32
5566.5	31
5567.5	33
5568.5	33
5569.5	33
5570.5	35
5571.5	35
5572.5	33
5573.5	33
5574.5	35
5575.5	37
5576.5	33
5577.5	35
5578.5	34
5579.5	33
5580.5	32
5581.5	36
5582.5	35
5583.5	38
5584.5	35
5585.5	34
5586.5	32
5587.5	36
5588.5	32
5589.5	33
5590.5	36
5591.5	37
5592.5	34
5593.5	36
5594.5	34
5595.5	37
5596.5	35
5597.5	36
5598.5	32
5599.5	39
5600.5	35
5601.5	35
5602.5	35
5603.5	36
5604.5	34
5605.5	35
5606.5	33
5607.5	34
5608.5	32
5609.5	34
5610.5	34
5611.5	35
5612.5	35
5613.5	36
5614.5	39
5615.5	33
5616.5	35
5617.5	36
5618.5	36
5619.5	36
5620.5	34
5621.5	35
5622.5	34
5623.5	35
5624.5	36
5625.5	37
5626.5	36
5627.5	35
5628.5	34
5629.5	35
5630.5	33
5631.5	34
5632.5	38
5633.5	35
5634.5	32
5635.5	35
5636.5	35
5637.5	37
5638.5	33
5639.5	36
5640.5	35
5641.5	37
5642.5	32
5643.5	37
5644.5	35
5645.5	32
5646.5	36
5647.5	35
5648.5	35
5649.5	34
5650.5	35
5651.5	37
5652.5	34
5653.5	38
5654.5	35
5655.5	33
5656.5	36
5657.5	35
5658.5	36
5659.5	39
5660.5	35
5661.5	38
5662.5	36
5663.5	37
5664.5	35
5665.5	39
5666.5	41
5667.5	36
5668.5	37
5669.5	44
5670.5	38
5671.5	42
5672.5	42
5673.5	41
5674.5	42
5675.5	47
5676.5	50
5677.5	50
5678.5	49
5679.5	50
5680.5	54
5681.5	60
5682.5	59
5683.5	61
5684.5	64
5685.5	68
5686.5	73
5687.5	83
5688.5	87
5689.5	86
5690.5	90
5691.5	91
5692.5	96
5693.5	98
5694.5	101
5695.5	105
5696.5	105
5697.5	104
5698.5	101
5699.5	96
5700.5	96
5701.5	87
5702.5	85
5703.5	80
5704.5	81
5705.5	78
5706.5	69
5707.5	61
5708.5	59
5709.5	54
5710.5	43
5711.5	42
5712.5	40
5713.5	39
5714.5	38
5715.5	34
5716.5	32
5717.5	33
5718.5	32
5719.5	37
5720.5	34
5721.5	33
5722.5	34
5723.5	35
5724.5	34
5725.5	36
5726.5	34
5727.5	32
5728.5	32
5729.5	34
5730.5	34
5731.5	34
5732.5	35
5733.5	34
5734.5	32
5735.5	38
5736.5	34
5737.5	37
5738.5	38
5739.5	36
5740.5	36
5741.5	39
5742.5	37
5743.5	41
5744.5	38
5745.5	38
5746.5	36
5747.5	42
5748.5	41
5749.5	38
5750.5	42
5751.5	44
5752.5	48
5753.5	43
5754.5	46
5755.5	49
5756.5	55
5757.5	55
5758.5	57
5759.5	54
5760.5	62
5761.5	66
5762.5	70
5763.5	66
5764.5	70
5765.5	72
5766.5	72
5767.5	71
5768.5	70
5769.5	70
5770.5	75
5771.5	72
5772.5	69
5773.5	66
5774.5	67
5775.5	63
5776.5	60
5777.5	55
5778.5	55
5779.5	54
5780.5	50
5781.5	47
5782.5	46
5783.5	38
5784.5	39
5785.5	37
5786.5	33
5787.5	35
5788.5	35
5789.5	34
5790.5	32
5791.5	35
5792.5	35
5793.5	33
5794.5	30
5795.5	32
5796.5	32
5797.5	39
5798.5	34
5799.5	34
5800.5	33
5801.5	36
5802.5	35
5803.5	37
5804.5	33
5805.5	35
5806.5	33
5807.5	34
5808.5	32
5809.5	33
5810.5	35
5811.5	34
5812.5	39
5813.5	35
5814.5	34
5815.5	32
5816.5	32
5817.5	37
5818.5	34
5819.5	36
5820.5	32
5821.5	32
5822.5	32
5823.5	32
5824.5	33
5825.5	34
5826.5	34
5827.5	35
5828.5	35
5829.5	37
5830.5	34
5831.5	33
5832.5	34
5833.5	34
5834.5	35
5835.5	34
5836.5	35
5837.5	35
5838.5	35
5839.5	35
5840.5	33
5841.5	35
5842.5	35
5843.5	36
5844.5	35
5845.5	34
5846.5	36
5847.5	34
5848.5	35
5849.5	34
5850.5	35
5851.5	34
5852.5	35
5853.5	35
5854.5	33
5855.5	33
5856.5	35
5857.5	33
5858.5	35
5859.5	37
5860.5	34
5861.5	37
5862.5	34
5863.5	33
5864.5	33
5865.5	34
5866.5	35
5867.5	35
5868.5	33
5869.5	32
5870.5	32
5871.5	35
5872.5	35
5873.5	35
5874.5	34
5875.5	36
5876.5	31
5877.5	34
5878.5	36
5879.5	35
5880.5	34
5881.5	35
5882.5	32
5883.5	34
5884.5	38
5885.5	33
5886.5	33
5887.5	36
5888.5	32
5889.5	34
5890.5	33
5891.5	33
5892.5	33
5893.5	32
5894.5	34
5895.5	35
5896.5	32
5897.5	35
5898.5	33
5899.5	33
5900.5	34
5901.5	35
5902.5	32
5903.5	33
5904.5	33
5905.5	35
5906.5	36
5907.5	33
5908.5	36
5909.5	34
5910.5	32
5911.5	35
5912.5	33
5913.5	34
5914.5	34
5915.5	35
5916.5	32
5917.5	38
5918.5	36
5919.5	34
5920.5	33
5921.5	36
5922.5	33
5923.5	33
5924.5	36
5925.5	34
5926.5	36
5927.5	33
5928.5	36
5929.5	33
5930.5	34
5931.5	34
5932.5	36
5933.5	32
5934.5	33
5935.5	36
5936.5	35
5937.5	36
5938.5	37
5939.5	32
5940.5	32
5941.5	33
5942.5	27
5943.5	33
5944.5	34
5945.5	30
5946.5	37
5947.5	35
5948.5	33
5949.5	35
5950.5	36
5951.5	32
5952.5	38
5953.5	37
5954.5	33
5955.5	35
5956.5	35
5957.5	35
5958.5	34
5959.5	33
5960.5	33
5961.5	34
5962.5	35
5963.5	35
5964.5	33
5965.5	36
5966.5	35
5967.5	34
5968.5	33
5969.5	34
5970.5	34
5971.5	34
5972.5	34
5973.5	34
5974.5	36
5975.5	34
5976.5	35
5977.5	31
5978.5	34
5979.5	35
5980.5	37
5981.5	38
5982.5	34
5983.5	36
5984.5	34
5985.5	35
5986.5	37
5987.5	35
5988.5	35
5989.5	35
5990.5	34
5991.5	34
5992.5	36
5993.5	34
5994.5	33
5995.5	35
5996.5	32
5997.5	32
5998.5	35
5999.5	37
6000.5	34
6001.5	35
6002.5	34
6003.5	36
6004.5	34
6005.5	33
6006.5	38
6007.5	37
6008.5	35
6009.5	35
6010.5	35
6011.5	34
6012.5	33
6013.5	36
6014.5	35
6015.5	36
6016.5	34
6017.5	34
6018.5	35
6019.5	35
6020.5	33
6021.5	34
6022.5	33
6023.5	35
6024.5	34
6025.5	33
6026.5	37
6027.5	35
6028.5	37
6029.5	36
6030.5	34
6031.5	34
6032.5	34
6033.5	34
6034.5	36
6035.5	33
6036.5	33
6037.5	36
6038.5	36
6039.5	36
6040.5	33
6041.5	34
6042.5	34
6043.5	35
6044.5	36
6045.5	34
6046.5	34
6047.5	34
6048.5	34
6049.5	32
6050.5	34
6051.5	34
6052.5	33
6053.5	33
6054.5	35
6055.5	35
6056.5	32
6057.5	36
6058.5	33
6059.5	34
6060.5	35
6061.5	32
6062.5	33
6063.5	35
6064.5	36
6065.5	37
6066.5	35
6067.5	35
6068.5	35
6069.5	34
6070.5	31
6071.5	33
6072.5	34
6073.5	35
6074.5	34
6075.5	36
6076.5	36
6077.5	36
6078.5	41
6079.5	33
6080.5	32
6081.5	40
6082.5	35
6083.5	33
6084.5	37
6085.5	32
6086.5	35
6087.5	33
6088.5	33
6089.5	36
6090.5	36
6091.5	36
6092.5	34
6093.5	36
6094.5	35
6095.5	32
6096.5	35
6097.5	39
6098.5	36
6099.5	37
6100.5	36
6101.5	37
6102.5	37
6103.5	34
6104.5	38
6105.5	38
6106.5	35
6107.5	38
6108.5	34
6109.5	33
6110.5	39
6111.5	34
6112.5	38
6113.5	39
6114.5	40
6115.5	38
6116.5	38
6117.5	38
6118.5	37
6119.5	42
6120.5	40
6121.5	40
6122.5	42
6123.5	41
6124.5	43
6125.5	44
6126.5	51
6127.5	48
6128.5	50
6129.5	52
6130.5	57
6131.5	57
6132.5	60
6133.5	62
6134.5	66
6135.5	67
6136.5	72
6137.5	74
6138.5	72
6139.5	74
6140.5	74
6141.5	75
6142.5	77
6143.5	74
6144.5	70
6145.5	69
6146.5	67
6147.5	66
6148.5	59
6149.5	58
6150.5	56
6151.5	53
6152.5	48
6153.5	45
6154.5	43
6155.5	43
6156.5	44
6157.5	39
6158.5	39
6159.5	40
6160.5	36
6161.5	39
6162.5	35
6163.5	36
6164.5	37
6165.5	36
6166.5	34
6167.5	37
6168.5	33
6169.5	32
6170.5	37
6171.5	34
6172.5	36
6173.5	35
6174.5	35
6175.5	33
6176.5	35
6177.5	33
6178.5	37
6179.5	34
6180.5	34
6181.5	35
6182.5	30
6183.5	33
6184.5	36
6185.5	33
6186.5	35
6187.5	34
6188.5	32
6189.5	37
6190.5	33
6191.5	34
6192.5	32
6193.5	34
6194.5	31
6195.5	32
6196.5	36
6197.5	36
6198.5	32
6199.5	32
6200.5	33
6201.5	33
6202.5	32
6203.5	35
6204.5	35
6205.5	34
6206.5	37
6207.5	33
6208.5	32
6209.5	33
6210.5	35
6211.5	32
6212.5	33
6213.5	33
6214.5	32
6215.5	32
6216.5	32
6217.5	36
6218.5	36
6219.5	33
6220.5	33
6221.5	35
6222.5	35
6223.5	33
6224.5	32
6225.5	35
6226.5	34
6227.5	33
6228.5	33
6229.5	32
6230.5	34
6231.5	33
6232.5	33
6233.5	32
6234.5	34
6235.5	33
6236.5	33
6237.5	33
6238.5	37
6239.5	33
6240.5	35
6241.5	33
6242.5	36
6243.5	36
6244.5	33
6245.5	34
6246.5	35
6247.5	36
6248.5	34
6249.5	38
6250.5	34
6251.5	32
6252.5	36
6253.5	32
6254.5	33
6255.5	34
6256.5	33
6257.5	33
6258.5	32
6259.5	32
6260.5	32
6261.5	33
6262.5	36
6263.5	33
6264.5	35
6265.5	35
6266.5	32
6267.5	32
6268.5	33
6269.5	34
6270.5	33
6271.5	32
6272.5	33
6273.5	34
6274.5	35
6275.5	35
6276.5	34
6277.5	34
6278.5	35
6279.5	34
6280.5	33
6281.5	37
6282.5	34
6283.5	34
6284.5	33
6285.5	34
6286.5	34
6287.5	32
6288.5	36
6289.5	31
6290.5	36
6291.5	36
6292.5	34
6293.5	35
6294.5	32
6295.5	37
6296.5	33
6297.5	34
6298.5	36
6299.5	37
6300.5	37
6301.5	33
6302.5	34
6303.5	35
6304.5	35
6305.5	34
6306.5	33
6307.5	33
6308.5	32
6309.5	32
6310.5	33
6311.5	34
6312.5	35
6313.5	34
6314.5	33
6315.5	35
6316.5	35
6317.5	32
6318.5	38
6319.5	36
6320.5	32
6321.5	40
6322.5	33
6323.5	33
6324.5	33
6325.5	33
6326.5	31
6327.5	35
6328.5	33
6329.5	34
6330.5	35
6331.5	34
6332.5	34
6333.5	32
6334.5	33
6335.5	33
6336.5	34
6337.5	37
6338.5	33
6339.5	33
6340.5	36
6341.5	32
6342.5	35
6343.5	34
6344.5	32
6345.5	34
6346.5	32
6347.5	35
6348.5	33
6349.5	35
6350.5	34
6351.5	33
6352.5	34
6353.5	32
6354.5	34
6355.5	37
6356.5	35
6357.5	34
6358.5	34
6359.5	37
6360.5	35
6361.5	37
6362.5	40
6363.5	36
6364.5	34
6365.5	35
6366.5	35
6367.5	32
6368.5	31
6369.5	34
6370.5	33
6371.5	33
6372.5	34
6373.5	32
6374.5	33
6375.5	35
6376.5	34
6377.5	33
6378.5	33
6379.5	32
6380.5	35
6381.5	36
6382.5	35
6383.5	33
6384.5	34
6385.5	37
6386.5	34
6387.5	31
6388.5	33
6389.5	33
6390.5	32
6391.5	33
6392.5	32
6393.5	36
6394.5	36
6395.5	32
6396.5	34
6397.5	34
6398.5	33
6399.5	33
6400.5	35
6401.5	33
6402.5	34
6403.5	34
6404.5	37
6405.5	32
6406.5	34
6407.5	37
6408.5	33
6409.5	32
6410.5	36
6411.5	32
6412.5	35
6413.5	34
6414.5	35
6415.5	38
6416.5	33
6417.5	32
6418.5	35
6419.5	34
6420.5	33
6421.5	33
6422.5	35
6423.5	34
6424.5	36
6425.5	34
6426.5	33
6427.5	35
6428.5	34
6429.5	37
6430.5	33
6431.5	36
6432.5	32
6433.5	35
6434.5	32
6435.5	31
6436.5	32
6437.5	33
6438.5	35
6439.5	35
6440.5	33
6441.5	36
6442.5	36
6443.5	33
6444.5	34
6445.5	34
6446.5	35
6447.5	32
6448.5	32
6449.5	32
6450.5	34
6451.5	32
6452.5	35
6453.5	33
6454.5	32
6455.5	33
6456.5	33
6457.5	33
6458.5	37
6459.5	33
6460.5	32
6461.5	32
6462.5	34
6463.5	34
6464.5	32
6465.5	35
6466.5	34
6467.5	35
6468.5	33
6469.5	33
6470.5	32
6471.5	35
6472.5	31
6473.5	34
6474.5	32
6475.5	32
6476.5	34
6477.5	33
6478.5	35
6479.5	33
6480.5	32
6481.5	34
6482.5	34
6483.5	35
6484.5	34
6485.5	32
6486.5	35
6487.5	34
6488.5	37
6489.5	33
6490.5	35
6491.5	32
6492.5	34
6493.5	35
6494.5	35
6495.5	32
6496.5	33
6497.5	34
6498.5	31
6499.5	33
6500.5	31
6501.5	29
6502.5	36
6503.5	32
6504.5	35
6505.5	34
6506.5	35
6507.5	34
6508.5	34
6509.5	35
6510.5	35
6511.5	35
6512.5	35
6513.5	35
6514.5	35
6515.5	36
6516.5	34
6517.5	32
6518.5	32
6519.5	34
6520.5	32
6521.5	33
6522.5	33
6523.5	34
6524.5	34
6525.5	35
6526.5	36
6527.5	38
6528.5	32
6529.5	34
6530.5	36
6531.5	33
6532.5	37
6533.5	37
6534.5	32
6535.5	35
6536.5	33
6537.5	34
6538.5	33
6539.5	33
6540.5	34
6541.5	33
6542.5	33
6543.5	35
6544.5	33
6545.5	33
6546.5	36
6547.5	37
6548.5	33
6549.5	36
6550.5	33
6551.5	34
6552.5	31
6553.5	33
6554.5	34
6555.5	32
6556.5	35
6557.5	36
6558.5	35
6559.5	32
6560.5	39
6561.5	32
6562.5	38
6563.5	32
6564.5	35
6565.5	35
6566.5	34
6567.5	29
6568.5	36
6569.5	37
6570.5	32
6571.5	33
6572.5	33
6573.5	35
6574.5	33
6575.5	31
6576.5	34
6577.5	34
6578.5	34
6579.5	34
6580.5	35
6581.5	34
6582.5	35
6583.5	33
6584.5	32
6585.5	34
6586.5	33
6587.5	33
6588.5	34
6589.5	34
6590.5	35
6591.5	32
6592.5	33
6593.5	33
6594.5	33
6595.5	34
6596.5	34
6597.5	34
6598.5	32
6599.5	33
6600.5	32
6601.5	35
6602.5	33
6603.5	34
6604.5	33
6605.5	34
6606.5	34
6607.5	34
6608.5	38
6609.5	35
6610.5	32
6611.5	35
6612.5	33
6613.5	34
6614.5	36
6615.5	34
6616.5	33
6617.5	33
6618.5	32
6619.5	34
6620.5	35
6621.5	35
6622.5	30
6623.5	37
6624.5	34
6625.5	32
6626.5	33
6627.5	34
6628.5	33
6629.5	34
6630.5	35
6631.5	34
6632.5	36
6633.5	34
6634.5	35
6635.5	32
6636.5	34
6637.5	36
6638.5	33
6639.5	37
6640.5	38
6641.5	36
6642.5	36
6643.5	36
6644.5	36
6645.5	32
6646.5	33
6647.5	38
6648.5	34
6649.5	34
6650.5	32
6651.5	32
6652.5	34
6653.5	36
6654.5	33
6655.5	35
6656.5	35
6657.5	35
6658.5	33
6659.5	35
6660.5	32
6661.5	33
6662.5	34
6663.5	33
6664.5	34
6665.5	33
6666.5	33
6667.5	31
6668.5	35
6669.5	31
6670.5	35
6671.5	33
6672.5	33
6673.5	34
6674.5	34
6675.5	34
6676.5	32
6677.5	34
6678.5	31
6679.5	32
6680.5	32
6681.5	34
6682.5	34
6683.5	36
6684.5	34
6685.5	34
6686.5	34
6687.5	35
6688.5	34
6689.5	33
6690.5	36
6691.5	36
6692.5	34
6693.5	35
6694.5	29
6695.5	34
6696.5	34
6697.5	34
6698.5	34
6699.5	33
6700.5	33
6701.5	33
6702.5	34
6703.5	37
6704.5	35
6705.5	34
6706.5	41
6707.5	33
6708.5	34
6709.5	36
6710.5	35
6711.5	34
6712.5	35
6713.5	35
6714.5	32
6715.5	35
6716.5	33
6717.5	35
6718.5	34
6719.5	35
6720.5	33
6721.5	32
6722.5	33
6723.5	34
6724.5	35
6725.5	33
6726.5	35
6727.5	35
6728.5	32
6729.5	37
6730.5	34
6731.5	33
6732.5	36
6733.5	32
6734.5	33
6735.5	33
6736.5	34
6737.5	32
6738.5	35
6739.5	35
6740.5	36
6741.5	36
6742.5	35
6743.5	34
6744.5	30
6745.5	33
6746.5	33
6747.5	32
6748.5	32
6749.5	35
6750.5	35
6751.5	36
6752.5	33
6753.5	32
6754.5	35
6755.5	35
6756.5	33
6757.5	33
6758.5	32
6759.5	35
6760.5	33
6761.5	33
6762.5	32
6763.5	35
6764.5	34
6765.5	35
6766.5	35
6767.5	35
6768.5	33
6769.5	36
6770.5	38
6771.5	35
6772.5	34
6773.5	34
6774.5	34
6775.5	34
6776.5	34
6777.5	34
6778.5	32
6779.5	33
6780.5	37
6781.5	35
6782.5	36
6783.5	37
6784.5	34
6785.5	37
6786.5	34
6787.5	35
6788.5	33
6789.5	32
6790.5	30
6791.5	34
6792.5	33
6793.5	36
6794.5	32
6795.5	34
6796.5	32
6797.5	35
6798.5	33
6799.5	34
6800.5	36
6801.5	34
6802.5	32
6803.5	38
6804.5	37
6805.5	35
6806.5	32
6807.5	34
6808.5	32
6809.5	33
6810.5	34
6811.5	31
6812.5	33
6813.5	35
6814.5	33
6815.5	33
6816.5	32
6817.5	32
6818.5	32
6819.5	35
6820.5	35
6821.5	33
6822.5	34
6823.5	35
6824.5	34
6825.5	35
6826.5	33
6827.5	32
6828.5	34
6829.5	32
6830.5	36
6831.5	36
6832.5	35
6833.5	37
6834.5	33
6835.5	34
6836.5	34
6837.5	38
6838.5	34
6839.5	34
6840.5	33
6841.5	32
6842.5	34
6843.5	35
6844.5	35
6845.5	33
6846.5	34
6847.5	33
6848.5	34
6849.5	33
6850.5	36
6851.5	32
6852.5	33
6853.5	33
6854.5	34
6855.5	36
6856.5	31
6857.5	32
6858.5	33
6859.5	36
6860.5	35
6861.5	32
6862.5	34
6863.5	35
6864.5	34
6865.5	34
6866.5	34
6867.5	34
6868.5	35
6869.5	34
6870.5	34
6871.5	34
6872.5	32
6873.5	33
6874.5	36
6875.5	32
6876.5	32
6877.5	32
6878.5	34
6879.5	34
6880.5	33
6881.5	33
6882.5	32
6883.5	35
6884.5	32
6885.5	33
6886.5	35
6887.5	34
6888.5	32
6889.5	32
6890.5	35
6891.5	34
6892.5	34
6893.5	35
6894.5	35
6895.5	37
6896.5	35
6897.5	34
6898.5	32
6899.5	36
6900.5	33
6901.5	36
6902.5	34
6903.5	35
6904.5	31
6905.5	32
6906.5	32
6907.5	34
6908.5	36
6909.5	35
6910.5	35
6911.5	30
6912.5	32
6913.5	35
6914.5	31
6915.5	35
6916.5	36
6917.5	33
6918.5	37
6919.5	34
6920.5	34
6921.5	35
6922.5	35
6923.5	33
6924.5	32
6925.5	35
6926.5	38
6927.5	35
6928.5	36
6929.5	33
6930.5	35
6931.5	33
6932.5	31
6933.5	35
6934.5	34
6935.5	34
6936.5	33
6937.5	32
6938.5	35
6939.5	32
6940.5	34
6941.5	33
6942.5	32
6943.5	35
6944.5	36
6945.5	34
6946.5	34
6947.5	34
6948.5	34
6949.5	34
6950.5	35
6951.5	33
6952.5	33
6953.5	34
6954.5	32
6955.5	34
6956.5	35
6957.5	34
6958.5	37
6959.5	37
6960.5	33
6961.5	32
6962.5	34
6963.5	33
6964.5	35
6965.5	34
6966.5	33
6967.5	34
6968.5	33
6969.5	37
6970.5	36
6971.5	33
6972.5	35
6973.5	35
6974.5	38
6975.5	35
6976.5	33
6977.5	35
6978.5	34
6979.5	33
6980.5	35
6981.5	36
6982.5	36
6983.5	33
6984.5	38
6985.5	36
6986.5	33
6987.5	32
6988.5	35
6989.5	34
6990.5	36
6991.5	32
6992.5	39
6993.5	36
6994.5	33
6995.5	34
6996.5	33
6997.5	31
6998.5	33
6999.5	33
7000.5	34
7001.5	34
7002.5	34
7003.5	35
7004.5	33
7005.5	34
7006.5	33
7007.5	34
7008.5	35
7009.5	34
7010.5	38
7011.5	35
7012.5	34
7013.5	37
7014.5	34
7015.5	34
7016.5	34
7017.5	33
7018.5	37
7019.5	38
7020.5	34
7021.5	34
7022.5	36
7023.5	35
7024.5	35
7025.5	35
7026.5	34
7027.5	37
7028.5	33
7029.5	35
7030.5	31
7031.5	32
7032.5	36
7033.5	35
7034.5	37
7035.5	35
7036.5	33
7037.5	35
7038.5	32
7039.5	32
7040.5	32
7041.5	34
7042.5	34
7043.5	33
7044.5	36
7045.5	35
7046.5	37
7047.5	34
7048.5	33
7049.5	29
7050.5	36
7051.5	32
7052.5	36
7053.5	32
7054.5	34
7055.5	33
7056.5	33
7057.5	33
7058.5	34
7059.5	37
7060.5	36
7061.5	36
7062.5	34
7063.5	34
7064.5	34
7065.5	36
7066.5	32
7067.5	35
7068.5	32
7069.5	35
7070.5	36
7071.5	35
7072.5	33
7073.5	35
7074.5	35
7075.5	33
7076.5	34
7077.5	35
7078.5	35
7079.5	34
7080.5	35
7081.5	35
7082.5	35
7083.5	35
7084.5	34
7085.5	35
7086.5	31
7087.5	34
7088.5	32
7089.5	32
7090.5	35
7091.5	34
7092.5	32
7093.5	35
7094.5	34
7095.5	35
7096.5	32
7097.5	34
7098.5	35
7099.5	35
7100.5	35
7101.5	34
7102.5	35
7103.5	35
7104.5	34
7105.5	31
7106.5	33
7107.5	36
7108.5	34
7109.5	34
7110.5	34
7111.5	36
7112.5	34
7113.5	33
7114.5	34
7115.5	33
7116.5	32
7117.5	36
7118.5	34
7119.5	33
7120.5	34
7121.5	35
7122.5	34
7123.5	30
7124.5	35
7125.5	32
7126.5	32
7127.5	32
7128.5	35
7129.5	34
7130.5	35
7131.5	36
7132.5	33
7133.5	33
7134.5	33
7135.5	35
7136.5	33
7137.5	33
7138.5	34
7139.5	33
7140.5	34
7141.5	34
7142.5	33
7143.5	34
7144.5	34
7145.5	35
7146.5	37
7147.5	35
7148.5	33
7149.5	29
7150.5	34
7151.5	33
7152.5	35
7153.5	34
7154.5	33
7155.5	34
7156.5	33
7157.5	34
7158.5	32
7159.5	34
7160.5	34
7161.5	36
7162.5	33
7163.5	35
7164.5	34
7165.5	36
7166.5	33
7167.5	33
7168.5	34
7169.5	35
7170.5	36
7171.5	33
7172.5	34
7173.5	34
7174.5	32
7175.5	35
7176.5	32
7177.5	34
7178.5	33
7179.5	33
7180.5	35
7181.5	36
7182.5	34
7183.5	32
7184.5	33
7185.5	31
7186.5	35
7187.5	35
7188.5	35
7189.5	34
7190.5	37
7191.5	35
7192.5	36
7193.5	32
7194.5	34
7195.5	32
7196.5	33
7197.5	32
7198.5	33
7199.5	32
7200.5	35
7201.5	33
7202.5	32
7203.5	35
7204.5	32
7205.5	34
7206.5	33
7207.5	34
7208.5	33
7209.5	34
7210.5	33
7211.5	33
7212.5	37
7213.5	37
7214.5	33
7215.5	34
7216.5	36
7217.5	36
7218.5	31
7219.5	34
7220.5	33
7221.5	35
7222.5	36
7223.5	36
7224.5	33
7225.5	33
7226.5	33
7227.5	34
7228.5	33
7229.5	33
7230.5	34
7231.5	34
7232.5	34
7233.5	34
7234.5	33
7235.5	31
7236.5	34
7237.5	34
7238.5	31
7239.5	37
7240.5	34
7241.5	33
7242.5	35
7243.5	36
7244.5	33
7245.5	32
7246.5	34
7247.5	37
7248.5	34
7249.5	35
7250.5	33
7251.5	33
7252.5	35
7253.5	34
7254.5	34
7255.5	35
7256.5	34
7257.5	34
7258.5	33
7259.5	33
7260.5	34
7261.5	35
7262.5	36
7263.5	33
7264.5	34
7265.5	39
7266.5	33
7267.5	36
7268.5	33
7269.5	32
7270.5	33
7271.5	39
7272.5	33
7273.5	35
7274.5	31
7275.5	32
7276.5	33
7277.5	34
7278.5	37
7279.5	33
7280.5	32
7281.5	32
7282.5	32
7283.5	33
7284.5	32
7285.5	33
7286.5	33
7287.5	35
7288.5	33
7289.5	34
7290.5	32
7291.5	35
7292.5	34
7293.5	34
7294.5	32
7295.5	34
7296.5	35
7297.5	36
7298.5	34
7299.5	35
7300.5	34
7301.5	35
7302.5	33
7303.5	34
7304.5	33
7305.5	36
7306.5	33
7307.5	34
7308.5	34
7309.5	35
7310.5	38
7311.5	33
7312.5	32
7313.5	32
7314.5	35
7315.5	35
7316.5	35
7317.5	33
7318.5	33
7319.5	35
7320.5	34
7321.5	35
7322.5	33
7323.5	33
7324.5	33
7325.5	36
7326.5	35
7327.5	32
7328.5	36
7329.5	36
7330.5	33
7331.5	33
7332.5	37
7333.5	34
7334.5	32
7335.5	33
7336.5	33
7337.5	34
7338.5	35
7339.5	33
7340.5	33
7341.5	34
7342.5	34
7343.5	34
7344.5	34
7345.5	35
7346.5	36
7347.5	33
7348.5	33
7349.5	33
7350.5	37
7351.5	34
7352.5	33
7353.5	33
7354.5	35
7355.5	36
7356.5	34
7357.5	34
7358.5	34
7359.5	37
7360.5	33
7361.5	37
7362.5	33
7363.5	35
7364.5	36
7365.5	33
7366.5	35
7367.5	34
7368.5	35
7369.5	33
7370.5	33
7371.5	35
7372.5	36
7373.5	32
7374.5	34
7375.5	35
7376.5	34
7377.5	34
7378.5	34
7379.5	35
7380.5	32
7381.5	36
7382.5	34
7383.5	33
7384.5	35
7385.5	35
7386.5	36
7387.5	34
7388.5	35
7389.5	34
7390.5	32
7391.5	33
7392.5	34
7393.5	34
7394.5	35
7395.5	33
7396.5	33
7397.5	35
7398.5	36
7399.5	36
7400.5	32
7401.5	33
7402.5	34
7403.5	32
7404.5	33
7405.5	35
7406.5	32
7407.5	36
7408.5	33
7409.5	33
7410.5	32
7411.5	38
7412.5	35
7413.5	35
7414.5	33
7415.5	35
7416.5	32
7417.5	34
7418.5	36
7419.5	36
7420.5	34
7421.5	34
7422.5	34
7423.5	33
7424.5	33
7425.5	34
7426.5	34
7427.5	37
7428.5	32
7429.5	34
7430.5	35
7431.5	35
7432.5	35
7433.5	35
7434.5	33
7435.5	34
7436.5	35
7437.5	35
7438.5	33
7439.5	34
7440.5	35
7441.5	34
7442.5	33
7443.5	34
7444.5	37
7445.5	35
7446.5	33
7447.5	36
7448.5	34
7449.5	32
7450.5	35
7451.5	32
7452.5	33
7453.5	33
7454.5	34
7455.5	34
7456.5	32
7457.5	34
7458.5	35
7459.5	34
7460.5	29
7461.5	32
7462.5	33
7463.5	33
7464.5	34
7465.5	36
7466.5	35
7467.5	34
7468.5	33
7469.5	32
7470.5	36
7471.5	37
7472.5	34
7473.5	34
7474.5	33
7475.5	33
7476.5	32
7477.5	35
7478.5	35
7479.5	35
7480.5	35
7481.5	34
7482.5	34
7483.5	35
7484.5	34
7485.5	33
7486.5	32
7487.5	35
7488.5	32
7489.5	38
7490.5	34
7491.5	36
7492.5	35
7493.5	34
7494.5	33
7495.5	35
7496.5	32
7497.5	33
7498.5	33
7499.5	33
7500.5	34
7501.5	34
7502.5	31
7503.5	34
7504.5	34
7505.5	32
7506.5	33
7507.5	37
7508.5	34
7509.5	36
7510.5	33
7511.5	36
7512.5	33
7513.5	34
7514.5	38
7515.5	32
7516.5	35
7517.5	33
7518.5	35
7519.5	34
7520.5	33
7521.5	36
7522.5	32
7523.5	33
7524.5	32
7525.5	34
7526.5	32
7527.5	35
7528.5	33
7529.5	32
7530.5	35
7531.5	35
7532.5	33
7533.5	34
7534.5	37
7535.5	36
7536.5	33
7537.5	33
7538.5	33
7539.5	38
7540.5	32
7541.5	34
7542.5	34
7543.5	36
7544.5	32
7545.5	33
7546.5	32
7547.5	39
7548.5	32
7549.5	34
7550.5	34
7551.5	34
7552.5	36
7553.5	33
7554.5	36
7555.5	38
7556.5	35
7557.5	34
7558.5	32
7559.5	34
7560.5	37
7561.5	32
7562.5	33
7563.5	38
7564.5	34
7565.5	35
7566.5	39
7567.5	39
7568.5	34
7569.5	36
7570.5	35
7571.5	32
7572.5	36
7573.5	35
7574.5	36
7575.5	34
7576.5	36
7577.5	34
7578.5	33
7579.5	34
7580.5	37
7581.5	35
7582.5	35
7583.5	33
7584.5	34
7585.5	35
7586.5	33
7587.5	33
7588.5	37
7589.5	34
7590.5	35
7591.5	37
7592.5	32
7593.5	34
7594.5	32
7595.5	34
7596.5	38
7597.5	35
7598.5	34
7599.5	32
7600.5	35
7601.5	33
7602.5	34
7603.5	37
7604.5	33
7605.5	36
7606.5	36
7607.5	34
7608.5	36
7609.5	35
7610.5	34
7611.5	36
7612.5	31
7613.5	33
7614.5	33
7615.5	34
7616.5	32
7617.5	34
7618.5	35
7619.5	36
7620.5	32
7621.5	35
7622.5	35
7623.5	35
7624.5	34
7625.5	32
7626.5	32
7627.5	34
7628.5	34
7629.5	32
7630.5	38
7631.5	35
7632.5	33
7633.5	36
7634.5	33
7635.5	32
7636.5	33
7637.5	34
7638.5	34
7639.5	34
7640.5	33
7641.5	35
7642.5	35
7643.5	34
7644.5	33
7645.5	33
7646.5	33
7647.5	33
7648.5	35
7649.5	33
7650.5	32
7651.5	36
7652.5	34
7653.5	33
7654.5	34
7655.5	33
7656.5	33
7657.5	36
7658.5	35
7659.5	34
7660.5	31
7661.5	35
7662.5	34
7663.5	36
7664.5	32
7665.5	32
7666.5	34
7667.5	35
7668.5	35
7669.5	32
7670.5	35
7671.5	30
7672.5	33
7673.5	32
7674.5	38
7675.5	34
7676.5	33
7677.5	35
7678.5	31
7679.5	34
7680.5	35
7681.5	33
7682.5	32
7683.5	35
7684.5	33
7685.5	37
7686.5	35
7687.5	32
7688.5	34
7689.5	35
7690.5	37
7691.5	35
7692.5	35
7693.5	37
7694.5	34
7695.5	33
7696.5	35
7697.5	34
7698.5	33
7699.5	34
7700.5	33
7701.5	35
7702.5	35
7703.5	36
7704.5	33
7705.5	36
7706.5	33
7707.5	35
7708.5	34
7709.5	33
7710.5	34
7711.5	35
7712.5	32
7713.5	31
7714.5	32
7715.5	34
7716.5	34
7717.5	36
7718.5	35
7719.5	32
7720.5	35
7721.5	33
7722.5	33
7723.5	33
7724.5	33
7725.5	35
7726.5	32
7727.5	34
7728.5	34
7729.5	35
7730.5	36
7731.5	35
7732.5	35
7733.5	34
7734.5	32
7735.5	35
7736.5	35
7737.5	32
7738.5	37
7739.5	34
7740.5	32
7741.5	32
7742.5	32
7743.5	32
7744.5	35
7745.5	34
7746.5	33
7747.5	34
7748.5	30
7749.5	34
7750.5	32
7751.5	35
7752.5	29
7753.5	34
7754.5	34
7755.5	34
7756.5	36
7757.5	33
7758.5	36
7759.5	32
7760.5	34
7761.5	35
7762.5	31
7763.5	31
7764.5	32
7765.5	33
7766.5	32
7767.5	33
7768.5	36
7769.5	35
7770.5	33
7771.5	33
7772.5	36
7773.5	34
7774.5	32
7775.5	33
7776.5	32
7777.5	35
7778.5	34
7779.5	35
7780.5	33
7781.5	32
7782.5	33
7783.5	37
7784.5	33
7785.5	35
7786.5	34
7787.5	35
7788.5	33
7789.5	33
7790.5	35
7791.5	33
7792.5	36
7793.5	33
7794.5	33
7795.5	34
7796.5	34
7797.5	33
7798.5	34
7799.5	35
7800.5	34
7801.5	34
7802.5	35
7803.5	35
7804.5	33
7805.5	33
7806.5	35
7807.5	32
7808.5	34
7809.5	34
7810.5	34
7811.5	33
7812.5	35
7813.5	34
7814.5	35
7815.5	35
7816.5	31
7817.5	42
7818.5	32
7819.5	37
7820.5	32
7821.5	33
7822.5	34
7823.5	38
7824.5	34
7825.5	35
7826.5	33
7827.5	34
7828.5	33
7829.5	32
7830.5	35
7831.5	33
7832.5	36
7833.5	33
7834.5	33
7835.5	33
7836.5	36
7837.5	32
7838.5	33
7839.5	34
7840.5	35
7841.5	35
7842.5	34
7843.5	32
7844.5	34
7845.5	32
7846.5	33
7847.5	36
7848.5	33
7849.5	37
7850.5	34
7851.5	35
7852.5	33
7853.5	33
7854.5	33
7855.5	33
7856.5	32
7857.5	31
7858.5	32
7859.5	34
7860.5	32
7861.5	35
7862.5	33
7863.5	35
7864.5	34
7865.5	35
7866.5	35
7867.5	34
7868.5	33
7869.5	35
7870.5	35
7871.5	33
7872.5	33
7873.5	36
7874.5	33
7875.5	36
7876.5	32
7877.5	34
7878.5	33
7879.5	33
7880.5	32
7881.5	33
7882.5	35
7883.5	32
7884.5	30
7885.5	35
7886.5	32
7887.5	34
7888.5	35
7889.5	34
7890.5	32
7891.5	37
7892.5	32
7893.5	34
7894.5	33
7895.5	34
7896.5	33
7897.5	35
7898.5	30
7899.5	32
7900.5	36
7901.5	34
7902.5	34
7903.5	34
7904.5	34
7905.5	33
7906.5	35
7907.5	35
7908.5	35
7909.5	34
7910.5	33
7911.5	33
7912.5	36
7913.5	34
7914.5	31
7915.5	34
7916.5	33
7917.5	30
7918.5	31
7919.5	35
7920.5	33
7921.5	36
7922.5	37
7923.5	31
7924.5	33