0.5	35
1.5	34
2.5	34
3.5	37
4.5	35
5.5	38
6.5	34
7.5	35
8.5	36
9.5	37
10.5	38
11.5	38
12.5	40
13.5	35
14.5	40
15.5	35
16.5	40
17.5	39
18.5	37
19.5	38
20.5	36
21.5	38
22.5	36
23.5	36
24.5	33
25.5	36
26.5	36
27.5	38
28.5	36
29.5	36
30.5	37
31.5	33
32.5	37
33.5	39
34.5	32
35.5	36
36.5	40
37.5	37
38.5	38
39.5	36
40.5	35
41.5	32
42.5	33
43.5	36
44.5	35
45.5	35
46.5	39
47.5	35
48.5	36
49.5	33
50.5	35
51.5	35
52.5	35
53.5	38
54.5	35
55.5	33
56.5	36
57.5	38
58.5	36
59.5	33
60.5	33
61.5	36
62.5	37
63.5	35
64.5	36
65.5	39
66.5	36
67.5	33
68.5	33
69.5	36
70.5	34
71.5	34
72.5	37
73.5	38
74.5	35
75.5	34
76.5	36
77.5	33
78.5	34
79.5	34
80.5	33
81.5	34
82.5	35
83.5	35
84.5	37
85.5	34
86.5	37
87.5	35
88.5	35
89.5	34
90.5	36
91.5	35
92.5	36
93.5	36
94.5	37
95.5	36
96.5	35
97.5	35
98.5	36
99.5	35
100.5	36
101.5	35
102.5	35
103.5	37
104.5	36
105.5	36
106.5	33
107.5	40
108.5	33
109.5	38
110.5	32
111.5	40
112.5	36
113.5	35
114.5	35
115.5	36
116.5	37
117.5	34
118.5	35
119.5	36
120.5	37
121.5	38
122.5	37
123.5	36
124.5	35
125.5	39
126.5	36
127.5	37
128.5	37
129.5	34
130.5	34
131.5	35
132.5	33
133.5	34
134.5	38
135.5	33
136.5	35
137.5	37
138.5	36
139.5	37
140.5	38
141.5	35
142.5	36
143.5	40
144.5	36
145.5	39
146.5	33
147.5	38
148.5	35
149.5	34
150.5	36
151.5	32
152.5	36
153.5	34
154.5	34
155.5	33
156.5	34
157.5	38
158.5	36
159.5	37
160.5	36
161.5	33
162.5	34
163.5	35
164.5	36
165.5	34
166.5	37
167.5	37
168.5	36
169.5	36
170.5	32
171.5	34
172.5	36
173.5	35
174.5	33
175.5	40
176.5	33
177.5	36
178.5	38
179.5	37
180.5	33
181.5	35
182.5	33
183.5	35
184.5	34
185.5	36
186.5	35
187.5	35
188.5	37
189.5	37
190.5	36
191.5	36
192.5	37
193.5	35
194.5	40
195.5	35
196.5	35
197.5	35
198.5	36
199.5	34
200.5	34
201.5	34
202.5	33
203.5	39
204.5	34
205.5	35
206.5	34
207.5	35
208.5	36
209.5	35
210.5	34
211.5	39
212.5	35
213.5	37
214.5	34
215.5	37
216.5	33
217.5	37
218.5	36
219.5	38
220.5	33
221.5	35
222.5	34
223.5	38
224.5	32
225.5	37
226.5	33
227.5	36
228.5	34
229.5	35
230.5	36
231.5	35
232.5	37
233.5	36
234.5	34
235.5	35
236.5	36
237.5	35
238.5	32
239.5	37
240.5	34
241.5	37
242.5	34
243.5	34
244.5	34
245.5	37
246.5	36
247.5	35
248.5	35
249.5	34
250.5	33
251.5	36
252.5	34
253.5	37
254.5	36
255.5	36
256.5	35
257.5	33
258.5	36
259.5	35
260.5	33
261.5	36
262.5	35
263.5	33
264.5	33
265.5	35
266.5	34
267.5	35
268.5	33
269.5	34
270.5	34
271.5	34
272.5	37
273.5	33
274.5	37
275.5	35
276.5	37
277.5	34
278.5	33
279.5	35
280.5	36
281.5	37
282.5	34
283.5	33
284.5	34
285.5	37
286.5	35
287.5	34
288.5	35
289.5	39
290.5	32
291.5	38
292.5	35
293.5	36
294.5	35
295.5	35
296.5	34
297.5	35
298.5	35
299.5	37
300.5	37
301.5	36
302.5	35
303.5	35
304.5	33
305.5	35
306.5	35
307.5	37
308.5	34
309.5	38
310.5	33
311.5	37
312.5	33
313.5	36
314.5	35
315.5	35
316.5	34
317.5	36
318.5	35
319.5	37
320.5	38
321.5	35
322.5	36
323.5	37
324.5	37
325.5	33
326.5	35
327.5	35
328.5	37
329.5	35
330.5	33
331.5	35
332.5	35
333.5	36
334.5	37
335.5	34
336.5	34
337.5	33
338.5	36
339.5	34
340.5	34
341.5	34
342.5	33
343.5	33
344.5	33
345.5	33
346.5	35
347.5	35
348.5	37
349.5	33
350.5	35
351.5	33
352.5	37
353.5	34
354.5	35
355.5	34
356.5	36
357.5	35
358.5	35
359.5	33
360.5	34
361.5	34
362.5	36
363.5	32
364.5	34
365.5	37
366.5	34
367.5	36
368.5	35
369.5	38
370.5	34
371.5	39
372.5	34
373.5	35
374.5	34
375.5	36
376.5	35
377.5	34
378.5	34
379.5	34
380.5	35
381.5	35
382.5	35
383.5	35
384.5	37
385.5	35
386.5	35
387.5	36
388.5	35
389.5	35
390.5	33
391.5	33
392.5	34
393.5	34
394.5	33
395.5	34
396.5	36
397.5	36
398.5	35
399.5	36
400.5	37
401.5	36
402.5	33
403.5	33
404.5	34
405.5	39
406.5	34
407.5	35
408.5	37
409.5	34
410.5	32
411.5	34
412.5	32
413.5	33
414.5	35
415.5	32
416.5	37
417.5	34
418.5	36
419.5	33
420.5	35
421.5	34
422.5	36
423.5	35
424.5	35
425.5	37
426.5	33
427.5	35
428.5	35
429.5	34
430.5	33
431.5	34
432.5	34
433.5	35
434.5	35
435.5	35
436.5	36
437.5	34
438.5	34
439.5	33
440.5	32
441.5	34
442.5	35
443.5	34
444.5	37
445.5	33
446.5	35
447.5	32
448.5	33
449.5	35
450.5	34
451.5	38
452.5	34
453.5	36
454.5	37
455.5	37
456.5	35
457.5	36
458.5	34
459.5	35
460.5	33
461.5	36
462.5	34
463.5	36
464.5	33
465.5	33
466.5	35
467.5	45
468.5	34
469.5	34
470.5	33
471.5	33
472.5	33
473.5	37
474.5	34
475.5	36
476.5	34
477.5	32
478.5	35
479.5	36
480.5	34
481.5	35
482.5	34
483.5	36
484.5	34
485.5	32
486.5	34
487.5	31
488.5	34
489.5	36
490.5	34
491.5	37
492.5	37
493.5	35
494.5	33
495.5	35
496.5	34
497.5	34
498.5	35
499.5	37
500.5	35
501.5	36
502.5	34
503.5	35
504.5	36
505.5	33
506.5	33
507.5	33
508.5	34
509.5	33
510.5	36
511.5	35
512.5	33
513.5	35
514.5	36
515.5	34
516.5	34
517.5	36
518.5	35
519.5	33
520.5	29
521.5	33
522.5	35
523.5	36
524.5	28
525.5	35
526.5	35
527.5	35
528.5	34
529.5	35
530.5	34
531.5	36
532.5	34
533.5	33
534.5	33
535.5	33
536.5	35
537.5	34
538.5	34
539.5	33
540.5	36
541.5	36
542.5	34
543.5	34
544.5	33
545.5	33
546.5	33
547.5	38
548.5	35
549.5	32
550.5	35
551.5	34
552.5	33
553.5	37
554.5	33
555.5	33
556.5	37
557.5	36
558.5	35
559.5	38
560.5	34
561.5	35
562.5	34
563.5	34
564.5	36
565.5	33
566.5	36
567.5	36
568.5	36
569.5	35
570.5	30
571.5	35
572.5	35
573.5	34
574.5	33
575.5	34
576.5	35
577.5	34
578.5	32
579.5	36
580.5	34
581.5	34
582.5	32
583.5	34
584.5	34
585.5	35
586.5	32
587.5	32
588.5	36
589.5	34
590.5	34
591.5	37
592.5	35
593.5	39
594.5	36
595.5	34
596.5	32
597.5	35
598.5	33
599.5	33
600.5	34
601.5	37
602.5	34
603.5	34
604.5	35
605.5	33
606.5	35
607.5	35
608.5	35
609.5	34
610.5	34
611.5	34
612.5	35
613.5	35
614.5	34
615.5	35
616.5	35
617.5	35
618.5	33
619.5	32
620.5	35
621.5	32
622.5	33
623.5	32
624.5	35
625.5	34
626.5	37
627.5	36
628.5	32
629.5	35
630.5	36
631.5	33
632.5	34
633.5	34
634.5	32
635.5	33
636.5	32
637.5	37
638.5	35
639.5	33
640.5	35
641.5	32
642.5	33
643.5	32
644.5	32
645.5	32
646.5	37
647.5	35
648.5	30
649.5	33
650.5	36
651.5	37
652.5	34
653.5	36
654.5	36
655.5	35
656.5	32
657.5	34
658.5	32
659.5	39
660.5	32
661.5	36
662.5	33
663.5	34
664.5	32
665.5	36
666.5	32
667.5	36
668.5	32
669.5	34
670.5	33
671.5	35
672.5	35
673.5	36
674.5	35
675.5	37
676.5	34
677.5	35
678.5	32
679.5	36
680.5	35
681.5	38
682.5	35
683.5	33
684.5	34
685.5	35
686.5	34
687.5	35
688.5	36
689.5	35
690.5	33
691.5	34
692.5	35
693.5	35
694.5	30
695.5	32
696.5	36
697.5	32
698.5	36
699.5	32
700.5	33
701.5	35
702.5	34
703.5	35
704.5	35
705.5	35
706.5	35
707.5	33
708.5	34
709.5	35
710.5	35
711.5	35
712.5	33
713.5	32
714.5	34
715.5	35
716.5	35
717.5	32
718.5	34
719.5	34
720.5	34
721.5	34
722.5	34
723.5	33
724.5	36
725.5	35
726.5	35
727.5	30
728.5	35
729.5	34
730.5	33
731.5	34
732.5	27
733.5	36
734.5	32
735.5	35
736.5	36
737.5	34
738.5	29
739.5	37
740.5	32
741.5	32
742.5	35
743.5	34
744.5	32
745.5	36
746.5	35
747.5	35
748.5	37
749.5	35
750.5	34
751.5	32
752.5	32
753.5	37
754.5	34
755.5	33
756.5	46
757.5	34
758.5	34
759.5	33
760.5	32
761.5	36
762.5	36
763.5	36
764.5	34
765.5	35
766.5	33
767.5	33
768.5	32
769.5	35
770.5	33
771.5	33
772.5	35
773.5	33
774.5	32
775.5	34
776.5	32
777.5	34
778.5	33
779.5	33
780.5	34
781.5	32
782.5	32
783.5	34
784.5	34
785.5	33
786.5	33
787.5	35
788.5	34
789.5	30
790.5	33
791.5	34
792.5	36
793.5	32
794.5	32
795.5	32
796.5	32
797.5	31
798.5	37
799.5	36
800.5	35
801.5	33
802.5	33
803.5	34
804.5	33
805.5	37
806.5	34
807.5	35
808.5	35
809.5	35
810.5	33
811.5	35
812.5	36
813.5	34
814.5	35
815.5	36
816.5	35
817.5	33
818.5	36
819.5	34
820.5	37
821.5	33
822.5	34
823.5	38
824.5	35
825.5	35
826.5	33
827.5	33
828.5	34
829.5	35
830.5	35
831.5	36
832.5	31
833.5	34
834.5	36
835.5	36
836.5	31
837.5	35
838.5	33
839.5	32
840.5	38
841.5	32
842.5	36
843.5	31
844.5	37
845.5	35
846.5	35
847.5	33
848.5	36
849.5	34
850.5	35
851.5	35
852.5	36
853.5	35
854.5	36
855.5	33
856.5	34
857.5	35
858.5	33
859.5	34
860.5	34
861.5	35
862.5	36
863.5	33
864.5	35
865.5	37
866.5	34
867.5	34
868.5	37
869.5	32
870.5	31
871.5	25
872.5	32
873.5	33
874.5	35
875.5	32
876.5	34
877.5	36
878.5	33
879.5	32
880.5	34
881.5	34
882.5	35
883.5	32
884.5	35
885.5	35
886.5	30
887.5	33
888.5	33
889.5	34
890.5	35
891.5	34
892.5	33
893.5	34
894.5	32
895.5	33
896.5	35
897.5	34
898.5	35
899.5	32
900.5	36
901.5	32
902.5	34
903.5	33
904.5	33
905.5	34
906.5	33
907.5	36
908.5	36
909.5	32
910.5	33
911.5	37
912.5	35
913.5	37
914.5	34
915.5	36
916.5	39
917.5	34
918.5	35
919.5	38
920.5	33
921.5	33
922.5	37
923.5	34
924.5	32
925.5	35
926.5	34
927.5	34
928.5	34
929.5	35
930.5	33
931.5	34
932.5	34
933.5	33
934.5	35
935.5	34
936.5	35
937.5	37
938.5	35
939.5	33
940.5	32
941.5	34
942.5	34
943.5	35
944.5	35
945.5	33
946.5	33
947.5	37
948.5	37
949.5	36
950.5	34
951.5	35
952.5	35
953.5	36
954.5	35
955.5	40
956.5	34
957.5	34
958.5	35
959.5	33
960.5	34
961.5	34
962.5	37
963.5	35
964.5	32
965.5	36
966.5	35
967.5	35
968.5	35
969.5	33
970.5	35
971.5	34
972.5	35
973.5	33
974.5	37
975.5	33
976.5	36
977.5	35
978.5	38
979.5	34
980.5	33
981.5	37
982.5	33
983.5	37
984.5	33
985.5	36
986.5	32
987.5	33
988.5	37
989.5	34
990.5	37
991.5	32
992.5	37
993.5	35
994.5	34
995.5	33
996.5	35
997.5	34
998.5	34
999.5	36
1000.5	35
1001.5	35
1002.5	33
1003.5	34
1004.5	36
1005.5	33
1006.5	38
1007.5	37
1008.5	35
1009.5	33
1010.5	37
1011.5	34
1012.5	36
1013.5	35
1014.5	32
1015.5	33
1016.5	35
1017.5	35
1018.5	37
1019.5	34
1020.5	33
1021.5	36
1022.5	34
1023.5	30
1024.5	38
1025.5	34
1026.5	34
1027.5	37
1028.5	38
1029.5	35
1030.5	36
1031.5	36
1032.5	35
1033.5	35
1034.5	35
1035.5	33
1036.5	34
1037.5	36
1038.5	34
1039.5	34
1040.5	34
1041.5	36
1042.5	36
1043.5	33
1044.5	35
1045.5	31
1046.5	34
1047.5	37
1048.5	32
1049.5	35
1050.5	34
1051.5	35
1052.5	39
1053.5	33
1054.5	33
1055.5	34
1056.5	35
1057.5	35
1058.5	35
1059.5	33
1060.5	37
1061.5	33
1062.5	34
1063.5	35
1064.5	33
1065.5	34
1066.5	34
1067.5	36
1068.5	34
1069.5	38
1070.5	36
1071.5	32
1072.5	35
1073.5	33
1074.5	32
1075.5	32
1076.5	35
1077.5	38
1078.5	35
1079.5	29
1080.5	32
1081.5	33
1082.5	34
1083.5	34
1084.5	35
1085.5	33
1086.5	35
1087.5	34
1088.5	34
1089.5	34
1090.5	34
1091.5	34
1092.5	36
1093.5	35
1094.5	34
1095.5	35
1096.5	34
1097.5	33
1098.5	36
1099.5	34
1100.5	33
1101.5	34
1102.5	34
1103.5	32
1104.5	37
1105.5	35
1106.5	32
1107.5	35
1108.5	34
1109.5	33
1110.5	32
1111.5	34
1112.5	34
1113.5	33
1114.5	33
1115.5	34
1116.5	37
1117.5	35
1118.5	33
1119.5	33
1120.5	37
1121.5	32
1122.5	37
1123.5	35
1124.5	34
1125.5	39
1126.5	33
1127.5	33
1128.5	35
1129.5	30
1130.5	35
1131.5	34
1132.5	35
1133.5	33
1134.5	34
1135.5	32
1136.5	35
1137.5	33
1138.5	34
1139.5	32
1140.5	31
1141.5	34
1142.5	35
1143.5	33
1144.5	38
1145.5	34
1146.5	33
1147.5	35
1148.5	32
1149.5	40
1150.5	35
1151.5	33
1152.5	32
1153.5	35
1154.5	36
1155.5	37
1156.5	34
1157.5	35
1158.5	34
1159.5	34
1160.5	35
1161.5	34
1162.5	37
1163.5	38
1164.5	34
1165.5	35
1166.5	35
1167.5	36
1168.5	36
1169.5	36
1170.5	35
1171.5	35
1172.5	32
1173.5	34
1174.5	32
1175.5	36
1176.5	33
1177.5	34
1178.5	38
1179.5	36
1180.5	33
1181.5	35
1182.5	30
1183.5	32
1184.5	34
1185.5	34
1186.5	29
1187.5	34
1188.5	32
1189.5	33
1190.5	32
1191.5	33
1192.5	35
1193.5	35
1194.5	32
1195.5	35
1196.5	35
1197.5	36
1198.5	35
1199.5	33
1200.5	34
1201.5	35
1202.5	33
1203.5	35
1204.5	31
1205.5	35
1206.5	32
1207.5	35
1208.5	34
1209.5	32
1210.5	38
1211.5	35
1212.5	35
1213.5	34
1214.5	34
1215.5	32
1216.5	33
1217.5	32
1218.5	35
1219.5	34
1220.5	36
1221.5	37
1222.5	34
1223.5	34
1224.5	35
1225.5	34
1226.5	34
1227.5	34
1228.5	33
1229.5	37
1230.5	34
1231.5	32
1232.5	34
1233.5	32
1234.5	33
1235.5	33
1236.5	34
1237.5	35
1238.5	33
1239.5	38
1240.5	33
1241.5	34
1242.5	34
1243.5	34
1244.5	35
1245.5	35
1246.5	33
1247.5	37
1248.5	35
1249.5	32
1250.5	32
1251.5	29
1252.5	35
1253.5	35
1254.5	33
1255.5	34
1256.5	35
1257.5	33
1258.5	35
1259.5	35
1260.5	34
1261.5	32
1262.5	37
1263.5	33
1264.5	34
1265.5	36
1266.5	33
1267.5	34
1268.5	37
1269.5	33
1270.5	35
1271.5	34
1272.5	34
1273.5	35
1274.5	33
1275.5	33
1276.5	37
1277.5	35
1278.5	33
1279.5	33
1280.5	33
1281.5	33
1282.5	33
1283.5	34
1284.5	33
1285.5	34
1286.5	35
1287.5	33
1288.5	34
1289.5	35
1290.5	33
1291.5	35
1292.5	36
1293.5	35
1294.5	35
1295.5	32
1296.5	32
1297.5	36
1298.5	32
1299.5	33
1300.5	37
1301.5	35
1302.5	35
1303.5	35
1304.5	32
1305.5	38
1306.5	38
1307.5	34
1308.5	33
1309.5	33
1310.5	33
1311.5	36
1312.5	36
1313.5	34
1314.5	32
1315.5	33
1316.5	36
1317.5	32
1318.5	35
1319.5	35
1320.5	35
1321.5	35
1322.5	34
1323.5	36
1324.5	33
1325.5	34
1326.5	32
1327.5	35
1328.5	35
1329.5	35
1330.5	34
1331.5	34
1332.5	35
1333.5	34
1334.5	33
1335.5	37
1336.5	35
1337.5	32
1338.5	37
1339.5	33
1340.5	36
1341.5	32
1342.5	35
1343.5	34
1344.5	33
1345.5	34
1346.5	33
1347.5	35
1348.5	34
1349.5	34
1350.5	32
1351.5	37
1352.5	34
1353.5	34
1354.5	34
1355.5	34
1356.5	34
1357.5	38
1358.5	33
1359.5	35
1360.5	34
1361.5	33
1362.5	34
1363.5	35
1364.5	34
1365.5	33
1366.5	37
1367.5	34
1368.5	33
1369.5	34
1370.5	35
1371.5	36
1372.5	36
1373.5	33
1374.5	34
1375.5	37
1376.5	33
1377.5	34
1378.5	34
1379.5	36
1380.5	35
1381.5	34
1382.5	34
1383.5	36
1384.5	34
1385.5	32
1386.5	36
1387.5	33
1388.5	33
1389.5	32
1390.5	34
1391.5	36
1392.5	33
1393.5	33
1394.5	36
1395.5	37
1396.5	33
1397.5	35
1398.5	36
1399.5	31
1400.5	34
1401.5	34
1402.5	35
1403.5	34
1404.5	33
1405.5	37
1406.5	33
1407.5	36
1408.5	34
1409.5	35
1410.5	33
1411.5	36
1412.5	33
1413.5	32
1414.5	34
1415.5	35
1416.5	33
1417.5	35
1418.5	32
1419.5	35
1420.5	35
1421.5	35
1422.5	35
1423.5	32
1424.5	36
1425.5	33
1426.5	34
1427.5	36
1428.5	32
1429.5	33
1430.5	33
1431.5	34
1432.5	33
1433.5	33
1434.5	36
1435.5	30
1436.5	35
1437.5	35
1438.5	34
1439.5	34
1440.5	33
1441.5	36
1442.5	33
1443.5	33
1444.5	33
1445.5	38
1446.5	35
1447.5	34
1448.5	35
1449.5	33
1450.5	32
1451.5	34
1452.5	34
1453.5	35
1454.5	38
1455.5	34
1456.5	40
1457.5	33
1458.5	33
1459.5	36
1460.5	35
1461.5	34
1462.5	36
1463.5	34
1464.5	33
1465.5	38
1466.5	35
1467.5	35
1468.5	34
1469.5	35
1470.5	33
1471.5	34
1472.5	36
1473.5	33
1474.5	35
1475.5	36
1476.5	32
1477.5	34
1478.5	35
1479.5	32
1480.5	33
1481.5	33
1482.5	33
1483.5	36
1484.5	32
1485.5	35
1486.5	33
1487.5	33
1488.5	33
1489.5	35
1490.5	34
1491.5	35
1492.5	33
1493.5	32
1494.5	34
1495.5	33
1496.5	39
1497.5	34
1498.5	33
1499.5	35
1500.5	32
1501.5	34
1502.5	35
1503.5	35
1504.5	32
1505.5	35
1506.5	34
1507.5	34
1508.5	32
1509.5	36
1510.5	34
1511.5	32
1512.5	34
1513.5	35
1514.5	33
1515.5	38
1516.5	36
1517.5	38
1518.5	34
1519.5	35
1520.5	32
1521.5	35
1522.5	32
1523.5	36
1524.5	34
1525.5	34
1526.5	34
1527.5	34
1528.5	35
1529.5	33
1530.5	35
1531.5	34
1532.5	36
1533.5	33
1534.5	39
1535.5	35
1536.5	34
1537.5	36
1538.5	33
1539.5	32
1540.5	35
1541.5	33
1542.5	34
1543.5	36
1544.5	33
1545.5	35
1546.5	38
1547.5	35
1548.5	32
1549.5	32
1550.5	37
1551.5	33
1552.5	34
1553.5	35
1554.5	33
1555.5	34
1556.5	35
1557.5	34
1558.5	34
1559.5	34
1560.5	29
1561.5	35
1562.5	30
1563.5	33
1564.5	34
1565.5	36
1566.5	32
1567.5	34
1568.5	34
1569.5	34
1570.5	32
1571.5	35
1572.5	35
1573.5	33
1574.5	33
1575.5	33
1576.5	35
1577.5	37
1578.5	38
1579.5	35
1580.5	34
1581.5	34
1582.5	32
1583.5	34
1584.5	33
1585.5	33
1586.5	32
1587.5	35
1588.5	32
1589.5	35
1590.5	33
1591.5	35
1592.5	34
1593.5	34
1594.5	35
1595.5	30
1596.5	33
1597.5	32
1598.5	35
1599.5	36
1600.5	32
1601.5	32
1602.5	37
1603.5	34
1604.5	35
1605.5	34
1606.5	34
1607.5	35
1608.5	34
1609.5	34
1610.5	33
1611.5	37
1612.5	33
1613.5	34
1614.5	32
1615.5	33
1616.5	33
1617.5	32
1618.5	34
1619.5	32
1620.5	36
1621.5	32
1622.5	36
1623.5	33
1624.5	33
1625.5	36
1626.5	31
1627.5	33
1628.5	32
1629.5	35
1630.5	33
1631.5	34
1632.5	31
1633.5	35
1634.5	31
1635.5	37
1636.5	34
1637.5	32
1638.5	36
1639.5	32
1640.5	31
1641.5	35
1642.5	31
1643.5	36
1644.5	38
1645.5	35
1646.5	33
1647.5	32
1648.5	35
1649.5	37
1650.5	30
1651.5	34
1652.5	34
1653.5	36
1654.5	31
1655.5	34
1656.5	30
1657.5	38
1658.5	32
1659.5	33
1660.5	33
1661.5	33
1662.5	33
1663.5	33
1664.5	33
1665.5	34
1666.5	34
1667.5	33
1668.5	35
1669.5	32
1670.5	32
1671.5	34
1672.5	35
1673.5	36
1674.5	32
1675.5	33
1676.5	36
1677.5	32
1678.5	35
1679.5	33
1680.5	34
1681.5	33
1682.5	36
1683.5	33
1684.5	33
1685.5	32
1686.5	34
1687.5	34
1688.5	36
1689.5	34
1690.5	34
1691.5	35
1692.5	32
1693.5	34
1694.5	34
1695.5	34
1696.5	35
1697.5	36
1698.5	35
1699.5	35
1700.5	33
1701.5	38
1702.5	33
1703.5	35
1704.5	35
1705.5	38
1706.5	35
1707.5	35
1708.5	33
1709.5	38
1710.5	32
1711.5	34
1712.5	33
1713.5	32
1714.5	35
1715.5	33
1716.5	34
1717.5	33
1718.5	32
1719.5	31
1720.5	37
1721.5	33
1722.5	35
1723.5	34
1724.5	33
1725.5	33
1726.5	34
1727.5	36
1728.5	33
1729.5	35
1730.5	34
1731.5	36
1732.5	35
1733.5	37
1734.5	34
1735.5	35
1736.5	35
1737.5	36
1738.5	33
1739.5	33
1740.5	32
1741.5	33
1742.5	34
1743.5	36
1744.5	33
1745.5	36
1746.5	38
1747.5	34
1748.5	35
1749.5	34
1750.5	34
1751.5	35
1752.5	35
1753.5	36
1754.5	33
1755.5	36
1756.5	34
1757.5	34
1758.5	34
1759.5	35
1760.5	34
1761.5	31
1762.5	32
1763.5	35
1764.5	36
1765.5	33
1766.5	32
1767.5	35
1768.5	32
1769.5	36
1770.5	35
1771.5	33
1772.5	34
1773.5	34
1774.5	32
1775.5	32
1776.5	34
1777.5	35
1778.5	33
1779.5	37
1780.5	33
1781.5	33
1782.5	32
1783.5	34
1784.5	35
1785.5	32
1786.5	33
1787.5	33
1788.5	36
1789.5	36
1790.5	35
1791.5	36
1792.5	34
1793.5	33
1794.5	35
1795.5	33
1796.5	35
1797.5	35
1798.5	32
1799.5	33
1800.5	32
1801.5	34
1802.5	33
1803.5	37
1804.5	33
1805.5	35
1806.5	32
1807.5	33
1808.5	34
1809.5	32
1810.5	33
1811.5	33
1812.5	37
1813.5	35
1814.5	33
1815.5	32
1816.5	32
1817.5	32
1818.5	34
1819.5	34
1820.5	35
1821.5	33
1822.5	32
1823.5	33
1824.5	39
1825.5	35
1826.5	34
1827.5	34
1828.5	33
1829.5	40
1830.5	35
1831.5	37
1832.5	33
1833.5	32
1834.5	39
1835.5	36
1836.5	34
1837.5	32
1838.5	33
1839.5	34
1840.5	32
1841.5	32
1842.5	35
1843.5	32
1844.5	38
1845.5	34
1846.5	36
1847.5	33
1848.5	34
1849.5	35
1850.5	35
1851.5	34
1852.5	32
1853.5	35
1854.5	34
1855.5	34
1856.5	34
1857.5	34
1858.5	32
1859.5	36
1860.5	33
1861.5	35
1862.5	32
1863.5	32
1864.5	33
1865.5	37
1866.5	33
1867.5	35
1868.5	36
1869.5	33
1870.5	37
1871.5	34
1872.5	34
1873.5	33
1874.5	34
1875.5	31
1876.5	33
1877.5	33
1878.5	33
1879.5	32
1880.5	36
1881.5	35
1882.5	34
1883.5	34
1884.5	35
1885.5	35
1886.5	34
1887.5	34
1888.5	33
1889.5	33
1890.5	33
1891.5	35
1892.5	33
1893.5	35
1894.5	35
1895.5	33
1896.5	34
1897.5	33
1898.5	34
1899.5	32
1900.5	32
1901.5	34
1902.5	36
1903.5	32
1904.5	35
1905.5	34
1906.5	34
1907.5	34
1908.5	35
1909.5	33
1910.5	33
1911.5	33
1912.5	33
1913.5	32
1914.5	32
1915.5	38
1916.5	34
1917.5	34
1918.5	35
1919.5	33
1920.5	33
1921.5	36
1922.5	36
1923.5	35
1924.5	35
1925.5	33
1926.5	34
1927.5	35
1928.5	35
1929.5	34
1930.5	34
1931.5	35
1932.5	34
1933.5	35
1934.5	35
1935.5	34
1936.5	35
1937.5	35
1938.5	35
1939.5	36
1940.5	34
1941.5	32
1942.5	37
1943.5	35
1944.5	35
1945.5	34
1946.5	35
1947.5	37
1948.5	32
1949.5	34
1950.5	34
1951.5	34
1952.5	35
1953.5	36
1954.5	35
1955.5	35
1956.5	33
1957.5	32
1958.5	34
1959.5	35
1960.5	32
1961.5	36
1962.5	36
1963.5	34
1964.5	33
1965.5	34
1966.5	38
1967.5	35
1968.5	33
1969.5	33
1970.5	35
1971.5	34
1972.5	37
1973.5	37
1974.5	34
1975.5	35
1976.5	35
1977.5	32
1978.5	33
1979.5	27
1980.5	35
1981.5	35
1982.5	34
1983.5	36
1984.5	36
1985.5	33
1986.5	33
1987.5	37
1988.5	34
1989.5	35
1990.5	34
1991.5	33
1992.5	35
1993.5	33
1994.5	36
1995.5	34
1996.5	36
1997.5	34
1998.5	33
1999.5	33
2000.5	35
2001.5	35
2002.5	35
2003.5	32
2004.5	34
2005.5	33
2006.5	34
2007.5	34
2008.5	34
2009.5	34
2010.5	35
2011.5	36
2012.5	34
2013.5	33
2014.5	35
2015.5	34
2016.5	35
2017.5	37
2018.5	33
2019.5	35
2020.5	34
2021.5	34
2022.5	32
2023.5	33
2024.5	38
2025.5	33
2026.5	32
2027.5	37
2028.5	32
2029.5	36
2030.5	32
2031.5	34
2032.5	33
2033.5	33
2034.5	38
2035.5	34
2036.5	33
2037.5	32
2038.5	35
2039.5	35
2040.5	35
2041.5	33
2042.5	39
2043.5	32
2044.5	34
2045.5	33
2046.5	36
2047.5	34
2048.5	32
2049.5	35
2050.5	34
2051.5	32
2052.5	35
2053.5	34
2054.5	35
2055.5	32
2056.5	32
2057.5	34
2058.5	35
2059.5	35
2060.5	34
2061.5	36
2062.5	35
2063.5	35
2064.5	35
2065.5	32
2066.5	35
2067.5	35
2068.5	35
2069.5	37
2070.5	35
2071.5	35
2072.5	34
2073.5	35
2074.5	34
2075.5	33
2076.5	35
2077.5	33
2078.5	30
2079.5	37
2080.5	35
2081.5	36
2082.5	35
2083.5	32
2084.5	34
2085.5	35
2086.5	32
2087.5	35
2088.5	33
2089.5	35
2090.5	34
2091.5	34
2092.5	31
2093.5	36
2094.5	34
2095.5	36
2096.5	34
2097.5	32
2098.5	33
2099.5	34
2100.5	33
2101.5	32
2102.5	34
2103.5	33
2104.5	35
2105.5	32
2106.5	33
2107.5	35
2108.5	35
2109.5	32
2110.5	34
2111.5	34
2112.5	33
2113.5	37
2114.5	32
2115.5	36
2116.5	37
2117.5	33
2118.5	29
2119.5	35
2120.5	36
2121.5	35
2122.5	30
2123.5	35
2124.5	32
2125.5	32
2126.5	35
2127.5	32
2128.5	34
2129.5	37
2130.5	33
2131.5	35
2132.5	35
2133.5	36
2134.5	33
2135.5	35
2136.5	34
2137.5	34
2138.5	34
2139.5	32
2140.5	34
2141.5	34
2142.5	33
2143.5	36
2144.5	34
2145.5	32
2146.5	33
2147.5	33
2148.5	34
2149.5	33
2150.5	35
2151.5	36
2152.5	37
2153.5	38
2154.5	35
2155.5	35
2156.5	33
2157.5	35
2158.5	33
2159.5	32
2160.5	35
2161.5	34
2162.5	32
2163.5	32
2164.5	36
2165.5	35
2166.5	35
2167.5	33
2168.5	32
2169.5	35
2170.5	32
2171.5	34
2172.5	34
2173.5	33
2174.5	33
2175.5	33
2176.5	33
2177.5	34
2178.5	33
2179.5	35
2180.5	28
2181.5	35
2182.5	34
2183.5	34
2184.5	37
2185.5	34
2186.5	32
2187.5	34
2188.5	34
2189.5	38
2190.5	35
2191.5	40
2192.5	33
2193.5	34
2194.5	33
2195.5	37
2196.5	32
2197.5	36
2198.5	33
2199.5	32
2200.5	36
2201.5	37
2202.5	32
2203.5	34
2204.5	33
2205.5	34
2206.5	32
2207.5	34
2208.5	32
2209.5	35
2210.5	33
2211.5	34
2212.5	36
2213.5	33
2214.5	31
2215.5	33
2216.5	36
2217.5	35
2218.5	35
2219.5	35
2220.5	35
2221.5	33
2222.5	34
2223.5	36
2224.5	33
2225.5	37
2226.5	34
2227.5	35
2228.5	36
2229.5	36
2230.5	34
2231.5	35
2232.5	35
2233.5	34
2234.5	33
2235.5	33
2236.5	38
2237.5	33
2238.5	35
2239.5	35
2240.5	33
2241.5	33
2242.5	33
2243.5	32
2244.5	33
2245.5	33
2246.5	35
2247.5	33
2248.5	33
2249.5	34
2250.5	34
2251.5	34
2252.5	36
2253.5	35
2254.5	32
2255.5	34
2256.5	36
2257.5	33
2258.5	32
2259.5	32
2260.5	32
2261.5	32
2262.5	34
2263.5	36
2264.5	35
2265.5	35
2266.5	35
2267.5	35
2268.5	35
2269.5	34
2270.5	35
2271.5	34
2272.5	32
2273.5	33
2274.5	35
2275.5	36
2276.5	37
2277.5	33
2278.5	33
2279.5	33
2280.5	35
2281.5	37
2282.5	34
2283.5	38
2284.5	32
2285.5	32
2286.5	34
2287.5	35
2288.5	34
2289.5	35
2290.5	33
2291.5	32
2292.5	32
2293.5	32
2294.5	32
2295.5	39
2296.5	34
2297.5	33
2298.5	34
2299.5	34
2300.5	34
2301.5	33
2302.5	36
2303.5	33
2304.5	32
2305.5	35
2306.5	32
2307.5	38
2308.5	31
2309.5	33
2310.5	34
2311.5	35
2312.5	32
2313.5	34
2314.5	34
2315.5	37
2316.5	33
2317.5	32
2318.5	32
2319.5	34
2320.5	33
2321.5	34
2322.5	30
2323.5	35
2324.5	33
2325.5	39
2326.5	30
2327.5	35
2328.5	34
2329.5	34
2330.5	29
2331.5	36
2332.5	32
2333.5	31
2334.5	35
2335.5	35
2336.5	32
2337.5	36
2338.5	33
2339.5	30
2340.5	36
2341.5	34
2342.5	37
2343.5	33
2344.5	32
2345.5	30
2346.5	34
2347.5	35
2348.5	35
2349.5	33
2350.5	34
2351.5	34
2352.5	32
2353.5	33
2354.5	33
2355.5	37
2356.5	34
2357.5	36
2358.5	33
2359.5	35
2360.5	35
2361.5	33
2362.5	36
2363.5	33
2364.5	33
2365.5	35
2366.5	35
2367.5	34
2368.5	35
2369.5	34
2370.5	34
2371.5	33
2372.5	32
2373.5	32
2374.5	33
2375.5	33
2376.5	30
2377.5	35
2378.5	32
2379.5	35
2380.5	32
2381.5	35
2382.5	33
2383.5	36
2384.5	32
2385.5	32
2386.5	33
2387.5	32
2388.5	35
2389.5	31
2390.5	33
2391.5	34
2392.5	35
2393.5	33
2394.5	34
2395.5	36
2396.5	37
2397.5	33
2398.5	33
2399.5	32
2400.5	33
2401.5	33
2402.5	37
2403.5	37
2404.5	32
2405.5	34
2406.5	33
2407.5	35
2408.5	35
2409.5	34
2410.5	33
2411.5	34
2412.5	34
2413.5	33
2414.5	35
2415.5	34
2416.5	32
2417.5	39
2418.5	34
2419.5	36
2420.5	34
2421.5	31
2422.5	35
2423.5	36
2424.5	33
2425.5	33
2426.5	36
2427.5	35
2428.5	32
2429.5	34
2430.5	36
2431.5	36
2432.5	35
2433.5	35
2434.5	33
2435.5	32
2436.5	30
2437.5	32
2438.5	32
2439.5	33
2440.5	34
2441.5	34
2442.5	34
2443.5	36
2444.5	34
2445.5	35
2446.5	36
2447.5	33
2448.5	34
2449.5	35
2450.5	36
2451.5	36
2452.5	31
2453.5	32
2454.5	34
2455.5	32
2456.5	34
2457.5	30
2458.5	32
2459.5	35
2460.5	34
2461.5	35
2462.5	34
2463.5	33
2464.5	36
2465.5	33
2466.5	35
2467.5	32
2468.5	33
2469.5	28
2470.5	35
2471.5	36
2472.5	35
2473.5	33
2474.5	34
2475.5	35
2476.5	32
2477.5	35
2478.5	34
2479.5	32
2480.5	33
2481.5	36
2482.5	33
2483.5	32
2484.5	38
2485.5	34
2486.5	35
2487.5	34
2488.5	35
2489.5	33
2490.5	34
2491.5	35
2492.5	36
2493.5	33
2494.5	33
2495.5	32
2496.5	32
2497.5	36
2498.5	35
2499.5	37
2500.5	32
2501.5	35
2502.5	36
2503.5	34
2504.5	34
2505.5	33
2506.5	34
2507.5	34
2508.5	35
2509.5	33
2510.5	36
2511.5	32
2512.5	35
2513.5	32
2514.5	34
2515.5	34
2516.5	34
2517.5	34
2518.5	33
2519.5	33
2520.5	34
2521.5	34
2522.5	35
2523.5	34
2524.5	34
2525.5	35
2526.5	32
2527.5	32
2528.5	36
2529.5	36
2530.5	32
2531.5	32
2532.5	34
2533.5	33
2534.5	36
2535.5	35
2536.5	33
2537.5	33
2538.5	30
2539.5	36
2540.5	33
2541.5	33
2542.5	32
2543.5	32
2544.5	37
2545.5	35
2546.5	35
2547.5	33
2548.5	32
2549.5	33
2550.5	33
2551.5	34
2552.5	35
2553.5	34
2554.5	36
2555.5	32
2556.5	38
2557.5	35
2558.5	33
2559.5	32
2560.5	33
2561.5	34
2562.5	34
2563.5	35
2564.5	37
2565.5	33
2566.5	30
2567.5	33
2568.5	30
2569.5	35
2570.5	33
2571.5	33
2572.5	33
2573.5	34
2574.5	33
2575.5	35
2576.5	34
2577.5	33
2578.5	33
2579.5	32
2580.5	37
2581.5	33
2582.5	32
2583.5	32
2584.5	30
2585.5	32
2586.5	35
2587.5	33
2588.5	35
2589.5	33
2590.5	32
2591.5	34
2592.5	33
2593.5	35
2594.5	32
2595.5	35
2596.5	32
2597.5	33
2598.5	33
2599.5	37
2600.5	35
2601.5	36
2602.5	35
2603.5	33
2604.5	38
2605.5	36
2606.5	33
2607.5	36
2608.5	30
2609.5	34
2610.5	34
2611.5	35
2612.5	33
2613.5	32
2614.5	36
2615.5	33
2616.5	36
2617.5	31
2618.5	32
2619.5	33
2620.5	37
2621.5	36
2622.5	32
2623.5	34
2624.5	32
2625.5	34
2626.5	32
2627.5	34
2628.5	35
2629.5	36
2630.5	32
2631.5	34
2632.5	33
2633.5	37
2634.5	32
2635.5	35
2636.5	38
2637.5	35
2638.5	33
2639.5	33
2640.5	33
2641.5	33
2642.5	33
2643.5	34
2644.5	34
2645.5	36
2646.5	34
2647.5	36
2648.5	32
2649.5	35
2650.5	34
2651.5	35
2652.5	35
2653.5	33
2654.5	37
2655.5	33
2656.5	32
2657.5	34
2658.5	33
2659.5	34
2660.5	35
2661.5	33
2662.5	34
2663.5	33
2664.5	34
2665.5	37
2666.5	34
2667.5	37
2668.5	35
2669.5	34
2670.5	34
2671.5	34
2672.5	33
2673.5	34
2674.5	32
2675.5	34
2676.5	34
2677.5	32
2678.5	33
2679.5	33
2680.5	34
2681.5	34
2682.5	34
2683.5	35
2684.5	35
2685.5	35
2686.5	32
2687.5	36
2688.5	33
2689.5	34
2690.5	33
2691.5	35
2692.5	32
2693.5	33
2694.5	33
2695.5	33
2696.5	35
2697.5	35
2698.5	38
2699.5	33
2700.5	35
2701.5	33
2702.5	32
2703.5	34
2704.5	32
2705.5	34
2706.5	34
2707.5	33
2708.5	33
2709.5	33
2710.5	34
2711.5	38
2712.5	34
2713.5	36
2714.5	34
2715.5	33
2716.5	34
2717.5	34
2718.5	32
2719.5	34
2720.5	32
2721.5	33
2722.5	32
2723.5	35
2724.5	32
2725.5	37
2726.5	33
2727.5	34
2728.5	32
2729.5	33
2730.5	35
2731.5	35
2732.5	34
2733.5	38
2734.5	34
2735.5	35
2736.5	34
2737.5	34
2738.5	35
2739.5	34
2740.5	33
2741.5	35
2742.5	32
2743.5	35
2744.5	36
2745.5	37
2746.5	32
2747.5	38
2748.5	34
2749.5	32
2750.5	32
2751.5	37
2752.5	33
2753.5	32
2754.5	35
2755.5	34
2756.5	33
2757.5	33
2758.5	33
2759.5	32
2760.5	34
2761.5	37
2762.5	35
2763.5	33
2764.5	34
2765.5	34
2766.5	33
2767.5	35
2768.5	33
2769.5	34
2770.5	34
2771.5	34
2772.5	30
2773.5	34
2774.5	34
2775.5	33
2776.5	34
2777.5	36
2778.5	38
2779.5	35
2780.5	34
2781.5	36
2782.5	34
2783.5	34
2784.5	33
2785.5	34
2786.5	31
2787.5	34
2788.5	36
2789.5	36
2790.5	33
2791.5	35
2792.5	35
2793.5	35
2794.5	32
2795.5	32
2796.5	34
2797.5	39
2798.5	37
2799.5	33
2800.5	36
2801.5	32
2802.5	34
2803.5	34
2804.5	34
2805.5	33
2806.5	35
2807.5	35
2808.5	36
2809.5	35
2810.5	32
2811.5	33
2812.5	34
2813.5	36
2814.5	32
2815.5	33
2816.5	32
2817.5	34
2818.5	34
2819.5	35
2820.5	34
2821.5	37
2822.5	34
2823.5	36
2824.5	34
2825.5	34
2826.5	33
2827.5	36
2828.5	34
2829.5	34
2830.5	34
2831.5	33
2832.5	34
2833.5	33
2834.5	35
2835.5	34
2836.5	32
2837.5	34
2838.5	35
2839.5	33
2840.5	36
2841.5	34
2842.5	35
2843.5	34
2844.5	34
2845.5	32
2846.5	33
2847.5	36
2848.5	33
2849.5	33
2850.5	35
2851.5	32
2852.5	32
2853.5	35
2854.5	36
2855.5	29
2856.5	34
2857.5	34
2858.5	34
2859.5	40
2860.5	32
2861.5	32
2862.5	37
2863.5	35
2864.5	38
2865.5	38
2866.5	33
2867.5	34
2868.5	33
2869.5	35
2870.5	34
2871.5	34
2872.5	32
2873.5	35
2874.5	32
2875.5	34
2876.5	36
2877.5	34
2878.5	33
2879.5	36
2880.5	32
2881.5	36
2882.5	33
2883.5	40
2884.5	35
2885.5	34
2886.5	37
2887.5	32
2888.5	33
2889.5	35
2890.5	33
2891.5	32
2892.5	32
2893.5	37
2894.5	35
2895.5	36
2896.5	32
2897.5	32
2898.5	34
2899.5	32
2900.5	37
2901.5	35
2902.5	35
2903.5	33
2904.5	34
2905.5	34
2906.5	34
2907.5	34
2908.5	32
2909.5	34
2910.5	34
2911.5	39
2912.5	33
2913.5	36
2914.5	37
2915.5	35
2916.5	33
2917.5	34
2918.5	35
2919.5	33
2920.5	35
2921.5	34
2922.5	30
2923.5	34
2924.5	36
2925.5	32
2926.5	35
2927.5	36
2928.5	35
2929.5	35
2930.5	33
2931.5	34
2932.5	33
2933.5	36
2934.5	32
2935.5	35
2936.5	35
2937.5	33
2938.5	34
2939.5	35
2940.5	34
2941.5	36
2942.5	32
2943.5	35
2944.5	32
2945.5	34
2946.5	32
2947.5	35
2948.5	32
2949.5	34
2950.5	33
2951.5	36
2952.5	35
2953.5	34
2954.5	35
2955.5	39
2956.5	33
2957.5	31
2958.5	38
2959.5	37
2960.5	34
2961.5	30
2962.5	35
2963.5	32
2964.5	36
2965.5	33
2966.5	33
2967.5	36
2968.5	37
2969.5	35
2970.5	33
2971.5	36
2972.5	37
2973.5	34
2974.5	34
2975.5	36
2976.5	34
2977.5	33
2978.5	32
2979.5	32
2980.5	35
2981.5	35
2982.5	35
2983.5	37
2984.5	34
2985.5	34
2986.5	37
2987.5	33
2988.5	38
2989.5	36
2990.5	34
2991.5	35
2992.5	34
2993.5	32
2994.5	31
2995.5	34
2996.5	35
2997.5	32
2998.5	35
2999.5	38
3000.5	33
3001.5	35
3002.5	37
3003.5	32
3004.5	33
3005.5	34
3006.5	36
3007.5	32
3008.5	34
3009.5	33
3010.5	34
3011.5	32
3012.5	34
3013.5	35
3014.5	34
3015.5	36
3016.5	34
3017.5	33
3018.5	32
3019.5	32
3020.5	35
3021.5	34
3022.5	35
3023.5	37
3024.5	35
3025.5	34
3026.5	35
3027.5	37
3028.5	32
3029.5	33
3030.5	33
3031.5	35
3032.5	36
3033.5	37
3034.5	33
3035.5	35
3036.5	33
3037.5	37
3038.5	33
3039.5	35
3040.5	34
3041.5	35
3042.5	33
3043.5	34
3044.5	32
3045.5	34
3046.5	33
3047.5	34
3048.5	32
3049.5	32
3050.5	35
3051.5	34
3052.5	34
3053.5	33
3054.5	33
3055.5	35
3056.5	33
3057.5	35
3058.5	35
3059.5	34
3060.5	34
3061.5	34
3062.5	34
3063.5	32
3064.5	34
3065.5	33
3066.5	34
3067.5	33
3068.5	35
3069.5	32
3070.5	34
3071.5	37
3072.5	33
3073.5	35
3074.5	35
3075.5	34
3076.5	35
3077.5	32
3078.5	35
3079.5	34
3080.5	34
3081.5	32
3082.5	36
3083.5	34
3084.5	32
3085.5	32
3086.5	35
3087.5	33
3088.5	36
3089.5	34
3090.5	33
3091.5	34
3092.5	33
3093.5	35
3094.5	38
3095.5	33
3096.5	37
3097.5	36
3098.5	34
3099.5	32
3100.5	32
3101.5	35
3102.5	35
3103.5	35
3104.5	34
3105.5	32
3106.5	33
3107.5	36
3108.5	32
3109.5	37
3110.5	35
3111.5	34
3112.5	33
3113.5	33
3114.5	36
3115.5	36
3116.5	35
3117.5	32
3118.5	33
3119.5	32
3120.5	34
3121.5	34
3122.5	33
3123.5	33
3124.5	34
3125.5	32
3126.5	32
3127.5	33
3128.5	32
3129.5	33
3130.5	31
3131.5	36
3132.5	32
3133.5	35
3134.5	35
3135.5	37
3136.5	32
3137.5	33
3138.5	33
3139.5	35
3140.5	33
3141.5	34
3142.5	35
3143.5	33
3144.5	34
3145.5	34
3146.5	36
3147.5	35
3148.5	32
3149.5	32
3150.5	35
3151.5	34
3152.5	33
3153.5	34
3154.5	32
3155.5	35
3156.5	34
3157.5	34
3158.5	35
3159.5	33
3160.5	32
3161.5	33
3162.5	34
3163.5	34
3164.5	33
3165.5	35
3166.5	31
3167.5	35
3168.5	38
3169.5	34
3170.5	33
3171.5	34
3172.5	33
3173.5	32
3174.5	37
3175.5	32
3176.5	34
3177.5	33
3178.5	37
3179.5	37
3180.5	32
3181.5	35
3182.5	37
3183.5	33
3184.5	35
3185.5	35
3186.5	34
3187.5	35
3188.5	33
3189.5	34
3190.5	33
3191.5	35
3192.5	33
3193.5	35
3194.5	33
3195.5	37
3196.5	34
3197.5	32
3198.5	34
3199.5	34
3200.5	34
3201.5	35
3202.5	36
3203.5	32
3204.5	32
3205.5	33
3206.5	33
3207.5	36
3208.5	33
3209.5	35
3210.5	35
3211.5	34
3212.5	34
3213.5	32
3214.5	34
3215.5	33
3216.5	32
3217.5	33
3218.5	33
3219.5	34
3220.5	35
3221.5	33
3222.5	31
3223.5	34
3224.5	34
3225.5	34
3226.5	33
3227.5	34
3228.5	33
3229.5	35
3230.5	33
3231.5	32
3232.5	33
3233.5	35
3234.5	35
3235.5	35
3236.5	36
3237.5	35
3238.5	34
3239.5	33
3240.5	35
3241.5	35
3242.5	34
3243.5	32
3244.5	34
3245.5	33
3246.5	37
3247.5	36
3248.5	33
3249.5	32
3250.5	34
3251.5	35
3252.5	34
3253.5	37
3254.5	34
3255.5	33
3256.5	36
3257.5	32
3258.5	34
3259.5	34
3260.5	36
3261.5	34
3262.5	33
3263.5	35
3264.5	35
3265.5	36
3266.5	35
3267.5	33
3268.5	32
3269.5	32
3270.5	35
3271.5	34
3272.5	34
3273.5	32
3274.5	32
3275.5	32
3276.5	33
3277.5	35
3278.5	33
3279.5	32
3280.5	34
3281.5	29
3282.5	34
3283.5	33
3284.5	33
3285.5	33
3286.5	34
3287.5	35
3288.5	33
3289.5	34
3290.5	36
3291.5	35
3292.5	32
3293.5	34
3294.5	35
3295.5	33
3296.5	35
3297.5	36
3298.5	33
3299.5	36
3300.5	35
3301.5	35
3302.5	35
3303.5	35
3304.5	35
3305.5	33
3306.5	35
3307.5	32
3308.5	33
3309.5	36
3310.5	38
3311.5	36
3312.5	34
3313.5	35
3314.5	36
3315.5	35
3316.5	34
3317.5	35
3318.5	35
3319.5	34
3320.5	34
3321.5	36
3322.5	37
3323.5	32
3324.5	34
3325.5	38
3326.5	32
3327.5	34
3328.5	35
3329.5	34
3330.5	35
3331.5	35
3332.5	32
3333.5	34
3334.5	35
3335.5	37
3336.5	35
3337.5	35
3338.5	32
3339.5	34
3340.5	34
3341.5	35
3342.5	34
3343.5	33
3344.5	35
3345.5	35
3346.5	30
3347.5	37
3348.5	37
3349.5	34
3350.5	36
3351.5	36
3352.5	35
3353.5	35
3354.5	34
3355.5	33
3356.5	30
3357.5	35
3358.5	32
3359.5	36
3360.5	33
3361.5	36
3362.5	36
3363.5	34
3364.5	34
3365.5	34
3366.5	32
3367.5	34
3368.5	34
3369.5	33
3370.5	34
3371.5	35
3372.5	34
3373.5	35
3374.5	34
3375.5	37
3376.5	34
3377.5	34
3378.5	37
3379.5	36
3380.5	34
3381.5	36
3382.5	37
3383.5	37
3384.5	40
3385.5	37
3386.5	38
3387.5	37
3388.5	36
3389.5	35
3390.5	38
3391.5	35
3392.5	37
3393.5	38
3394.5	37
3395.5	40
3396.5	38
3397.5	38
3398.5	41
3399.5	36
3400.5	37
3401.5	40
3402.5	37
3403.5	39
3404.5	38
3405.5	40
3406.5	37
3407.5	37
3408.5	35
3409.5	37
3410.5	32
3411.5	37
3412.5	34
3413.5	35
3414.5	36
3415.5	36
3416.5	37
3417.5	36
3418.5	36
3419.5	35
3420.5	35
3421.5	35
3422.5	37
3423.5	38
3424.5	35
3425.5	38
3426.5	40
3427.5	37
3428.5	40
3429.5	37
3430.5	40
3431.5	39
3432.5	41
3433.5	39
3434.5	44
3435.5	42
3436.5	45
3437.5	45
3438.5	48
3439.5	48
3440.5	50
3441.5	50
3442.5	54
3443.5	48
3444.5	52
3445.5	54
3446.5	51
3447.5	50
3448.5	52
3449.5	53
3450.5	51
3451.5	54
3452.5	49
3453.5	52
3454.5	51
3455.5	48
3456.5	43
3457.5	43
3458.5	42
3459.5	42
3460.5	39
3461.5	41
3462.5	40
3463.5	36
3464.5	37
3465.5	35
3466.5	36
3467.5	37
3468.5	34
3469.5	36
3470.5	36
3471.5	37
3472.5	36
3473.5	35
3474.5	35
3475.5	37
3476.5	34
3477.5	36
3478.5	34
3479.5	37
3480.5	36
3481.5	34
3482.5	34
3483.5	33
3484.5	32
3485.5	34
3486.5	35
3487.5	36
3488.5	35
3489.5	34
3490.5	34
3491.5	37
3492.5	36
3493.5	34
3494.5	34
3495.5	34
3496.5	35
3497.5	35
3498.5	38
3499.5	34
3500.5	34
3501.5	37
3502.5	35
3503.5	36
3504.5	34
3505.5	35
3506.5	38
3507.5	32
3508.5	33
3509.5	38
3510.5	35
3511.5	33
3512.5	36
3513.5	36
3514.5	34
3515.5	33
3516.5	35
3517.5	39
3518.5	37
3519.5	36
3520.5	34
3521.5	35
3522.5	33
3523.5	35
3524.5	37
3525.5	35
3526.5	37
3527.5	33
3528.5	32
3529.5	35
3530.5	33
3531.5	35
3532.5	33
3533.5	35
3534.5	35
3535.5	36
3536.5	36
3537.5	32
3538.5	35
3539.5	38
3540.5	35
3541.5	37
3542.5	33
3543.5	33
3544.5	38
3545.5	34
3546.5	36
3547.5	36
3548.5	36
3549.5	33
3550.5	34
3551.5	35
3552.5	35
3553.5	36
3554.5	35
3555.5	35
3556.5	36
3557.5	38
3558.5	38
3559.5	39
3560.5	36
3561.5	37
3562.5	36
3563.5	39
3564.5	38
3565.5	37
3566.5	41
3567.5	39
3568.5	38
3569.5	42
3570.5	38
3571.5	41
3572.5	37
3573.5	42
3574.5	40
3575.5	38
3576.5	40
3577.5	34
3578.5	35
3579.5	41
3580.5	39
3581.5	39
3582.5	39
3583.5	39
3584.5	35
3585.5	38
3586.5	39
3587.5	38
3588.5	33
3589.5	38
3590.5	39
3591.5	40
3592.5	34
3593.5	39
3594.5	39
3595.5	35
3596.5	38
3597.5	38
3598.5	36
3599.5	38
3600.5	39
3601.5	41
3602.5	42
3603.5	38
3604.5	40
3605.5	39
3606.5	38
3607.5	38
3608.5	37
3609.5	43
3610.5	40
3611.5	44
3612.5	42
3613.5	45
3614.5	43
3615.5	49
3616.5	48
3617.5	48
3618.5	45
3619.5	46
3620.5	48
3621.5	50
3622.5	48
3623.5	44
3624.5	43
3625.5	49
3626.5	48
3627.5	47
3628.5	44
3629.5	46
3630.5	43
3631.5	43
3632.5	46
3633.5	43
3634.5	41
3635.5	40
3636.5	39
3637.5	38
3638.5	39
3639.5	39
3640.5	39
3641.5	38
3642.5	37
3643.5	38
3644.5	37
3645.5	38
3646.5	37
3647.5	39
3648.5	36
3649.5	36
3650.5	43
3651.5	40
3652.5	40
3653.5	38
3654.5	40
3655.5	35
3656.5	40
3657.5	35
3658.5	38
3659.5	38
3660.5	38
3661.5	39
3662.5	38
3663.5	39
3664.5	39
3665.5	39
3666.5	36
3667.5	42
3668.5	43
3669.5	39
3670.5	43
3671.5	43
3672.5	38
3673.5	42
3674.5	39
3675.5	44
3676.5	42
3677.5	43
3678.5	38
3679.5	41
3680.5	42
3681.5	44
3682.5	45
3683.5	45
3684.5	40
3685.5	44
3686.5	51
3687.5	44
3688.5	47
3689.5	52
3690.5	50
3691.5	54
3692.5	57
3693.5	66
3694.5	71
3695.5	77
3696.5	91
3697.5	104
3698.5	118
3699.5	139
3700.5	158
3701.5	182
3702.5	193
3703.5	206
3704.5	231
3705.5	243
3706.5	263
3707.5	302
3708.5	350
3709.5	378
3710.5	432
3711.5	457
3712.5	507
3713.5	560
3714.5	608
3715.5	663
3716.5	690
3717.5	723
3718.5	750
3719.5	765
3720.5	769
3721.5	778
3722.5	766
3723.5	764
3724.5	745
3725.5	713
3726.5	669
3727.5	647
3728.5	611
3729.5	538
3730.5	484
3731.5	426
3732.5	382
3733.5	315
3734.5	265
3735.5	226
3736.5	184
3737.5	153
3738.5	126
3739.5	104
3740.5	93
3741.5	71
3742.5	63
3743.5	58
3744.5	53
3745.5	49
3746.5	47
3747.5	44
3748.5	44
3749.5	41
3750.5	44
3751.5	40
3752.5	38
3753.5	40
3754.5	41
3755.5	43
3756.5	37
3757.5	39
3758.5	39
3759.5	37
3760.5	37
3761.5	39
3762.5	40
3763.5	41
3764.5	39
3765.5	39
3766.5	40
3767.5	40
3768.5	43
3769.5	41
3770.5	41
3771.5	40
3772.5	42
3773.5	44
3774.5	43
3775.5	43
3776.5	41
3777.5	43
3778.5	47
3779.5	42
3780.5	44
3781.5	48
3782.5	46
3783.5	46
3784.5	51
3785.5	55
3786.5	53
3787.5	56
3788.5	63
3789.5	66
3790.5	64
3791.5	73
3792.5	73
3793.5	78
3794.5	83
3795.5	83
3796.5	89
3797.5	99
3798.5	113
3799.5	112
3800.5	122
3801.5	135
3802.5	143
3803.5	145
3804.5	156
3805.5	167
3806.5	164
3807.5	176
3808.5	170
3809.5	171
3810.5	174
3811.5	163
3812.5	163
3813.5	159
3814.5	145
3815.5	137
3816.5	132
3817.5	115
3818.5	114
3819.5	98
3820.5	90
3821.5	80
3822.5	74
3823.5	66
3824.5	59
3825.5	52
3826.5	50
3827.5	45
3828.5	42
3829.5	42
3830.5	41
3831.5	41
3832.5	37
3833.5	35
3834.5	36
3835.5	40
3836.5	38
3837.5	33
3838.5	34
3839.5	37
3840.5	36
3841.5	40
3842.5	41
3843.5	38
3844.5	38
3845.5	39
3846.5	38
3847.5	40
3848.5	35
3849.5	35
3850.5	37
3851.5	39
3852.5	38
3853.5	42
3854.5	39
3855.5	48
3856.5	40
3857.5	38
3858.5	43
3859.5	43
3860.5	45
3861.5	46
3862.5	46
3863.5	45
3864.5	48
3865.5	45
3866.5	51
3867.5	47
3868.5	50
3869.5	51
3870.5	51
3871.5	46
3872.5	52
3873.5	50
3874.5	51
3875.5	48
3876.5	48
3877.5	51
3878.5	46
3879.5	48
3880.5	48
3881.5	46
3882.5	43
3883.5	43
3884.5	44
3885.5	41
3886.5	41
3887.5	43
3888.5	43
3889.5	38
3890.5	41
3891.5	40
3892.5	39
3893.5	37
3894.5	37
3895.5	44
3896.5	41
3897.5	39
3898.5	38
3899.5	42
3900.5	38
3901.5	41
3902.5	41
3903.5	40
3904.5	37
3905.5	40
3906.5	37
3907.5	41
3908.5	41
3909.5	39
3910.5	37
3911.5	39
3912.5	38
3913.5	41
3914.5	39
3915.5	37
3916.5	41
3917.5	40
3918.5	40
3919.5	38
3920.5	35
3921.5	37
3922.5	39
3923.5	40
3924.5	40
3925.5	35
3926.5	37
3927.5	37
3928.5	31
3929.5	36
3930.5	36
3931.5	36
3932.5	39
3933.5	37
3934.5	34
3935.5	37
3936.5	37
3937.5	36
3938.5	35
3939.5	37
3940.5	38
3941.5	38
3942.5	36
3943.5	38
3944.5	37
3945.5	38
3946.5	35
3947.5	36
3948.5	37
3949.5	38
3950.5	39
3951.5	42
3952.5	38
3953.5	40
3954.5	38
3955.5	39
3956.5	40
3957.5	40
3958.5	40
3959.5	41
3960.5	41
3961.5	42
3962.5	42
3963.5	42
3964.5	44
3965.5	46
3966.5	53
3967.5	56
3968.5	57
3969.5	66
3970.5	73
3971.5	80
3972.5	85
3973.5	86
3974.5	101
3975.5	107
3976.5	110
3977.5	122
3978.5	139
3979.5	154
3980.5	170
3981.5	191
3982.5	211
3983.5	228
3984.5	240
3985.5	252
3986.5	283
3987.5	295
3988.5	306
3989.5	312
3990.5	327
3991.5	326
3992.5	316
3993.5	321
3994.5	316
3995.5	290
3996.5	278
3997.5	256
3998.5	239
3999.5	215
4000.5	202
4001.5	174
4002.5	152
4003.5	136
4004.5	124
4005.5	97
4006.5	92
4007.5	73
4008.5	65
4009.5	54
4010.5	51
4011.5	45
4012.5	42
4013.5	46
4014.5	37
4015.5	37
4016.5	40
4017.5	36
4018.5	37
4019.5	38
4020.5	37
4021.5	38
4022.5	37
4023.5	39
4024.5	34
4025.5	36
4026.5	36
4027.5	37
4028.5	40
4029.5	34
4030.5	39
4031.5	36
4032.5	37
4033.5	40
4034.5	38
4035.5	45
4036.5	41
4037.5	38
4038.5	41
4039.5	41
4040.5	42
4041.5	38
4042.5	40
4043.5	41
4044.5	47
4045.5	46
4046.5	43
4047.5	45
4048.5	44
4049.5	43
4050.5	42
4051.5	45
4052.5	43
4053.5	48
4054.5	48
4055.5	51
4056.5	47
4057.5	49
4058.5	52
4059.5	56
4060.5	55
4061.5	56
4062.5	54
4063.5	57
4064.5	64
4065.5	67
4066.5	70
4067.5	66
4068.5	78
4069.5	86
4070.5	88
4071.5	95
4072.5	99
4073.5	102
4074.5	109
4075.5	105
4076.5	108
4077.5	112
4078.5	113
4079.5	108
4080.5	109
4081.5	102
4082.5	104
4083.5	91
4084.5	91
4085.5	85
4086.5	78
4087.5	75
4088.5	68
4089.5	59
4090.5	54
4091.5	55
4092.5	49
4093.5	50
4094.5	45
4095.5	44
4096.5	43
4097.5	41
4098.5	40
4099.5	37
4100.5	37
4101.5	38
4102.5	37
4103.5	40
4104.5	36
4105.5	37
4106.5	40
4107.5	37
4108.5	38
4109.5	37
4110.5	42
4111.5	43
4112.5	41
4113.5	42
4114.5	42
4115.5	40
4116.5	40
4117.5	39
4118.5	43
4119.5	38
4120.5	40
4121.5	40
4122.5	43
4123.5	38
4124.5	40
4125.5	40
4126.5	37
4127.5	40
4128.5	37
4129.5	40
4130.5	37
4131.5	37
4132.5	36
4133.5	38
4134.5	36
4135.5	34
4136.5	36
4137.5	38
4138.5	34
4139.5	37
4140.5	37
4141.5	36
4142.5	35
4143.5	37
4144.5	38
4145.5	37
4146.5	37
4147.5	37
4148.5	37
4149.5	38
4150.5	37
4151.5	39
4152.5	34
4153.5	38
4154.5	37
4155.5	38
4156.5	37
4157.5	35
4158.5	39
4159.5	38
4160.5	38
4161.5	34
4162.5	35
4163.5	38
4164.5	37
4165.5	37
4166.5	37
4167.5	32
4168.5	35
4169.5	37
4170.5	35
4171.5	37
4172.5	34
4173.5	37
4174.5	38
4175.5	38
4176.5	33
4177.5	36
4178.5	37
4179.5	40
4180.5	33
4181.5	36
4182.5	35
4183.5	37
4184.5	40
4185.5	38
4186.5	36
4187.5	36
4188.5	36
4189.5	38
4190.5	36
4191.5	37
4192.5	35
4193.5	34
4194.5	37
4195.5	40
4196.5	37
4197.5	39
4198.5	39
4199.5	38
4200.5	41
4201.5	39
4202.5	43
4203.5	41
4204.5	43
4205.5	46
4206.5	48
4207.5	49
4208.5	50
4209.5	51
4210.5	54
4211.5	56
4212.5	59
4213.5	59
4214.5	64
4215.5	69
4216.5	75
4217.5	77
4218.5	83
4219.5	91
4220.5	95
4221.5	101
4222.5	105
4223.5	107
4224.5	115
4225.5	117
4226.5	118
4227.5	119
4228.5	122
4229.5	114
4230.5	106
4231.5	109
4232.5	103
4233.5	96
4234.5	93
4235.5	82
4236.5	80
4237.5	80
4238.5	69
4239.5	64
4240.5	57
4241.5	54
4242.5	50
4243.5	47
4244.5	43
4245.5	43
4246.5	41
4247.5	39
4248.5	37
4249.5	37
4250.5	37
4251.5	40
4252.5	38
4253.5	33
4254.5	37
4255.5	38
4256.5	36
4257.5	38
4258.5	35
4259.5	38
4260.5	37
4261.5	39
4262.5	35
4263.5	39
4264.5	37
4265.5	35
4266.5	35
4267.5	37
4268.5	36
4269.5	36
4270.5	35
4271.5	36
4272.5	37
4273.5	36
4274.5	33
4275.5	36
4276.5	33
4277.5	39
4278.5	35
4279.5	40
4280.5	40
4281.5	38
4282.5	34
4283.5	37
4284.5	35
4285.5	38
4286.5	38
4287.5	39
4288.5	35
4289.5	34
4290.5	40
4291.5	38
4292.5	37
4293.5	40
4294.5	38
4295.5	41
4296.5	36
4297.5	38
4298.5	39
4299.5	38
4300.5	37
4301.5	35
4302.5	39
4303.5	38
4304.5	40
4305.5	39
4306.5	37
4307.5	40
4308.5	41
4309.5	38
4310.5	38
4311.5	41
4312.5	41
4313.5	43
4314.5	44
4315.5	45
4316.5	48
4317.5	51
4318.5	54
4319.5	54
4320.5	56
4321.5	60
4322.5	62
4323.5	69
4324.5	77
4325.5	82
4326.5	92
4327.5	94
4328.5	96
4329.5	105
4330.5	119
4331.5	130
4332.5	134
4333.5	149
4334.5	166
4335.5	185
4336.5	198
4337.5	218
4338.5	224
4339.5	242
4340.5	256
4341.5	270
4342.5	286
4343.5	289
4344.5	301
4345.5	311
4346.5	298
4347.5	299
4348.5	285
4349.5	275
4350.5	251
4351.5	235
4352.5	229
4353.5	203
4354.5	189
4355.5	167
4356.5	146
4357.5	130
4358.5	110
4359.5	97
4360.5	82
4361.5	76
4362.5	63
4363.5	58
4364.5	52
4365.5	52
4366.5	48
4367.5	46
4368.5	46
4369.5	48
4370.5	46
4371.5	49
4372.5	47
4373.5	48
4374.5	54
4375.5	57
4376.5	53
4377.5	65
4378.5	66
4379.5	75
4380.5	76
4381.5	84
4382.5	98
4383.5	102
4384.5	109
4385.5	120
4386.5	134
4387.5	141
4388.5	150
4389.5	163
4390.5	183
4391.5	200
4392.5	218
4393.5	236
4394.5	261
4395.5	275
4396.5	294
4397.5	327
4398.5	336
4399.5	368
4400.5	378
4401.5	387
4402.5	378
4403.5	377
4404.5	378
4405.5	368
4406.5	357
4407.5	331
4408.5	313
4409.5	274
4410.5	254
4411.5	232
4412.5	206
4413.5	180
4414.5	157
4415.5	137
4416.5	112
4417.5	98
4418.5	82
4419.5	69
4420.5	59
4421.5	53
4422.5	46
4423.5	45
4424.5	45
4425.5	43
4426.5	45
4427.5	43
4428.5	41
4429.5	39
4430.5	38
4431.5	38
4432.5	36
4433.5	37
4434.5	35
4435.5	40
4436.5	40
4437.5	40
4438.5	40
4439.5	38
4440.5	42
4441.5	39
4442.5	35
4443.5	38
4444.5	37
4445.5	45
4446.5	38
4447.5	39
4448.5	39
4449.5	39
4450.5	40
4451.5	38
4452.5	40
4453.5	38
4454.5	37
4455.5	36
4456.5	37
4457.5	41
4458.5	39
4459.5	40
4460.5	40
4461.5	41
4462.5	42
4463.5	41
4464.5	42
4465.5	40
4466.5	42
4467.5	43
4468.5	45
4469.5	43
4470.5	42
4471.5	45
4472.5	45
4473.5	43
4474.5	45
4475.5	48
4476.5	49
4477.5	52
4478.5	54
4479.5	54
4480.5	51
4481.5	52
4482.5	54
4483.5	55
4484.5	59
4485.5	55
4486.5	59
4487.5	59
4488.5	60
4489.5	58
4490.5	61
4491.5	62
4492.5	68
4493.5	67
4494.5	74
4495.5	75
4496.5	82
4497.5	88
4498.5	98
4499.5	107
4500.5	122
4501.5	128
4502.5	146
4503.5	157
4504.5	171
4505.5	191
4506.5	206
4507.5	228
4508.5	247
4509.5	275
4510.5	301
4511.5	336
4512.5	379
4513.5	414
4514.5	441
4515.5	481
4516.5	527
4517.5	559
4518.5	606
4519.5	623
4520.5	644
4521.5	641
4522.5	657
4523.5	639
4524.5	658
4525.5	619
4526.5	597
4527.5	554
4528.5	516
4529.5	458
4530.5	408
4531.5	378
4532.5	332
4533.5	283
4534.5	251
4535.5	206
4536.5	175
4537.5	149
4538.5	123
4539.5	102
4540.5	78
4541.5	65
4542.5	63
4543.5	58
4544.5	56
4545.5	53
4546.5	50
4547.5	45
4548.5	48
4549.5	48
4550.5	51
4551.5	55
4552.5	56
4553.5	64
4554.5	59
4555.5	68
4556.5	72
4557.5	72
4558.5	77
4559.5	79
4560.5	89
4561.5	91
4562.5	102
4563.5	114
4564.5	120
4565.5	129
4566.5	133
4567.5	141
4568.5	153
4569.5	160
4570.5	176
4571.5	177
4572.5	181
4573.5	179
4574.5	191
4575.5	185
4576.5	189
4577.5	173
4578.5	166
4579.5	159
4580.5	144
4581.5	126
4582.5	127
4583.5	109
4584.5	98
4585.5	91
4586.5	81
4587.5	70
4588.5	66
4589.5	53
4590.5	54
4591.5	50
4592.5	48
4593.5	43
4594.5	41
4595.5	41
4596.5	42
4597.5	42
4598.5	37
4599.5	38
4600.5	40
4601.5	38
4602.5	38
4603.5	37
4604.5	38
4605.5	41
4606.5	40
4607.5	41
4608.5	38
4609.5	41
4610.5	40
4611.5	40
4612.5	40
4613.5	41
4614.5	40
4615.5	43
4616.5	40
4617.5	37
4618.5	42
4619.5	37
4620.5	42
4621.5	39
4622.5	43
4623.5	39
4624.5	40
4625.5	42
4626.5	39
4627.5	41
4628.5	39
4629.5	38
4630.5	38
4631.5	44
4632.5	37
4633.5	36
4634.5	40
4635.5	39
4636.5	37
4637.5	37
4638.5	38
4639.5	39
4640.5	38
4641.5	36
4642.5	37
4643.5	37
4644.5	36
4645.5	37
4646.5	38
4647.5	38
4648.5	40
4649.5	39
4650.5	38
4651.5	36
4652.5	38
4653.5	35
4654.5	37
4655.5	37
4656.5	37
4657.5	35
4658.5	40
4659.5	35
4660.5	37
4661.5	35
4662.5	37
4663.5	38
4664.5	35
4665.5	36
4666.5	40
4667.5	38
4668.5	39
4669.5	41
4670.5	43
4671.5	39
4672.5	41
4673.5	44
4674.5	41
4675.5	41
4676.5	42
4677.5	42
4678.5	43
4679.5	47
4680.5	50
4681.5	49
4682.5	50
4683.5	50
4684.5	53
4685.5	57
4686.5	58
4687.5	60
4688.5	64
4689.5	66
4690.5	72
4691.5	73
4692.5	82
4693.5	80
4694.5	90
4695.5	96
4696.5	100
4697.5	113
4698.5	116
4699.5	124
4700.5	125
4701.5	137
4702.5	139
4703.5	145
4704.5	152
4705.5	156
4706.5	148
4707.5	156
4708.5	148
4709.5	135
4710.5	135
4711.5	122
4712.5	117
4713.5	104
4714.5	100
4715.5	89
4716.5	81
4717.5	74
4718.5	66
4719.5	61
4720.5	51
4721.5	49
4722.5	50
4723.5	44
4724.5	43
4725.5	40
4726.5	37
4727.5	36
4728.5	37
4729.5	37
4730.5	39
4731.5	38
4732.5	36
4733.5	37
4734.5	38
4735.5	38
4736.5	37
4737.5	35
4738.5	36
4739.5	40
4740.5	35
4741.5	39
4742.5	38
4743.5	39
4744.5	37
4745.5	37
4746.5	38
4747.5	39
4748.5	36
4749.5	37
4750.5	37
4751.5	35
4752.5	38
4753.5	37
4754.5	39
4755.5	41
4756.5	37
4757.5	39
4758.5	35
4759.5	38
4760.5	37
4761.5	39
4762.5	36
4763.5	40
4764.5	38
4765.5	39
4766.5	35
4767.5	40
4768.5	39
4769.5	39
4770.5	39
4771.5	40
4772.5	39
4773.5	39
4774.5	42
4775.5	42
4776.5	40
4777.5	39
4778.5	42
4779.5	38
4780.5	40
4781.5	39
4782.5	41
4783.5	38
4784.5	43
4785.5	39
4786.5	39
4787.5	42
4788.5	43
4789.5	41
4790.5	43
4791.5	42
4792.5	44
4793.5	51
4794.5	48
4795.5	51
4796.5	51
4797.5	51
4798.5	56
4799.5	63
4800.5	61
4801.5	64
4802.5	68
4803.5	77
4804.5	79
4805.5	88
4806.5	96
4807.5	101
4808.5	104
4809.5	112
4810.5	121
4811.5	128
4812.5	146
4813.5	158
4814.5	176
4815.5	180
4816.5	200
4817.5	209
4818.5	222
4819.5	237
4820.5	246
4821.5	252
4822.5	249
4823.5	261
4824.5	257
4825.5	251
4826.5	244
4827.5	226
4828.5	217
4829.5	196
4830.5	180
4831.5	166
4832.5	155
4833.5	133
4834.5	122
4835.5	110
4836.5	91
4837.5	75
4838.5	72
4839.5	57
4840.5	52
4841.5	48
4842.5	46
4843.5	43
4844.5	41
4845.5	43
4846.5	36
4847.5	40
4848.5	37
4849.5	44
4850.5	38
4851.5	37
4852.5	38
4853.5	37
4854.5	36
4855.5	38
4856.5	38
4857.5	39
4858.5	40
4859.5	39
4860.5	36
4861.5	39
4862.5	35
4863.5	40
4864.5	41
4865.5	38
4866.5	41
4867.5	38
4868.5	37
4869.5	40
4870.5	38
4871.5	37
4872.5	37
4873.5	38
4874.5	38
4875.5	40
4876.5	40
4877.5	37
4878.5	41
4879.5	42
4880.5	44
4881.5	41
4882.5	42
4883.5	43
4884.5	45
4885.5	43
4886.5	49
4887.5	48
4888.5	45
4889.5	49
4890.5	51
4891.5	51
4892.5	57
4893.5	59
4894.5	55
4895.5	61
4896.5	60
4897.5	69
4898.5	71
4899.5	74
4900.5	80
4901.5	86
4902.5	96
4903.5	96
4904.5	99
4905.5	105
4906.5	110
4907.5	116
4908.5	122
4909.5	125
4910.5	135
4911.5	128
4912.5	134
4913.5	133
4914.5	132
4915.5	126
4916.5	128
4917.5	118
4918.5	110
4919.5	100
4920.5	97
4921.5	88
4922.5	80
4923.5	74
4924.5	70
4925.5	63
4926.5	58
4927.5	53
4928.5	48
4929.5	45
4930.5	45
4931.5	43
4932.5	44
4933.5	40
4934.5	42
4935.5	46
4936.5	42
4937.5	45
4938.5	43
4939.5	44
4940.5	45
4941.5	48
4942.5	46
4943.5	45
4944.5	48
4945.5	49
4946.5	51
4947.5	52
4948.5	54
4949.5	56
4950.5	60
4951.5	65
4952.5	69
4953.5	72
4954.5	77
4955.5	87
4956.5	88
4957.5	98
4958.5	102
4959.5	110
4960.5	120
4961.5	135
4962.5	137
4963.5	155
4964.5	163
4965.5	174
4966.5	189
4967.5	207
4968.5	236
4969.5	254
4970.5	274
4971.5	292
4972.5	316
4973.5	337
4974.5	370
4975.5	384
4976.5	415
4977.5	433
4978.5	439
4979.5	435
4980.5	440
4981.5	451
4982.5	436
4983.5	423
4984.5	397
4985.5	368
4986.5	330
4987.5	291
4988.5	277
4989.5	239
4990.5	204
4991.5	177
4992.5	153
4993.5	128
4994.5	105
4995.5	91
4996.5	77
4997.5	60
4998.5	54
4999.5	46
5000.5	41
5001.5	44
5002.5	41
5003.5	43
5004.5	38
5005.5	41
5006.5	45
5007.5	41
5008.5	42
5009.5	41
5010.5	48
5011.5	40
5012.5	42
5013.5	40
5014.5	44
5015.5	42
5016.5	40
5017.5	43
5018.5	40
5019.5	40
5020.5	41
5021.5	45
5022.5	41
5023.5	45
5024.5	40
5025.5	39
5026.5	43
5027.5	41
5028.5	41
5029.5	43
5030.5	42
5031.5	41
5032.5	43
5033.5	41
5034.5	41
5035.5	43
5036.5	40
5037.5	43
5038.5	41
5039.5	43
5040.5	48
5041.5	41
5042.5	44
5043.5	43
5044.5	47
5045.5	44
5046.5	48
5047.5	49
5048.5	46
5049.5	50
5050.5	48
5051.5	45
5052.5	54
5053.5	49
5054.5	53
5055.5	52
5056.5	54
5057.5	55
5058.5	61
5059.5	61
5060.5	66
5061.5	73
5062.5	73
5063.5	80
5064.5	88
5065.5	90
5066.5	100
5067.5	107
5068.5	116
5069.5	125
5070.5	137
5071.5	145
5072.5	159
5073.5	169
5074.5	179
5075.5	191
5076.5	223
5077.5	238
5078.5	272
5079.5	291
5080.5	309
5081.5	329
5082.5	359
5083.5	374
5084.5	400
5085.5	418
5086.5	440
5087.5	461
5088.5	450
5089.5	459
5090.5	455
5091.5	453
5092.5	423
5093.5	388
5094.5	371
5095.5	351
5096.5	321
5097.5	291
5098.5	279
5099.5	245
5100.5	228
5101.5	202
5102.5	193
5103.5	177
5104.5	167
5105.5	168
5106.5	174
5107.5	182
5108.5	187
5109.5	199
5110.5	221
5111.5	247
5112.5	263
5113.5	276
5114.5	323
5115.5	352
5116.5	378
5117.5	409
5118.5	451
5119.5	504
5120.5	579
5121.5	617
5122.5	667
5123.5	734
5124.5	775
5125.5	822
5126.5	869
5127.5	888
5128.5	942
5129.5	952
5130.5	965
5131.5	961
5132.5	970
5133.5	938
5134.5	918
5135.5	834
5136.5	797
5137.5	728
5138.5	679
5139.5	602
5140.5	539
5141.5	459
5142.5	390
5143.5	321
5144.5	253
5145.5	200
5146.5	152
5147.5	117
5148.5	94
5149.5	74
5150.5	62
5151.5	55
5152.5	44
5153.5	45
5154.5	45
5155.5	43
5156.5	44
5157.5	43
5158.5	41
5159.5	41
5160.5	41
5161.5	41
5162.5	44
5163.5	39
5164.5	39
5165.5	41
5166.5	39
5167.5	42
5168.5	39
5169.5	41
5170.5	40
5171.5	43
5172.5	40
5173.5	41
5174.5	40
5175.5	40
5176.5	37
5177.5	41
5178.5	41
5179.5	40
5180.5	39
5181.5	41
5182.5	40
5183.5	41
5184.5	40
5185.5	40
5186.5	41
5187.5	41
5188.5	40
5189.5	42
5190.5	38
5191.5	42
5192.5	40
5193.5	43
5194.5	39
5195.5	41
5196.5	38
5197.5	41
5198.5	38
5199.5	42
5200.5	37
5201.5	39
5202.5	38
5203.5	36
5204.5	39
5205.5	38
5206.5	37
5207.5	40
5208.5	39
5209.5	38
5210.5	41
5211.5	38
5212.5	36
5213.5	41
5214.5	39
5215.5	41
5216.5	38
5217.5	40
5218.5	42
5219.5	40
5220.5	42
5221.5	40
5222.5	39
5223.5	41
5224.5	38
5225.5	38
5226.5	40
5227.5	43
5228.5	40
5229.5	38
5230.5	38
5231.5	37
5232.5	38
5233.5	38
5234.5	38
5235.5	38
5236.5	38
5237.5	40
5238.5	40
5239.5	40
5240.5	39
5241.5	39
5242.5	40
5243.5	40
5244.5	37
5245.5	41
5246.5	41
5247.5	39
5248.5	41
5249.5	39
5250.5	39
5251.5	37
5252.5	39
5253.5	37
5254.5	41
5255.5	37
5256.5	39
5257.5	38
5258.5	39
5259.5	37
5260.5	40
5261.5	38
5262.5	42
5263.5	37
5264.5	37
5265.5	36
5266.5	40
5267.5	39
5268.5	35
5269.5	41
5270.5	40
5271.5	41
5272.5	37
5273.5	40
5274.5	39
5275.5	38
5276.5	37
5277.5	37
5278.5	38
5279.5	40
5280.5	39
5281.5	41
5282.5	38
5283.5	40
5284.5	37
5285.5	41
5286.5	37
5287.5	39
5288.5	42
5289.5	37
5290.5	40
5291.5	38
5292.5	43
5293.5	43
5294.5	43
5295.5	40
5296.5	44
5297.5	39
5298.5	38
5299.5	43
5300.5	45
5301.5	44
5302.5	44
5303.5	44
5304.5	48
5305.5	45
5306.5	43
5307.5	42
5308.5	43
5309.5	44
5310.5	49
5311.5	48
5312.5	48
5313.5	51
5314.5	51
5315.5	57
5316.5	55
5317.5	61
5318.5	57
5319.5	66
5320.5	68
5321.5	74
5322.5	75
5323.5	82
5324.5	89
5325.5	93
5326.5	99
5327.5	109
5328.5	119
5329.5	128
5330.5	134
5331.5	151
5332.5	164
5333.5	173
5334.5	180
5335.5	202
5336.5	224
5337.5	232
5338.5	254
5339.5	278
5340.5	303
5341.5	344
5342.5	369
5343.5	418
5344.5	446
5345.5	476
5346.5	506
5347.5	542
5348.5	553
5349.5	598
5350.5	615
5351.5	627
5352.5	642
5353.5	612
5354.5	608
5355.5	589
5356.5	546
5357.5	508
5358.5	467
5359.5	423
5360.5	382
5361.5	346
5362.5	295
5363.5	249
5364.5	210
5365.5	174
5366.5	140
5367.5	109
5368.5	85
5369.5	73
5370.5	60
5371.5	55
5372.5	47
5373.5	50
5374.5	49
5375.5	49
5376.5	48
5377.5	52
5378.5	49
5379.5	52
5380.5	60
5381.5	62
5382.5	57
5383.5	65
5384.5	63
5385.5	73
5386.5	74
5387.5	75
5388.5	82
5389.5	86
5390.5	89
5391.5	95
5392.5	100
5393.5	98
5394.5	113
5395.5	121
5396.5	128
5397.5	134
5398.5	144
5399.5	157
5400.5	167
5401.5	171
5402.5	181
5403.5	183
5404.5	189
5405.5	191
5406.5	194
5407.5	193
5408.5	202
5409.5	179
5410.5	173
5411.5	158
5412.5	150
5413.5	137
5414.5	128
5415.5	115
5416.5	104
5417.5	87
5418.5	75
5419.5	70
5420.5	59
5421.5	53
5422.5	48
5423.5	47
5424.5	41
5425.5	37
5426.5	39
5427.5	37
5428.5	37
5429.5	40
5430.5	37
5431.5	36
5432.5	37
5433.5	39
5434.5	38
5435.5	39
5436.5	36
5437.5	40
5438.5	38
5439.5	37
5440.5	39
5441.5	39
5442.5	37
5443.5	37
5444.5	36
5445.5	38
5446.5	36
5447.5	39
5448.5	39
5449.5	35
5450.5	38
5451.5	40
5452.5	35
5453.5	43
5454.5	37
5455.5	38
5456.5	37
5457.5	37
5458.5	38
5459.5	42
5460.5	39
5461.5	39
5462.5	36
5463.5	37
5464.5	36
5465.5	40
5466.5	38
5467.5	38
5468.5	38
5469.5	39
5470.5	38
5471.5	39
5472.5	38
5473.5	35
5474.5	39
5475.5	38
5476.5	39
5477.5	39
5478.5	41
5479.5	38
5480.5	40
5481.5	40
5482.5	39
5483.5	39
5484.5	37
5485.5	39
5486.5	36
5487.5	40
5488.5	41
5489.5	39
5490.5	41
5491.5	45
5492.5	40
5493.5	38
5494.5	45
5495.5	39
5496.5	43
5497.5	43
5498.5	40
5499.5	42
5500.5	43
5501.5	45
5502.5	46
5503.5	45
5504.5	46
5505.5	52
5506.5	48
5507.5	55
5508.5	55
5509.5	59
5510.5	65
5511.5	62
5512.5	69
5513.5	70
5514.5	80
5515.5	77
5516.5	83
5517.5	93
5518.5	98
5519.5	100
5520.5	109
5521.5	116
5522.5	130
5523.5	127
5524.5	138
5525.5	154
5526.5	159
5527.5	179
5528.5	205
5529.5	212
5530.5	224
5531.5	240
5532.5	246
5533.5	257
5534.5	271
5535.5	285
5536.5	298
5537.5	305
5538.5	309
5539.5	306
5540.5	291
5541.5	286
5542.5	281
5543.5	255
5544.5	231
5545.5	224
5546.5	201
5547.5	179
5548.5	159
5549.5	134
5550.5	108
5551.5	89
5552.5	79
5553.5	70
5554.5	58
5555.5	48
5556.5	42
5557.5	42
5558.5	40
5559.5	37
5560.5	37
5561.5	35
5562.5	36
5563.5	37
5564.5	37
5565.5	38
5566.5	39
5567.5	37
5568.5	36
5569.5	36
5570.5	38
5571.5	41
5572.5	38
5573.5	36
5574.5	37
5575.5	39
5576.5	39
5577.5	36
5578.5	39
5579.5	41
5580.5	39
5581.5	35
5582.5	38
5583.5	40
5584.5	40
5585.5	36
5586.5	37
5587.5	38
5588.5	38
5589.5	35
5590.5	38
5591.5	39
5592.5	39
5593.5	35
5594.5	36
5595.5	38
5596.5	37
5597.5	39
5598.5	36
5599.5	40
5600.5	37
5601.5	40
5602.5	37
5603.5	40
5604.5	35
5605.5	38
5606.5	41
5607.5	37
5608.5	37
5609.5	38
5610.5	36
5611.5	38
5612.5	37
5613.5	38
5614.5	37
5615.5	36
5616.5	38
5617.5	39
5618.5	39
5619.5	38
5620.5	43
5621.5	39
5622.5	40
5623.5	40
5624.5	40
5625.5	39
5626.5	41
5627.5	35
5628.5	37
5629.5	43
5630.5	39
5631.5	39
5632.5	40
5633.5	38
5634.5	40
5635.5	40
5636.5	42
5637.5	42
5638.5	42
5639.5	42
5640.5	41
5641.5	43
5642.5	43
5643.5	45
5644.5	44
5645.5	40
5646.5	46
5647.5	44
5648.5	49
5649.5	48
5650.5	50
5651.5	49
5652.5	51
5653.5	55
5654.5	52
5655.5	55
5656.5	61
5657.5	57
5658.5	67
5659.5	67
5660.5	76
5661.5	76
5662.5	87
5663.5	84
5664.5	88
5665.5	93
5666.5	113
5667.5	123
5668.5	123
5669.5	138
5670.5	145
5671.5	155
5672.5	167
5673.5	175
5674.5	193
5675.5	210
5676.5	223
5677.5	231
5678.5	249
5679.5	265
5680.5	297
5681.5	332
5682.5	344
5683.5	361
5684.5	394
5685.5	414
5686.5	435
5687.5	464
5688.5	473
5689.5	496
5690.5	518
5691.5	518
5692.5	536
5693.5	514
5694.5	495
5695.5	468
5696.5	442
5697.5	407
5698.5	387
5699.5	341
5700.5	311
5701.5	268
5702.5	225
5703.5	177
5704.5	147
5705.5	119
5706.5	96
5707.5	74
5708.5	60
5709.5	48
5710.5	43
5711.5	42
5712.5	40
5713.5	39
5714.5	41
5715.5	37
5716.5	35
5717.5	41
5718.5	40
5719.5	42
5720.5	42
5721.5	42
5722.5	43
5723.5	43
5724.5	46
5725.5	45
5726.5	46
5727.5	48
5728.5	45
5729.5	45
5730.5	51
5731.5	53
5732.5	56
5733.5	57
5734.5	57
5735.5	63
5736.5	64
5737.5	71
5738.5	81
5739.5	82
5740.5	80
5741.5	89
5742.5	96
5743.5	100
5744.5	113
5745.5	110
5746.5	123
5747.5	124
5748.5	141
5749.5	139
5750.5	152
5751.5	163
5752.5	175
5753.5	191
5754.5	208
5755.5	216
5756.5	236
5757.5	248
5758.5	257
5759.5	265
5760.5	287
5761.5	299
5762.5	310
5763.5	321
5764.5	318
5765.5	323
5766.5	305
5767.5	285
5768.5	275
5769.5	246
5770.5	241
5771.5	220
5772.5	199
5773.5	175
5774.5	153
5775.5	131
5776.5	103
5777.5	86
5778.5	72
5779.5	61
5780.5	49
5781.5	45
5782.5	41
5783.5	40
5784.5	40
5785.5	38
5786.5	36
5787.5	36
5788.5	37
5789.5	35
5790.5	35
5791.5	34
5792.5	37
5793.5	37
5794.5	32
5795.5	37
5796.5	36
5797.5	37
5798.5	35
5799.5	38
5800.5	38
5801.5	39
5802.5	34
5803.5	32
5804.5	41
5805.5	35
5806.5	37
5807.5	38
5808.5	38
5809.5	40
5810.5	37
5811.5	35
5812.5	37
5813.5	35
5814.5	35
5815.5	34
5816.5	35
5817.5	38
5818.5	35
5819.5	38
5820.5	37
5821.5	36
5822.5	36
5823.5	36
5824.5	34
5825.5	39
5826.5	33
5827.5	36
5828.5	35
5829.5	39
5830.5	35
5831.5	36
5832.5	34
5833.5	36
5834.5	36
5835.5	35
5836.5	37
5837.5	36
5838.5	37
5839.5	37
5840.5	37
5841.5	36
5842.5	38
5843.5	36
5844.5	35
5845.5	33
5846.5	35
5847.5	34
5848.5	39
5849.5	37
5850.5	36
5851.5	35
5852.5	35
5853.5	35
5854.5	35
5855.5	37
5856.5	35
5857.5	35
5858.5	35
5859.5	36
5860.5	38
5861.5	37
5862.5	33
5863.5	41
5864.5	36
5865.5	35
5866.5	35
5867.5	33
5868.5	37
5869.5	34
5870.5	36
5871.5	32
5872.5	36
5873.5	33
5874.5	35
5875.5	36
5876.5	33
5877.5	35
5878.5	37
5879.5	35
5880.5	34
5881.5	33
5882.5	35
5883.5	36
5884.5	37
5885.5	34
5886.5	33
5887.5	35
5888.5	33
5889.5	40
5890.5	35
5891.5	33
5892.5	36
5893.5	34
5894.5	37
5895.5	33
5896.5	36
5897.5	39
5898.5	34
5899.5	35
5900.5	34
5901.5	35
5902.5	35
5903.5	38
5904.5	37
5905.5	39
5906.5	37
5907.5	34
5908.5	39
5909.5	38
5910.5	34
5911.5	33
5912.5	35
5913.5	36
5914.5	38
5915.5	35
5916.5	34
5917.5	38
5918.5	36
5919.5	37
5920.5	35
5921.5	35
5922.5	38
5923.5	35
5924.5	35
5925.5	35
5926.5	37
5927.5	34
5928.5	35
5929.5	39
5930.5	39
5931.5	35
5932.5	38
5933.5	34
5934.5	36
5935.5	38
5936.5	38
5937.5	34
5938.5	37
5939.5	35
5940.5	36
5941.5	39
5942.5	35
5943.5	41
5944.5	37
5945.5	36
5946.5	37
5947.5	36
5948.5	36
5949.5	36
5950.5	35
5951.5	35
5952.5	43
5953.5	35
5954.5	35
5955.5	36
5956.5	35
5957.5	38
5958.5	35
5959.5	36
5960.5	35
5961.5	36
5962.5	36
5963.5	35
5964.5	39
5965.5	36
5966.5	36
5967.5	35
5968.5	36
5969.5	36
5970.5	35
5971.5	35
5972.5	38
5973.5	34
5974.5	34
5975.5	36
5976.5	37
5977.5	36
5978.5	39
5979.5	34
5980.5	38
5981.5	38
5982.5	38
5983.5	37
5984.5	38
5985.5	38
5986.5	37
5987.5	37
5988.5	37
5989.5	37
5990.5	35
5991.5	38
5992.5	38
5993.5	35
5994.5	34
5995.5	36
5996.5	34
5997.5	36
5998.5	34
5999.5	39
6000.5	34
6001.5	35
6002.5	35
6003.5	34
6004.5	37
6005.5	34
6006.5	35
6007.5	35
6008.5	37
6009.5	40
6010.5	40
6011.5	36
6012.5	38
6013.5	36
6014.5	35
6015.5	33
6016.5	34
6017.5	38
6018.5	35
6019.5	34
6020.5	36
6021.5	35
6022.5	37
6023.5	37
6024.5	36
6025.5	36
6026.5	36
6027.5	34
6028.5	38
6029.5	36
6030.5	40
6031.5	37
6032.5	35
6033.5	35
6034.5	33
6035.5	34
6036.5	35
6037.5	38
6038.5	35
6039.5	37
6040.5	37
6041.5	34
6042.5	34
6043.5	35
6044.5	37
6045.5	38
6046.5	36
6047.5	35
6048.5	35
6049.5	35
6050.5	35
6051.5	34
6052.5	34
6053.5	36
6054.5	37
6055.5	37
6056.5	34
6057.5	37
6058.5	38
6059.5	36
6060.5	35
6061.5	35
6062.5	37
6063.5	36
6064.5	40
6065.5	37
6066.5	36
6067.5	38
6068.5	37
6069.5	38
6070.5	39
6071.5	37
6072.5	37
6073.5	36
6074.5	35
6075.5	35
6076.5	35
6077.5	39
6078.5	35
6079.5	39
6080.5	37
6081.5	38
6082.5	36
6083.5	35
6084.5	39
6085.5	38
6086.5	38
6087.5	44
6088.5	38
6089.5	40
6090.5	44
6091.5	40
6092.5	41
6093.5	42
6094.5	42
6095.5	45
6096.5	45
6097.5	48
6098.5	43
6099.5	47
6100.5	46
6101.5	49
6102.5	48
6103.5	51
6104.5	53
6105.5	55
6106.5	55
6107.5	61
6108.5	64
6109.5	65
6110.5	70
6111.5	75
6112.5	83
6113.5	89
6114.5	92
6115.5	96
6116.5	106
6117.5	112
6118.5	117
6119.5	127
6120.5	132
6121.5	137
6122.5	145
6123.5	153
6124.5	171
6125.5	179
6126.5	193
6127.5	206
6128.5	215
6129.5	224
6130.5	239
6131.5	243
6132.5	254
6133.5	260
6134.5	272
6135.5	283
6136.5	296
6137.5	291
6138.5	281
6139.5	266
6140.5	266
6141.5	247
6142.5	224
6143.5	211
6144.5	188
6145.5	166
6146.5	158
6147.5	132
6148.5	110
6149.5	100
6150.5	88
6151.5	80
6152.5	69
6153.5	61
6154.5	60
6155.5	58
6156.5	56
6157.5	45
6158.5	49
6159.5	45
6160.5	42
6161.5	42
6162.5	40
6163.5	41
6164.5	42
6165.5	37
6166.5	37
6167.5	40
6168.5	38
6169.5	36
6170.5	39
6171.5	37
6172.5	38
6173.5	36
6174.5	37
6175.5	37
6176.5	36
6177.5	33
6178.5	37
6179.5	36
6180.5	35
6181.5	40
6182.5	35
6183.5	36
6184.5	37
6185.5	33
6186.5	35
6187.5	37
6188.5	35
6189.5	37
6190.5	34
6191.5	37
6192.5	33
6193.5	37
6194.5	35
6195.5	35
6196.5	37
6197.5	37
6198.5	35
6199.5	34
6200.5	35
6201.5	36
6202.5	35
6203.5	33
6204.5	35
6205.5	35
6206.5	35
6207.5	34
6208.5	38
6209.5	35
6210.5	35
6211.5	34
6212.5	32
6213.5	35
6214.5	35
6215.5	34
6216.5	35
6217.5	35
6218.5	36
6219.5	35
6220.5	35
6221.5	29
6222.5	38
6223.5	35
6224.5	35
6225.5	37
6226.5	36
6227.5	31
6228.5	34
6229.5	32
6230.5	36
6231.5	34
6232.5	36
6233.5	34
6234.5	34
6235.5	35
6236.5	33
6237.5	33
6238.5	36
6239.5	38
6240.5	36
6241.5	34
6242.5	39
6243.5	32
6244.5	35
6245.5	35
6246.5	35
6247.5	35
6248.5	33
6249.5	36
6250.5	39
6251.5	34
6252.5	34
6253.5	35
6254.5	35
6255.5	35
6256.5	37
6257.5	34
6258.5	34
6259.5	34
6260.5	32
6261.5	33
6262.5	34
6263.5	35
6264.5	35
6265.5	35
6266.5	29
6267.5	33
6268.5	33
6269.5	33
6270.5	35
6271.5	35
6272.5	33
6273.5	32
6274.5	34
6275.5	36
6276.5	37
6277.5	33
6278.5	35
6279.5	32
6280.5	31
6281.5	35
6282.5	33
6283.5	36
6284.5	33
6285.5	32
6286.5	34
6287.5	30
6288.5	33
6289.5	37
6290.5	37
6291.5	34
6292.5	34
6293.5	35
6294.5	36
6295.5	36
6296.5	35
6297.5	33
6298.5	35
6299.5	36
6300.5	39
6301.5	35
6302.5	35
6303.5	35
6304.5	37
6305.5	35
6306.5	36
6307.5	37
6308.5	34
6309.5	34
6310.5	33
6311.5	33
6312.5	35
6313.5	35
6314.5	35
6315.5	36
6316.5	35
6317.5	33
6318.5	38
6319.5	33
6320.5	33
6321.5	38
6322.5	34
6323.5	34
6324.5	34
6325.5	34
6326.5	33
6327.5	37
6328.5	33
6329.5	36
6330.5	37
6331.5	33
6332.5	34
6333.5	33
6334.5	36
6335.5	33
6336.5	33
6337.5	35
6338.5	34
6339.5	34
6340.5	38
6341.5	33
6342.5	35
6343.5	36
6344.5	38
6345.5	33
6346.5	32
6347.5	35
6348.5	36
6349.5	37
6350.5	35
6351.5	34
6352.5	34
6353.5	35
6354.5	34
6355.5	35
6356.5	29
6357.5	35
6358.5	37
6359.5	34
6360.5	34
6361.5	35
6362.5	34
6363.5	40
6364.5	35
6365.5	32
6366.5	33
6367.5	34
6368.5	34
6369.5	34
6370.5	32
6371.5	37
6372.5	35
6373.5	35
6374.5	33
6375.5	35
6376.5	34
6377.5	34
6378.5	35
6379.5	38
6380.5	36
6381.5	35
6382.5	34
6383.5	34
6384.5	34
6385.5	35
6386.5	35
6387.5	33
6388.5	33
6389.5	36
6390.5	33
6391.5	32
6392.5	35
6393.5	36
6394.5	36
6395.5	32
6396.5	35
6397.5	35
6398.5	35
6399.5	33
6400.5	36
6401.5	33
6402.5	34
6403.5	32
6404.5	37
6405.5	33
6406.5	35
6407.5	34
6408.5	34
6409.5	34
6410.5	35
6411.5	34
6412.5	33
6413.5	34
6414.5	36
6415.5	35
6416.5	37
6417.5	32
6418.5	35
6419.5	34
6420.5	34
6421.5	35
6422.5	34
6423.5	35
6424.5	34
6425.5	36
6426.5	32
6427.5	36
6428.5	34
6429.5	32
6430.5	35
6431.5	34
6432.5	34
6433.5	35
6434.5	35
6435.5	33
6436.5	33
6437.5	36
6438.5	34
6439.5	33
6440.5	38
6441.5	32
6442.5	33
6443.5	35
6444.5	34
6445.5	34
6446.5	38
6447.5	34
6448.5	32
6449.5	32
6450.5	35
6451.5	35
6452.5	34
6453.5	33
6454.5	36
6455.5	34
6456.5	36
6457.5	35
6458.5	33
6459.5	35
6460.5	33
6461.5	37
6462.5	35
6463.5	37
6464.5	33
6465.5	34
6466.5	34
6467.5	34
6468.5	34
6469.5	32
6470.5	36
6471.5	33
6472.5	34
6473.5	34
6474.5	33
6475.5	34
6476.5	32
6477.5	35
6478.5	35
6479.5	35
6480.5	33
6481.5	34
6482.5	34
6483.5	35
6484.5	34
6485.5	33
6486.5	32
6487.5	36
6488.5	34
6489.5	35
6490.5	35
6491.5	34
6492.5	33
6493.5	33
6494.5	33
6495.5	34
6496.5	35
6497.5	34
6498.5	34
6499.5	39
6500.5	32
6501.5	36
6502.5	33
6503.5	32
6504.5	35
6505.5	38
6506.5	36
6507.5	33
6508.5	33
6509.5	34
6510.5	32
6511.5	37
6512.5	37
6513.5	35
6514.5	36
6515.5	36
6516.5	35
6517.5	32
6518.5	31
6519.5	34
6520.5	33
6521.5	33
6522.5	35
6523.5	37
6524.5	35
6525.5	38
6526.5	35
6527.5	35
6528.5	35
6529.5	34
6530.5	35
6531.5	35
6532.5	34
6533.5	35
6534.5	37
6535.5	34
6536.5	36
6537.5	36
6538.5	32
6539.5	35
6540.5	33
6541.5	37
6542.5	36
6543.5	36
6544.5	37
6545.5	34
6546.5	34
6547.5	34
6548.5	35
6549.5	34
6550.5	34
6551.5	37
6552.5	35
6553.5	33
6554.5	33
6555.5	33
6556.5	34
6557.5	37
6558.5	35
6559.5	37
6560.5	35
6561.5	34
6562.5	35
6563.5	34
6564.5	36
6565.5	36
6566.5	35
6567.5	33
6568.5	34
6569.5	35
6570.5	34
6571.5	32
6572.5	31
6573.5	37
6574.5	35
6575.5	34
6576.5	35
6577.5	32
6578.5	36
6579.5	33
6580.5	34
6581.5	36
6582.5	35
6583.5	35
6584.5	36
6585.5	35
6586.5	35
6587.5	37
6588.5	35
6589.5	33
6590.5	34
6591.5	33
6592.5	35
6593.5	38
6594.5	33
6595.5	37
6596.5	35
6597.5	37
6598.5	33
6599.5	34
6600.5	33
6601.5	36
6602.5	35
6603.5	33
6604.5	34
6605.5	36
6606.5	38
6607.5	33
6608.5	34
6609.5	32
6610.5	36
6611.5	34
6612.5	32
6613.5	34
6614.5	34
6615.5	34
6616.5	32
6617.5	31
6618.5	35
6619.5	35
6620.5	33
6621.5	38
6622.5	32
6623.5	35
6624.5	32
6625.5	36
6626.5	32
6627.5	34
6628.5	32
6629.5	36
6630.5	34
6631.5	34
6632.5	32
6633.5	36
6634.5	32
6635.5	31
6636.5	34
6637.5	34
6638.5	37
6639.5	37
6640.5	33
6641.5	35
6642.5	35
6643.5	36
6644.5	35
6645.5	37
6646.5	33
6647.5	36
6648.5	37
6649.5	35
6650.5	33
6651.5	35
6652.5	33
6653.5	36
6654.5	33
6655.5	32
6656.5	35
6657.5	35
6658.5	32
6659.5	32
6660.5	36
6661.5	36
6662.5	34
6663.5	34
6664.5	34
6665.5	33
6666.5	32
6667.5	33
6668.5	33
6669.5	36
6670.5	35
6671.5	37
6672.5	34
6673.5	36
6674.5	35
6675.5	32
6676.5	32
6677.5	36
6678.5	34
6679.5	34
6680.5	33
6681.5	36
6682.5	32
6683.5	34
6684.5	33
6685.5	35
6686.5	35
6687.5	35
6688.5	33
6689.5	34
6690.5	35
6691.5	33
6692.5	34
6693.5	32
6694.5	32
6695.5	32
6696.5	32
6697.5	36
6698.5	33
6699.5	36
6700.5	32
6701.5	35
6702.5	34
6703.5	34
6704.5	38
6705.5	34
6706.5	34
6707.5	34
6708.5	33
6709.5	35
6710.5	35
6711.5	35
6712.5	38
6713.5	34
6714.5	33
6715.5	33
6716.5	34
6717.5	36
6718.5	37
6719.5	35
6720.5	33
6721.5	34
6722.5	34
6723.5	35
6724.5	32
6725.5	32
6726.5	34
6727.5	36
6728.5	33
6729.5	37
6730.5	36
6731.5	36
6732.5	34
6733.5	34
6734.5	34
6735.5	34
6736.5	33
6737.5	35
6738.5	32
6739.5	35
6740.5	33
6741.5	34
6742.5	34
6743.5	36
6744.5	34
6745.5	33
6746.5	35
6747.5	33
6748.5	32
6749.5	32
6750.5	34
6751.5	34
6752.5	33
6753.5	34
6754.5	35
6755.5	34
6756.5	33
6757.5	33
6758.5	32
6759.5	33
6760.5	34
6761.5	34
6762.5	33
6763.5	33
6764.5	35
6765.5	33
6766.5	34
6767.5	35
6768.5	33
6769.5	32
6770.5	36
6771.5	35
6772.5	35
6773.5	31
6774.5	33
6775.5	33
6776.5	35
6777.5	32
6778.5	34
6779.5	36
6780.5	37
6781.5	36
6782.5	35
6783.5	35
6784.5	39
6785.5	36
6786.5	33
6787.5	34
6788.5	32
6789.5	33
6790.5	34
6791.5	34
6792.5	32
6793.5	34
6794.5	37
6795.5	34
6796.5	33
6797.5	35
6798.5	32
6799.5	35
6800.5	32
6801.5	34
6802.5	34
6803.5	35
6804.5	34
6805.5	38
6806.5	34
6807.5	37
6808.5	32
6809.5	38
6810.5	30
6811.5	36
6812.5	34
6813.5	35
6814.5	32
6815.5	37
6816.5	33
6817.5	34
6818.5	34
6819.5	35
6820.5	35
6821.5	33
6822.5	33
6823.5	33
6824.5	34
6825.5	35
6826.5	33
6827.5	32
6828.5	34
6829.5	35
6830.5	32
6831.5	36
6832.5	37
6833.5	36
6834.5	35
6835.5	38
6836.5	34
6837.5	36
6838.5	35
6839.5	35
6840.5	35
6841.5	31
6842.5	34
6843.5	37
6844.5	30
6845.5	33
6846.5	40
6847.5	33
6848.5	34
6849.5	34
6850.5	34
6851.5	33
6852.5	33
6853.5	36
6854.5	35
6855.5	34
6856.5	32
6857.5	33
6858.5	34
6859.5	37
6860.5	31
6861.5	32
6862.5	34
6863.5	35
6864.5	33
6865.5	35
6866.5	35
6867.5	35
6868.5	35
6869.5	35
6870.5	39
6871.5	36
6872.5	33
6873.5	33
6874.5	35
6875.5	34
6876.5	32
6877.5	35
6878.5	34
6879.5	35
6880.5	32
6881.5	34
6882.5	33
6883.5	35
6884.5	32
6885.5	32
6886.5	38
6887.5	38
6888.5	34
6889.5	34
6890.5	34
6891.5	34
6892.5	34
6893.5	33
6894.5	37
6895.5	35
6896.5	37
6897.5	34
6898.5	35
6899.5	35
6900.5	36
6901.5	37
6902.5	39
6903.5	37
6904.5	32
6905.5	34
6906.5	33
6907.5	33
6908.5	34
6909.5	35
6910.5	34
6911.5	33
6912.5	34
6913.5	36
6914.5	32
6915.5	36
6916.5	33
6917.5	35
6918.5	36
6919.5	35
6920.5	36
6921.5	34
6922.5	36
6923.5	35
6924.5	33
6925.5	34
6926.5	35
6927.5	33
6928.5	35
6929.5	32
6930.5	34
6931.5	34
6932.5	32
6933.5	37
6934.5	36
6935.5	34
6936.5	35
6937.5	34
6938.5	35
6939.5	34
6940.5	33
6941.5	35
6942.5	38
6943.5	36
6944.5	34
6945.5	34
6946.5	34
6947.5	35
6948.5	34
6949.5	35
6950.5	34
6951.5	31
6952.5	36
6953.5	32
6954.5	33
6955.5	33
6956.5	33
6957.5	34
6958.5	33
6959.5	35
6960.5	34
6961.5	32
6962.5	33
6963.5	36
6964.5	34
6965.5	34
6966.5	34
6967.5	34
6968.5	32
6969.5	38
6970.5	36
6971.5	37
6972.5	38
6973.5	33
6974.5	38
6975.5	36
6976.5	38
6977.5	33
6978.5	32
6979.5	35
6980.5	33
6981.5	33
6982.5	34
6983.5	36
6984.5	36
6985.5	33
6986.5	32
6987.5	34
6988.5	35
6989.5	38
6990.5	38
6991.5	33
6992.5	38
6993.5	35
6994.5	31
6995.5	32
6996.5	34
6997.5	32
6998.5	34
6999.5	37
7000.5	34
7001.5	32
7002.5	34
7003.5	35
7004.5	35
7005.5	35
7006.5	34
7007.5	35
7008.5	33
7009.5	38
7010.5	38
7011.5	32
7012.5	34
7013.5	34
7014.5	34
7015.5	37
7016.5	34
7017.5	35
7018.5	33
7019.5	35
7020.5	35
7021.5	34
7022.5	35
7023.5	34
7024.5	35
7025.5	36
7026.5	35
7027.5	35
7028.5	32
7029.5	34
7030.5	34
7031.5	33
7032.5	35
7033.5	32
7034.5	33
7035.5	35
7036.5	31
7037.5	33
7038.5	36
7039.5	33
7040.5	34
7041.5	35
7042.5	35
7043.5	35
7044.5	37
7045.5	34
7046.5	32
7047.5	36
7048.5	36
7049.5	31
7050.5	34
7051.5	35
7052.5	31
7053.5	35
7054.5	32
7055.5	32
7056.5	33
7057.5	35
7058.5	32
7059.5	35
7060.5	34
7061.5	35
7062.5	36
7063.5	36
7064.5	35
7065.5	35
7066.5	34
7067.5	40
7068.5	35
7069.5	36
7070.5	35
7071.5	33
7072.5	32
7073.5	34
7074.5	33
7075.5	34
7076.5	30
7077.5	34
7078.5	32
7079.5	34
7080.5	33
7081.5	33
7082.5	37
7083.5	34
7084.5	35
7085.5	38
7086.5	34
7087.5	33
7088.5	33
7089.5	36
7090.5	34
7091.5	35
7092.5	34
7093.5	37
7094.5	37
7095.5	34
7096.5	36
7097.5	36
7098.5	35
7099.5	35
7100.5	37
7101.5	35
7102.5	34
7103.5	34
7104.5	36
7105.5	33
7106.5	35
7107.5	35
7108.5	34
7109.5	37
7110.5	35
7111.5	35
7112.5	32
7113.5	33
7114.5	35
7115.5	36
7116.5	32
7117.5	37
7118.5	34
7119.5	39
7120.5	33
7121.5	34
7122.5	33
7123.5	32
7124.5	26
7125.5	32
7126.5	35
7127.5	35
7128.5	32
7129.5	36
7130.5	33
7131.5	35
7132.5	36
7133.5	37
7134.5	33
7135.5	35
7136.5	36
7137.5	36
7138.5	34
7139.5	35
7140.5	34
7141.5	35
7142.5	34
7143.5	34
7144.5	35
7145.5	35
7146.5	33
7147.5	36
7148.5	35
7149.5	33
7150.5	38
7151.5	34
7152.5	35
7153.5	34
7154.5	33
7155.5	31
7156.5	34
7157.5	32
7158.5	34
7159.5	33
7160.5	35
7161.5	35
7162.5	33
7163.5	32
7164.5	34
7165.5	32
7166.5	32
7167.5	34
7168.5	38
7169.5	35
7170.5	32
7171.5	36
7172.5	36
7173.5	36
7174.5	35
7175.5	36
7176.5	35
7177.5	35
7178.5	33
7179.5	33
7180.5	36
7181.5	34
7182.5	35
7183.5	32
7184.5	36
7185.5	35
7186.5	33
7187.5	33
7188.5	35
7189.5	33
7190.5	40
7191.5	37
7192.5	36
7193.5	34
7194.5	33
7195.5	33
7196.5	34
7197.5	32
7198.5	33
7199.5	32
7200.5	35
7201.5	32
7202.5	33
7203.5	35
7204.5	34
7205.5	33
7206.5	32
7207.5	34
7208.5	33
7209.5	34
7210.5	38
7211.5	30
7212.5	36
7213.5	36
7214.5	35
7215.5	34
7216.5	35
7217.5	36
7218.5	35
7219.5	36
7220.5	34
7221.5	34
7222.5	38
7223.5	34
7224.5	34
7225.5	35
7226.5	36
7227.5	36
7228.5	33
7229.5	33
7230.5	34
7231.5	34
7232.5	34
7233.5	34
7234.5	33
7235.5	34
7236.5	32
7237.5	37
7238.5	35
7239.5	36
7240.5	30
7241.5	35
7242.5	36
7243.5	37
7244.5	32
7245.5	30
7246.5	32
7247.5	34
7248.5	32
7249.5	34
7250.5	33
7251.5	34
7252.5	33
7253.5	33
7254.5	33
7255.5	34
7256.5	32
7257.5	36
7258.5	35
7259.5	37
7260.5	36
7261.5	32
7262.5	33
7263.5	29
7264.5	36
7265.5	36
7266.5	35
7267.5	34
7268.5	35
7269.5	34
7270.5	35
7271.5	33
7272.5	34
7273.5	37
7274.5	30
7275.5	33
7276.5	35
7277.5	35
7278.5	35
7279.5	32
7280.5	34
7281.5	34
7282.5	31
7283.5	33
7284.5	33
7285.5	35
7286.5	35
7287.5	35
7288.5	33
7289.5	39
7290.5	36
7291.5	34
7292.5	32
7293.5	31
7294.5	32
7295.5	36
7296.5	34
7297.5	34
7298.5	35
7299.5	33
7300.5	34
7301.5	34
7302.5	33
7303.5	33
7304.5	32
7305.5	34
7306.5	32
7307.5	32
7308.5	31
7309.5	32
7310.5	41
7311.5	32
7312.5	34
7313.5	34
7314.5	35
7315.5	37
7316.5	37
7317.5	33
7318.5	38
7319.5	35
7320.5	30
7321.5	35
7322.5	34
7323.5	35
7324.5	35
7325.5	33
7326.5	35
7327.5	35
7328.5	32
7329.5	36
7330.5	35
7331.5	37
7332.5	34
7333.5	32
7334.5	34
7335.5	35
7336.5	34
7337.5	38
7338.5	35
7339.5	34
7340.5	35
7341.5	35
7342.5	34
7343.5	33
7344.5	37
7345.5	35
7346.5	35
7347.5	34
7348.5	33
7349.5	36
7350.5	36
7351.5	33
7352.5	32
7353.5	35
7354.5	35
7355.5	34
7356.5	34
7357.5	34
7358.5	33
7359.5	34
7360.5	32
7361.5	35
7362.5	34
7363.5	35
7364.5	35
7365.5	36
7366.5	38
7367.5	39
7368.5	35
7369.5	33
7370.5	36
7371.5	32
7372.5	34
7373.5	33
7374.5	33
7375.5	36
7376.5	37
7377.5	34
7378.5	36
7379.5	36
7380.5	33
7381.5	33
7382.5	33
7383.5	35
7384.5	36
7385.5	33
7386.5	33
7387.5	34
7388.5	34
7389.5	35
7390.5	33
7391.5	34
7392.5	34
7393.5	33
7394.5	35
7395.5	34
7396.5	34
7397.5	36
7398.5	35
7399.5	36
7400.5	33
7401.5	33
7402.5	39
7403.5	32
7404.5	35
7405.5	34
7406.5	36
7407.5	35
7408.5	35
7409.5	35
7410.5	34
7411.5	32
7412.5	34
7413.5	35
7414.5	32
7415.5	35
7416.5	34
7417.5	35
7418.5	35
7419.5	33
7420.5	32
7421.5	34
7422.5	36
7423.5	38
7424.5	32
7425.5	36
7426.5	34
7427.5	38
7428.5	33
7429.5	35
7430.5	35
7431.5	33
7432.5	36
7433.5	37
7434.5	32
7435.5	33
7436.5	35
7437.5	32
7438.5	33
7439.5	35
7440.5	35
7441.5	35
7442.5	32
7443.5	35
7444.5	34
7445.5	36
7446.5	35
7447.5	35
7448.5	34
7449.5	35
7450.5	35
7451.5	33
7452.5	34
7453.5	32
7454.5	38
7455.5	34
7456.5	33
7457.5	32
7458.5	33
7459.5	33
7460.5	33
7461.5	35
7462.5	35
7463.5	34
7464.5	33
7465.5	33
7466.5	33
7467.5	34
7468.5	36
7469.5	35
7470.5	33
7471.5	35
7472.5	38
7473.5	32
7474.5	34
7475.5	36
7476.5	34
7477.5	36
7478.5	34
7479.5	35
7480.5	34
7481.5	37
7482.5	34
7483.5	35
7484.5	33
7485.5	32
7486.5	36
7487.5	35
7488.5	34
7489.5	33
7490.5	33
7491.5	34
7492.5	33
7493.5	34
7494.5	32
7495.5	36
7496.5	32
7497.5	36
7498.5	35
7499.5	34
7500.5	33
7501.5	32
7502.5	35
7503.5	35
7504.5	33
7505.5	34
7506.5	32
7507.5	35
7508.5	33
7509.5	37
7510.5	39
7511.5	32
7512.5	33
7513.5	35
7514.5	34
7515.5	34
7516.5	33
7517.5	32
7518.5	34
7519.5	35
7520.5	34
7521.5	35
7522.5	34
7523.5	34
7524.5	33
7525.5	33
7526.5	32
7527.5	35
7528.5	33
7529.5	35
7530.5	34
7531.5	36
7532.5	33
7533.5	36
7534.5	34
7535.5	36
7536.5	34
7537.5	35
7538.5	30
7539.5	30
7540.5	32
7541.5	39
7542.5	35
7543.5	35
7544.5	32
7545.5	33
7546.5	36
7547.5	35
7548.5	34
7549.5	33
7550.5	36
7551.5	33
7552.5	32
7553.5	35
7554.5	38
7555.5	36
7556.5	33
7557.5	34
7558.5	32
7559.5	33
7560.5	37
7561.5	34
7562.5	35
7563.5	35
7564.5	34
7565.5	37
7566.5	35
7567.5	37
7568.5	36
7569.5	32
7570.5	35
7571.5	36
7572.5	35
7573.5	35
7574.5	36
7575.5	34
7576.5	37
7577.5	31
7578.5	35
7579.5	37
7580.5	34
7581.5	36
7582.5	33
7583.5	32
7584.5	36
7585.5	34
7586.5	33
7587.5	33
7588.5	37
7589.5	33
7590.5	33
7591.5	36
7592.5	33
7593.5	33
7594.5	34
7595.5	33
7596.5	33
7597.5	33
7598.5	33
7599.5	33
7600.5	37
7601.5	32
7602.5	34
7603.5	33
7604.5	35
7605.5	34
7606.5	39
7607.5	32
7608.5	36
7609.5	34
7610.5	38
7611.5	35
7612.5	33
7613.5	34
7614.5	37
7615.5	36
7616.5	33
7617.5	34
7618.5	37
7619.5	36
7620.5	32
7621.5	33
7622.5	32
7623.5	36
7624.5	36
7625.5	35
7626.5	32
7627.5	35
7628.5	33
7629.5	33
7630.5	36
7631.5	35
7632.5	36
7633.5	37
7634.5	33
7635.5	35
7636.5	34
7637.5	38
7638.5	35
7639.5	35
7640.5	33
7641.5	35
7642.5	32
7643.5	35
7644.5	39
7645.5	36
7646.5	33
7647.5	34
7648.5	35
7649.5	33
7650.5	35
7651.5	33
7652.5	33
7653.5	34
7654.5	33
7655.5	33
7656.5	34
7657.5	36
7658.5	35
7659.5	32
7660.5	33
7661.5	35
7662.5	32
7663.5	36
7664.5	33
7665.5	33
7666.5	33
7667.5	36
7668.5	36
7669.5	33
7670.5	35
7671.5	35
7672.5	37
7673.5	34
7674.5	36
7675.5	37
7676.5	33
7677.5	34
7678.5	32
7679.5	34
7680.5	39
7681.5	32
7682.5	32
7683.5	37
7684.5	33
7685.5	32
7686.5	35
7687.5	33
7688.5	34
7689.5	36
7690.5	35
7691.5	34
7692.5	35
7693.5	36
7694.5	34
7695.5	36
7696.5	34
7697.5	33
7698.5	33
7699.5	32
7700.5	37
7701.5	33
7702.5	35
7703.5	33
7704.5	34
7705.5	35
7706.5	34
7707.5	32
7708.5	35
7709.5	34
7710.5	33
7711.5	33
7712.5	30
7713.5	32
7714.5	34
7715.5	34
7716.5	33
7717.5	31
7718.5	32
7719.5	35
7720.5	34
7721.5	32
7722.5	33
7723.5	33
7724.5	32
7725.5	37
7726.5	32
7727.5	34
7728.5	34
7729.5	33
7730.5	35
7731.5	33
7732.5	33
7733.5	32
7734.5	34
7735.5	34
7736.5	35
7737.5	35
7738.5	33
7739.5	33
7740.5	33
7741.5	33
7742.5	33
7743.5	32
7744.5	34
7745.5	38
7746.5	33
7747.5	33
7748.5	32
7749.5	39
7750.5	34
7751.5	34
7752.5	34
7753.5	33
7754.5	32
7755.5	32
7756.5	36
7757.5	32
7758.5	35
7759.5	32
7760.5	32
7761.5	35
7762.5	34
7763.5	34
7764.5	33
7765.5	35
7766.5	32
7767.5	32
7768.5	38
7769.5	35
7770.5	33
7771.5	35
7772.5	34
7773.5	34
7774.5	34
7775.5	33
7776.5	32
7777.5	34
7778.5	36
7779.5	36
7780.5	34
7781.5	33
7782.5	33
7783.5	36
7784.5	33
7785.5	32
7786.5	33
7787.5	35
7788.5	35
7789.5	37
7790.5	35
7791.5	34
7792.5	35
7793.5	35
7794.5	32
7795.5	39
7796.5	36
7797.5	32
7798.5	34
7799.5	36
7800.5	33
7801.5	33
7802.5	34
7803.5	33
7804.5	35
7805.5	36
7806.5	33
7807.5	32
7808.5	35
7809.5	34
7810.5	34
7811.5	37
7812.5	35
7813.5	33
7814.5	34
7815.5	32
7816.5	34
7817.5	35
7818.5	34
7819.5	33
7820.5	34
7821.5	35
7822.5	34
7823.5	34
7824.5	32
7825.5	35
7826.5	35
7827.5	37
7828.5	32
7829.5	32
7830.5	33
7831.5	35
7832.5	34
7833.5	30
7834.5	35
7835.5	35
7836.5	36
7837.5	33
7838.5	36
7839.5	35
7840.5	32
7841.5	32
7842.5	34
7843.5	37
7844.5	34
7845.5	34
7846.5	33
7847.5	34
7848.5	33
7849.5	33
7850.5	35
7851.5	35
7852.5	34
7853.5	36
7854.5	37
7855.5	33
7856.5	33
7857.5	32
7858.5	32
7859.5	35
7860.5	32
7861.5	35
7862.5	34
7863.5	34
7864.5	32
7865.5	33
7866.5	35
7867.5	35
7868.5	34
7869.5	36
7870.5	38
7871.5	34
7872.5	34
7873.5	36
7874.5	32
7875.5	34
7876.5	34
7877.5	34
7878.5	35
7879.5	34
7880.5	35
7881.5	36
7882.5	33
7883.5	33
7884.5	33
7885.5	34
7886.5	34
7887.5	35
7888.5	39
7889.5	36
7890.5	33
7891.5	36
7892.5	33
7893.5	35
7894.5	35
7895.5	34
7896.5	35
7897.5	35
7898.5	34
7899.5	32
7900.5	36
7901.5	33
7902.5	34
7903.5	34
7904.5	33
7905.5	35
7906.5	35
7907.5	34
7908.5	33
7909.5	34
7910.5	36
7911.5	36
7912.5	36
7913.5	33
7914.5	34
7915.5	35
7916.5	33
7917.5	32
7918.5	35
7919.5	32
7920.5	34
7921.5	32
7922.5	34
7923.5	34
7924.5	32