0.5	37
1.5	34
2.5	33
3.5	36
4.5	34
5.5	40
6.5	33
7.5	35
8.5	35
9.5	35
10.5	35
11.5	36
12.5	39
13.5	35
14.5	38
15.5	35
16.5	36
17.5	33
18.5	37
19.5	36
20.5	34
21.5	38
22.5	37
23.5	34
24.5	32
25.5	35
26.5	38
27.5	34
28.5	35
29.5	34
30.5	36
31.5	34
32.5	35
33.5	37
34.5	34
35.5	36
36.5	36
37.5	36
38.5	38
39.5	35
40.5	34
41.5	36
42.5	34
43.5	36
44.5	33
45.5	38
46.5	35
47.5	35
48.5	35
49.5	31
50.5	37
51.5	35
52.5	33
53.5	38
54.5	35
55.5	34
56.5	35
57.5	37
58.5	37
59.5	35
60.5	34
61.5	36
62.5	35
63.5	35
64.5	34
65.5	38
66.5	34
67.5	33
68.5	37
69.5	34
70.5	32
71.5	35
72.5	35
73.5	35
74.5	34
75.5	37
76.5	35
77.5	34
78.5	36
79.5	34
80.5	35
81.5	36
82.5	37
83.5	36
84.5	36
85.5	36
86.5	34
87.5	36
88.5	32
89.5	38
90.5	35
91.5	39
92.5	35
93.5	34
94.5	36
95.5	37
96.5	38
97.5	36
98.5	36
99.5	34
100.5	38
101.5	34
102.5	34
103.5	33
104.5	36
105.5	38
106.5	35
107.5	35
108.5	37
109.5	33
110.5	34
111.5	35
112.5	35
113.5	34
114.5	34
115.5	37
116.5	37
117.5	36
118.5	32
119.5	35
120.5	34
121.5	35
122.5	36
123.5	36
124.5	33
125.5	37
126.5	33
127.5	35
128.5	34
129.5	35
130.5	36
131.5	36
132.5	32
133.5	35
134.5	37
135.5	33
136.5	32
137.5	37
138.5	37
139.5	35
140.5	33
141.5	35
142.5	35
143.5	37
144.5	35
145.5	36
146.5	32
147.5	34
148.5	36
149.5	36
150.5	34
151.5	34
152.5	34
153.5	35
154.5	38
155.5	35
156.5	35
157.5	38
158.5	35
159.5	36
160.5	34
161.5	36
162.5	36
163.5	38
164.5	35
165.5	36
166.5	40
167.5	35
168.5	37
169.5	35
170.5	34
171.5	36
172.5	37
173.5	35
174.5	32
175.5	34
176.5	35
177.5	36
178.5	35
179.5	35
180.5	34
181.5	33
182.5	33
183.5	32
184.5	36
185.5	35
186.5	36
187.5	36
188.5	32
189.5	36
190.5	35
191.5	37
192.5	35
193.5	35
194.5	35
195.5	35
196.5	34
197.5	35
198.5	34
199.5	33
200.5	35
201.5	37
202.5	33
203.5	36
204.5	33
205.5	31
206.5	32
207.5	33
208.5	34
209.5	36
210.5	36
211.5	38
212.5	36
213.5	36
214.5	32
215.5	37
216.5	34
217.5	36
218.5	35
219.5	32
220.5	34
221.5	37
222.5	35
223.5	37
224.5	35
225.5	35
226.5	34
227.5	36
228.5	34
229.5	35
230.5	32
231.5	32
232.5	39
233.5	34
234.5	33
235.5	37
236.5	36
237.5	37
238.5	35
239.5	33
240.5	34
241.5	34
242.5	33
243.5	34
244.5	34
245.5	35
246.5	35
247.5	33
248.5	34
249.5	37
250.5	37
251.5	33
252.5	34
253.5	34
254.5	34
255.5	36
256.5	32
257.5	34
258.5	37
259.5	35
260.5	32
261.5	36
262.5	35
263.5	32
264.5	34
265.5	37
266.5	35
267.5	35
268.5	33
269.5	33
270.5	33
271.5	34
272.5	38
273.5	34
274.5	37
275.5	34
276.5	32
277.5	34
278.5	34
279.5	35
280.5	33
281.5	34
282.5	35
283.5	35
284.5	35
285.5	36
286.5	35
287.5	35
288.5	35
289.5	34
290.5	35
291.5	37
292.5	35
293.5	35
294.5	34
295.5	33
296.5	37
297.5	36
298.5	36
299.5	35
300.5	35
301.5	37
302.5	39
303.5	35
304.5	35
305.5	32
306.5	34
307.5	36
308.5	35
309.5	36
310.5	34
311.5	38
312.5	34
313.5	38
314.5	33
315.5	37
316.5	35
317.5	36
318.5	34
319.5	35
320.5	36
321.5	34
322.5	32
323.5	36
324.5	37
325.5	31
326.5	36
327.5	33
328.5	35
329.5	35
330.5	34
331.5	34
332.5	35
333.5	36
334.5	34
335.5	34
336.5	36
337.5	32
338.5	37
339.5	31
340.5	35
341.5	35
342.5	34
343.5	33
344.5	33
345.5	33
346.5	34
347.5	34
348.5	36
349.5	36
350.5	34
351.5	35
352.5	34
353.5	35
354.5	37
355.5	35
356.5	34
357.5	35
358.5	35
359.5	35
360.5	34
361.5	33
362.5	34
363.5	37
364.5	34
365.5	35
366.5	36
367.5	34
368.5	34
369.5	35
370.5	35
371.5	38
372.5	34
373.5	32
374.5	32
375.5	35
376.5	35
377.5	35
378.5	34
379.5	32
380.5	34
381.5	35
382.5	33
383.5	37
384.5	35
385.5	34
386.5	33
387.5	35
388.5	33
389.5	35
390.5	34
391.5	35
392.5	36
393.5	33
394.5	36
395.5	33
396.5	35
397.5	36
398.5	35
399.5	34
400.5	41
401.5	36
402.5	32
403.5	33
404.5	34
405.5	35
406.5	38
407.5	34
408.5	38
409.5	33
410.5	33
411.5	35
412.5	33
413.5	33
414.5	34
415.5	32
416.5	35
417.5	34
418.5	33
419.5	35
420.5	32
421.5	35
422.5	36
423.5	34
424.5	34
425.5	34
426.5	37
427.5	35
428.5	37
429.5	36
430.5	33
431.5	33
432.5	35
433.5	33
434.5	32
435.5	37
436.5	35
437.5	33
438.5	32
439.5	34
440.5	33
441.5	34
442.5	35
443.5	32
444.5	33
445.5	32
446.5	37
447.5	33
448.5	34
449.5	31
450.5	35
451.5	35
452.5	35
453.5	34
454.5	31
455.5	35
456.5	34
457.5	37
458.5	34
459.5	34
460.5	37
461.5	38
462.5	33
463.5	33
464.5	33
465.5	35
466.5	33
467.5	36
468.5	33
469.5	35
470.5	35
471.5	35
472.5	32
473.5	34
474.5	36
475.5	35
476.5	33
477.5	35
478.5	35
479.5	35
480.5	34
481.5	36
482.5	32
483.5	34
484.5	34
485.5	34
486.5	35
487.5	34
488.5	37
489.5	35
490.5	34
491.5	34
492.5	34
493.5	33
494.5	36
495.5	34
496.5	36
497.5	34
498.5	32
499.5	35
500.5	35
501.5	38
502.5	35
503.5	35
504.5	34
505.5	36
506.5	34
507.5	35
508.5	32
509.5	32
510.5	32
511.5	35
512.5	34
513.5	35
514.5	33
515.5	37
516.5	35
517.5	35
518.5	34
519.5	33
520.5	30
521.5	34
522.5	35
523.5	37
524.5	34
525.5	38
526.5	35
527.5	32
528.5	34
529.5	36
530.5	35
531.5	34
532.5	34
533.5	33
534.5	34
535.5	35
536.5	34
537.5	34
538.5	34
539.5	35
540.5	35
541.5	33
542.5	36
543.5	35
544.5	34
545.5	35
546.5	35
547.5	37
548.5	36
549.5	37
550.5	35
551.5	33
552.5	33
553.5	37
554.5	34
555.5	32
556.5	37
557.5	32
558.5	35
559.5	34
560.5	32
561.5	35
562.5	33
563.5	34
564.5	35
565.5	35
566.5	35
567.5	34
568.5	35
569.5	33
570.5	33
571.5	36
572.5	35
573.5	35
574.5	33
575.5	36
576.5	35
577.5	34
578.5	34
579.5	35
580.5	35
581.5	34
582.5	30
583.5	38
584.5	35
585.5	34
586.5	33
587.5	35
588.5	34
589.5	35
590.5	32
591.5	36
592.5	31
593.5	34
594.5	32
595.5	35
596.5	34
597.5	36
598.5	36
599.5	33
600.5	32
601.5	33
602.5	33
603.5	35
604.5	34
605.5	34
606.5	35
607.5	32
608.5	36
609.5	33
610.5	32
611.5	32
612.5	36
613.5	36
614.5	32
615.5	33
616.5	34
617.5	34
618.5	34
619.5	33
620.5	34
621.5	35
622.5	32
623.5	33
624.5	35
625.5	33
626.5	35
627.5	35
628.5	35
629.5	37
630.5	34
631.5	35
632.5	35
633.5	34
634.5	35
635.5	32
636.5	33
637.5	34
638.5	34
639.5	33
640.5	30
641.5	34
642.5	31
643.5	35
644.5	33
645.5	35
646.5	35
647.5	36
648.5	35
649.5	36
650.5	36
651.5	36
652.5	38
653.5	35
654.5	37
655.5	36
656.5	33
657.5	33
658.5	34
659.5	32
660.5	32
661.5	36
662.5	36
663.5	35
664.5	34
665.5	36
666.5	33
667.5	35
668.5	32
669.5	34
670.5	36
671.5	33
672.5	35
673.5	38
674.5	35
675.5	35
676.5	37
677.5	35
678.5	35
679.5	35
680.5	33
681.5	36
682.5	34
683.5	35
684.5	34
685.5	35
686.5	35
687.5	34
688.5	33
689.5	36
690.5	32
691.5	34
692.5	31
693.5	37
694.5	33
695.5	33
696.5	37
697.5	36
698.5	34
699.5	34
700.5	34
701.5	35
702.5	32
703.5	35
704.5	35
705.5	35
706.5	33
707.5	33
708.5	35
709.5	33
710.5	34
711.5	33
712.5	36
713.5	34
714.5	35
715.5	32
716.5	35
717.5	34
718.5	34
719.5	32
720.5	33
721.5	36
722.5	30
723.5	37
724.5	32
725.5	36
726.5	32
727.5	34
728.5	33
729.5	33
730.5	33
731.5	35
732.5	34
733.5	36
734.5	35
735.5	33
736.5	32
737.5	32
738.5	32
739.5	35
740.5	33
741.5	32
742.5	36
743.5	34
744.5	36
745.5	36
746.5	35
747.5	35
748.5	33
749.5	33
750.5	34
751.5	34
752.5	34
753.5	37
754.5	33
755.5	38
756.5	46
757.5	32
758.5	34
759.5	34
760.5	33
761.5	37
762.5	34
763.5	34
764.5	35
765.5	36
766.5	32
767.5	34
768.5	34
769.5	38
770.5	34
771.5	30
772.5	32
773.5	33
774.5	33
775.5	34
776.5	33
777.5	35
778.5	35
779.5	32
780.5	35
781.5	36
782.5	35
783.5	32
784.5	32
785.5	35
786.5	32
787.5	32
788.5	33
789.5	32
790.5	32
791.5	27
792.5	32
793.5	31
794.5	32
795.5	36
796.5	35
797.5	33
798.5	35
799.5	36
800.5	36
801.5	34
802.5	34
803.5	36
804.5	32
805.5	36
806.5	36
807.5	32
808.5	32
809.5	33
810.5	34
811.5	36
812.5	35
813.5	32
814.5	36
815.5	32
816.5	35
817.5	34
818.5	35
819.5	35
820.5	37
821.5	35
822.5	32
823.5	35
824.5	35
825.5	34
826.5	35
827.5	35
828.5	33
829.5	33
830.5	33
831.5	33
832.5	34
833.5	37
834.5	33
835.5	33
836.5	30
837.5	34
838.5	29
839.5	33
840.5	36
841.5	34
842.5	35
843.5	34
844.5	36
845.5	34
846.5	33
847.5	34
848.5	33
849.5	33
850.5	34
851.5	34
852.5	33
853.5	34
854.5	35
855.5	35
856.5	33
857.5	32
858.5	35
859.5	35
860.5	34
861.5	34
862.5	35
863.5	36
864.5	35
865.5	35
866.5	35
867.5	35
868.5	36
869.5	34
870.5	30
871.5	32
872.5	32
873.5	32
874.5	35
875.5	33
876.5	35
877.5	34
878.5	33
879.5	34
880.5	35
881.5	35
882.5	34
883.5	36
884.5	35
885.5	34
886.5	30
887.5	36
888.5	32
889.5	33
890.5	35
891.5	36
892.5	34
893.5	36
894.5	32
895.5	33
896.5	34
897.5	36
898.5	34
899.5	36
900.5	36
901.5	34
902.5	32
903.5	34
904.5	35
905.5	34
906.5	31
907.5	34
908.5	35
909.5	32
910.5	34
911.5	37
912.5	35
913.5	35
914.5	32
915.5	37
916.5	34
917.5	31
918.5	32
919.5	35
920.5	32
921.5	36
922.5	37
923.5	34
924.5	34
925.5	35
926.5	35
927.5	34
928.5	34
929.5	34
930.5	41
931.5	32
932.5	35
933.5	34
934.5	37
935.5	34
936.5	36
937.5	36
938.5	35
939.5	33
940.5	34
941.5	36
942.5	33
943.5	33
944.5	34
945.5	37
946.5	33
947.5	36
948.5	35
949.5	35
950.5	36
951.5	34
952.5	35
953.5	34
954.5	33
955.5	37
956.5	34
957.5	34
958.5	34
959.5	33
960.5	33
961.5	35
962.5	37
963.5	36
964.5	33
965.5	32
966.5	35
967.5	34
968.5	34
969.5	34
970.5	35
971.5	35
972.5	35
973.5	33
974.5	36
975.5	32
976.5	35
977.5	34
978.5	34
979.5	32
980.5	34
981.5	35
982.5	33
983.5	32
984.5	35
985.5	33
986.5	37
987.5	33
988.5	33
989.5	32
990.5	33
991.5	31
992.5	33
993.5	35
994.5	37
995.5	33
996.5	35
997.5	34
998.5	32
999.5	40
1000.5	32
1001.5	34
1002.5	33
1003.5	36
1004.5	35
1005.5	32
1006.5	33
1007.5	34
1008.5	35
1009.5	35
1010.5	37
1011.5	33
1012.5	36
1013.5	35
1014.5	35
1015.5	31
1016.5	36
1017.5	34
1018.5	35
1019.5	34
1020.5	33
1021.5	33
1022.5	35
1023.5	34
1024.5	37
1025.5	35
1026.5	32
1027.5	37
1028.5	33
1029.5	33
1030.5	35
1031.5	38
1032.5	37
1033.5	35
1034.5	32
1035.5	34
1036.5	32
1037.5	34
1038.5	34
1039.5	35
1040.5	34
1041.5	33
1042.5	35
1043.5	33
1044.5	35
1045.5	32
1046.5	33
1047.5	34
1048.5	36
1049.5	35
1050.5	36
1051.5	34
1052.5	38
1053.5	34
1054.5	32
1055.5	33
1056.5	33
1057.5	35
1058.5	35
1059.5	33
1060.5	33
1061.5	33
1062.5	33
1063.5	33
1064.5	34
1065.5	34
1066.5	35
1067.5	35
1068.5	33
1069.5	36
1070.5	35
1071.5	33
1072.5	32
1073.5	34
1074.5	35
1075.5	33
1076.5	33
1077.5	34
1078.5	35
1079.5	35
1080.5	34
1081.5	36
1082.5	35
1083.5	32
1084.5	35
1085.5	34
1086.5	35
1087.5	34
1088.5	35
1089.5	35
1090.5	33
1091.5	32
1092.5	36
1093.5	36
1094.5	33
1095.5	34
1096.5	39
1097.5	36
1098.5	34
1099.5	34
1100.5	34
1101.5	33
1102.5	35
1103.5	33
1104.5	37
1105.5	34
1106.5	34
1107.5	32
1108.5	32
1109.5	34
1110.5	36
1111.5	36
1112.5	35
1113.5	35
1114.5	33
1115.5	36
1116.5	32
1117.5	34
1118.5	36
1119.5	35
1120.5	32
1121.5	33
1122.5	34
1123.5	33
1124.5	34
1125.5	36
1126.5	34
1127.5	35
1128.5	36
1129.5	31
1130.5	37
1131.5	35
1132.5	34
1133.5	34
1134.5	34
1135.5	29
1136.5	35
1137.5	36
1138.5	30
1139.5	35
1140.5	32
1141.5	35
1142.5	35
1143.5	34
1144.5	39
1145.5	33
1146.5	37
1147.5	35
1148.5	36
1149.5	35
1150.5	34
1151.5	34
1152.5	33
1153.5	34
1154.5	34
1155.5	34
1156.5	35
1157.5	33
1158.5	31
1159.5	34
1160.5	32
1161.5	35
1162.5	37
1163.5	35
1164.5	34
1165.5	34
1166.5	35
1167.5	37
1168.5	33
1169.5	37
1170.5	35
1171.5	35
1172.5	33
1173.5	34
1174.5	32
1175.5	33
1176.5	36
1177.5	35
1178.5	32
1179.5	36
1180.5	35
1181.5	33
1182.5	36
1183.5	32
1184.5	32
1185.5	35
1186.5	32
1187.5	34
1188.5	32
1189.5	33
1190.5	36
1191.5	33
1192.5	34
1193.5	33
1194.5	32
1195.5	33
1196.5	33
1197.5	35
1198.5	35
1199.5	33
1200.5	33
1201.5	35
1202.5	35
1203.5	32
1204.5	27
1205.5	34
1206.5	33
1207.5	35
1208.5	33
1209.5	33
1210.5	34
1211.5	33
1212.5	32
1213.5	34
1214.5	34
1215.5	34
1216.5	35
1217.5	35
1218.5	37
1219.5	34
1220.5	37
1221.5	32
1222.5	34
1223.5	34
1224.5	33
1225.5	33
1226.5	33
1227.5	36
1228.5	34
1229.5	37
1230.5	33
1231.5	35
1232.5	33
1233.5	34
1234.5	34
1235.5	33
1236.5	35
1237.5	35
1238.5	34
1239.5	36
1240.5	35
1241.5	32
1242.5	35
1243.5	33
1244.5	33
1245.5	34
1246.5	32
1247.5	34
1248.5	33
1249.5	34
1250.5	33
1251.5	34
1252.5	35
1253.5	32
1254.5	32
1255.5	33
1256.5	33
1257.5	35
1258.5	36
1259.5	35
1260.5	34
1261.5	32
1262.5	37
1263.5	31
1264.5	34
1265.5	34
1266.5	33
1267.5	36
1268.5	34
1269.5	36
1270.5	34
1271.5	34
1272.5	33
1273.5	33
1274.5	32
1275.5	35
1276.5	35
1277.5	33
1278.5	35
1279.5	34
1280.5	32
1281.5	34
1282.5	33
1283.5	34
1284.5	32
1285.5	34
1286.5	34
1287.5	35
1288.5	33
1289.5	38
1290.5	35
1291.5	33
1292.5	33
1293.5	33
1294.5	35
1295.5	35
1296.5	35
1297.5	32
1298.5	33
1299.5	32
1300.5	36
1301.5	33
1302.5	34
1303.5	36
1304.5	31
1305.5	38
1306.5	34
1307.5	35
1308.5	35
1309.5	37
1310.5	34
1311.5	35
1312.5	35
1313.5	32
1314.5	33
1315.5	34
1316.5	34
1317.5	33
1318.5	34
1319.5	34
1320.5	33
1321.5	35
1322.5	34
1323.5	37
1324.5	32
1325.5	32
1326.5	35
1327.5	33
1328.5	36
1329.5	34
1330.5	33
1331.5	33
1332.5	33
1333.5	36
1334.5	34
1335.5	36
1336.5	36
1337.5	34
1338.5	33
1339.5	32
1340.5	35
1341.5	34
1342.5	34
1343.5	36
1344.5	33
1345.5	35
1346.5	32
1347.5	34
1348.5	33
1349.5	34
1350.5	36
1351.5	35
1352.5	34
1353.5	33
1354.5	34
1355.5	36
1356.5	34
1357.5	34
1358.5	33
1359.5	34
1360.5	34
1361.5	31
1362.5	34
1363.5	35
1364.5	35
1365.5	33
1366.5	33
1367.5	32
1368.5	35
1369.5	34
1370.5	34
1371.5	34
1372.5	36
1373.5	33
1374.5	37
1375.5	34
1376.5	32
1377.5	34
1378.5	29
1379.5	38
1380.5	32
1381.5	35
1382.5	35
1383.5	34
1384.5	35
1385.5	32
1386.5	32
1387.5	34
1388.5	33
1389.5	34
1390.5	35
1391.5	35
1392.5	34
1393.5	35
1394.5	33
1395.5	34
1396.5	35
1397.5	35
1398.5	33
1399.5	33
1400.5	35
1401.5	31
1402.5	35
1403.5	32
1404.5	34
1405.5	34
1406.5	34
1407.5	36
1408.5	33
1409.5	33
1410.5	33
1411.5	35
1412.5	34
1413.5	34
1414.5	34
1415.5	33
1416.5	33
1417.5	37
1418.5	34
1419.5	33
1420.5	35
1421.5	35
1422.5	33
1423.5	33
1424.5	34
1425.5	32
1426.5	33
1427.5	36
1428.5	34
1429.5	34
1430.5	32
1431.5	32
1432.5	35
1433.5	32
1434.5	35
1435.5	32
1436.5	36
1437.5	35
1438.5	34
1439.5	35
1440.5	31
1441.5	33
1442.5	38
1443.5	33
1444.5	31
1445.5	35
1446.5	32
1447.5	32
1448.5	33
1449.5	35
1450.5	34
1451.5	34
1452.5	33
1453.5	35
1454.5	36
1455.5	34
1456.5	32
1457.5	36
1458.5	34
1459.5	32
1460.5	36
1461.5	35
1462.5	36
1463.5	34
1464.5	33
1465.5	36
1466.5	34
1467.5	34
1468.5	35
1469.5	32
1470.5	34
1471.5	36
1472.5	36
1473.5	33
1474.5	34
1475.5	34
1476.5	35
1477.5	32
1478.5	35
1479.5	32
1480.5	33
1481.5	33
1482.5	35
1483.5	35
1484.5	33
1485.5	30
1486.5	34
1487.5	34
1488.5	34
1489.5	35
1490.5	32
1491.5	36
1492.5	34
1493.5	34
1494.5	35
1495.5	34
1496.5	33
1497.5	34
1498.5	33
1499.5	35
1500.5	32
1501.5	33
1502.5	35
1503.5	33
1504.5	34
1505.5	32
1506.5	34
1507.5	35
1508.5	34
1509.5	34
1510.5	33
1511.5	36
1512.5	34
1513.5	34
1514.5	33
1515.5	35
1516.5	32
1517.5	35
1518.5	33
1519.5	34
1520.5	35
1521.5	34
1522.5	34
1523.5	38
1524.5	32
1525.5	35
1526.5	34
1527.5	33
1528.5	35
1529.5	33
1530.5	35
1531.5	33
1532.5	35
1533.5	32
1534.5	32
1535.5	33
1536.5	34
1537.5	35
1538.5	34
1539.5	32
1540.5	36
1541.5	33
1542.5	33
1543.5	32
1544.5	32
1545.5	32
1546.5	36
1547.5	33
1548.5	34
1549.5	33
1550.5	35
1551.5	33
1552.5	33
1553.5	34
1554.5	34
1555.5	32
1556.5	32
1557.5	33
1558.5	36
1559.5	34
1560.5	32
1561.5	35
1562.5	31
1563.5	33
1564.5	33
1565.5	38
1566.5	33
1567.5	33
1568.5	34
1569.5	34
1570.5	31
1571.5	33
1572.5	34
1573.5	35
1574.5	34
1575.5	33
1576.5	34
1577.5	33
1578.5	34
1579.5	35
1580.5	33
1581.5	35
1582.5	32
1583.5	36
1584.5	33
1585.5	33
1586.5	34
1587.5	32
1588.5	33
1589.5	34
1590.5	35
1591.5	35
1592.5	33
1593.5	33
1594.5	34
1595.5	33
1596.5	35
1597.5	32
1598.5	33
1599.5	36
1600.5	32
1601.5	32
1602.5	34
1603.5	34
1604.5	33
1605.5	38
1606.5	35
1607.5	34
1608.5	34
1609.5	32
1610.5	36
1611.5	34
1612.5	31
1613.5	34
1614.5	34
1615.5	35
1616.5	34
1617.5	32
1618.5	34
1619.5	34
1620.5	33
1621.5	32
1622.5	34
1623.5	32
1624.5	36
1625.5	34
1626.5	34
1627.5	35
1628.5	32
1629.5	34
1630.5	29
1631.5	34
1632.5	34
1633.5	34
1634.5	32
1635.5	33
1636.5	33
1637.5	32
1638.5	34
1639.5	35
1640.5	33
1641.5	34
1642.5	32
1643.5	35
1644.5	35
1645.5	34
1646.5	31
1647.5	33
1648.5	32
1649.5	35
1650.5	33
1651.5	34
1652.5	34
1653.5	32
1654.5	32
1655.5	32
1656.5	34
1657.5	33
1658.5	35
1659.5	35
1660.5	37
1661.5	33
1662.5	34
1663.5	34
1664.5	34
1665.5	35
1666.5	34
1667.5	34
1668.5	34
1669.5	33
1670.5	32
1671.5	36
1672.5	37
1673.5	34
1674.5	34
1675.5	32
1676.5	35
1677.5	32
1678.5	33
1679.5	32
1680.5	34
1681.5	33
1682.5	33
1683.5	34
1684.5	32
1685.5	34
1686.5	32
1687.5	34
1688.5	34
1689.5	37
1690.5	38
1691.5	32
1692.5	32
1693.5	33
1694.5	38
1695.5	34
1696.5	33
1697.5	34
1698.5	38
1699.5	32
1700.5	32
1701.5	35
1702.5	32
1703.5	35
1704.5	35
1705.5	33
1706.5	32
1707.5	34
1708.5	34
1709.5	37
1710.5	32
1711.5	34
1712.5	32
1713.5	34
1714.5	32
1715.5	35
1716.5	35
1717.5	32
1718.5	34
1719.5	34
1720.5	36
1721.5	35
1722.5	34
1723.5	36
1724.5	33
1725.5	35
1726.5	34
1727.5	35
1728.5	36
1729.5	35
1730.5	36
1731.5	33
1732.5	32
1733.5	37
1734.5	32
1735.5	35
1736.5	33
1737.5	35
1738.5	32
1739.5	35
1740.5	32
1741.5	32
1742.5	34
1743.5	37
1744.5	33
1745.5	34
1746.5	32
1747.5	32
1748.5	34
1749.5	33
1750.5	34
1751.5	34
1752.5	35
1753.5	35
1754.5	34
1755.5	34
1756.5	35
1757.5	34
1758.5	33
1759.5	33
1760.5	34
1761.5	30
1762.5	33
1763.5	37
1764.5	34
1765.5	33
1766.5	34
1767.5	35
1768.5	32
1769.5	33
1770.5	33
1771.5	35
1772.5	33
1773.5	34
1774.5	38
1775.5	33
1776.5	35
1777.5	34
1778.5	34
1779.5	35
1780.5	33
1781.5	35
1782.5	33
1783.5	34
1784.5	35
1785.5	33
1786.5	35
1787.5	32
1788.5	34
1789.5	34
1790.5	32
1791.5	35
1792.5	34
1793.5	36
1794.5	36
1795.5	34
1796.5	34
1797.5	34
1798.5	34
1799.5	33
1800.5	36
1801.5	33
1802.5	35
1803.5	35
1804.5	35
1805.5	36
1806.5	32
1807.5	32
1808.5	34
1809.5	34
1810.5	33
1811.5	35
1812.5	35
1813.5	33
1814.5	34
1815.5	35
1816.5	35
1817.5	34
1818.5	34
1819.5	35
1820.5	33
1821.5	36
1822.5	36
1823.5	33
1824.5	35
1825.5	33
1826.5	34
1827.5	32
1828.5	36
1829.5	34
1830.5	33
1831.5	35
1832.5	31
1833.5	30
1834.5	37
1835.5	36
1836.5	33
1837.5	34
1838.5	34
1839.5	34
1840.5	33
1841.5	35
1842.5	32
1843.5	32
1844.5	35
1845.5	33
1846.5	33
1847.5	36
1848.5	34
1849.5	33
1850.5	33
1851.5	34
1852.5	32
1853.5	37
1854.5	33
1855.5	33
1856.5	38
1857.5	37
1858.5	34
1859.5	33
1860.5	34
1861.5	33
1862.5	32
1863.5	34
1864.5	33
1865.5	33
1866.5	32
1867.5	35
1868.5	38
1869.5	32
1870.5	34
1871.5	35
1872.5	37
1873.5	32
1874.5	32
1875.5	32
1876.5	33
1877.5	35
1878.5	32
1879.5	32
1880.5	35
1881.5	33
1882.5	32
1883.5	34
1884.5	35
1885.5	34
1886.5	33
1887.5	35
1888.5	34
1889.5	35
1890.5	35
1891.5	34
1892.5	34
1893.5	33
1894.5	32
1895.5	35
1896.5	34
1897.5	35
1898.5	32
1899.5	32
1900.5	31
1901.5	34
1902.5	26
1903.5	32
1904.5	36
1905.5	34
1906.5	32
1907.5	35
1908.5	33
1909.5	31
1910.5	34
1911.5	34
1912.5	32
1913.5	35
1914.5	35
1915.5	33
1916.5	33
1917.5	37
1918.5	32
1919.5	32
1920.5	35
1921.5	35
1922.5	33
1923.5	34
1924.5	37
1925.5	34
1926.5	34
1927.5	37
1928.5	32
1929.5	34
1930.5	36
1931.5	33
1932.5	32
1933.5	32
1934.5	35
1935.5	33
1936.5	33
1937.5	34
1938.5	33
1939.5	36
1940.5	35
1941.5	34
1942.5	36
1943.5	34
1944.5	36
1945.5	35
1946.5	33
1947.5	33
1948.5	32
1949.5	33
1950.5	33
1951.5	33
1952.5	33
1953.5	35
1954.5	35
1955.5	33
1956.5	32
1957.5	35
1958.5	33
1959.5	36
1960.5	35
1961.5	38
1962.5	34
1963.5	33
1964.5	36
1965.5	33
1966.5	35
1967.5	39
1968.5	33
1969.5	32
1970.5	33
1971.5	34
1972.5	38
1973.5	35
1974.5	36
1975.5	34
1976.5	33
1977.5	32
1978.5	32
1979.5	34
1980.5	34
1981.5	34
1982.5	36
1983.5	34
1984.5	35
1985.5	33
1986.5	36
1987.5	33
1988.5	33
1989.5	32
1990.5	31
1991.5	33
1992.5	40
1993.5	37
1994.5	35
1995.5	35
1996.5	36
1997.5	33
1998.5	35
1999.5	33
2000.5	35
2001.5	35
2002.5	34
2003.5	34
2004.5	35
2005.5	36
2006.5	32
2007.5	34
2008.5	37
2009.5	34
2010.5	32
2011.5	34
2012.5	32
2013.5	37
2014.5	32
2015.5	32
2016.5	32
2017.5	35
2018.5	34
2019.5	34
2020.5	34
2021.5	34
2022.5	34
2023.5	34
2024.5	33
2025.5	35
2026.5	34
2027.5	35
2028.5	34
2029.5	35
2030.5	33
2031.5	31
2032.5	34
2033.5	32
2034.5	35
2035.5	33
2036.5	33
2037.5	32
2038.5	35
2039.5	36
2040.5	33
2041.5	40
2042.5	36
2043.5	34
2044.5	34
2045.5	35
2046.5	34
2047.5	33
2048.5	35
2049.5	35
2050.5	33
2051.5	34
2052.5	34
2053.5	34
2054.5	34
2055.5	34
2056.5	32
2057.5	36
2058.5	32
2059.5	32
2060.5	33
2061.5	34
2062.5	35
2063.5	34
2064.5	33
2065.5	32
2066.5	35
2067.5	33
2068.5	34
2069.5	35
2070.5	33
2071.5	34
2072.5	34
2073.5	36
2074.5	33
2075.5	34
2076.5	32
2077.5	35
2078.5	34
2079.5	35
2080.5	34
2081.5	38
2082.5	33
2083.5	33
2084.5	34
2085.5	36
2086.5	34
2087.5	32
2088.5	34
2089.5	32
2090.5	32
2091.5	33
2092.5	35
2093.5	35
2094.5	33
2095.5	32
2096.5	33
2097.5	36
2098.5	32
2099.5	32
2100.5	35
2101.5	33
2102.5	35
2103.5	35
2104.5	36
2105.5	32
2106.5	34
2107.5	34
2108.5	32
2109.5	32
2110.5	36
2111.5	33
2112.5	33
2113.5	34
2114.5	34
2115.5	32
2116.5	35
2117.5	32
2118.5	32
2119.5	33
2120.5	36
2121.5	33
2122.5	33
2123.5	34
2124.5	34
2125.5	33
2126.5	32
2127.5	37
2128.5	35
2129.5	34
2130.5	32
2131.5	32
2132.5	35
2133.5	33
2134.5	33
2135.5	35
2136.5	35
2137.5	33
2138.5	34
2139.5	37
2140.5	34
2141.5	36
2142.5	32
2143.5	34
2144.5	32
2145.5	33
2146.5	32
2147.5	34
2148.5	37
2149.5	34
2150.5	34
2151.5	34
2152.5	33
2153.5	35
2154.5	35
2155.5	38
2156.5	33
2157.5	32
2158.5	33
2159.5	34
2160.5	34
2161.5	31
2162.5	32
2163.5	38
2164.5	34
2165.5	34
2166.5	36
2167.5	34
2168.5	33
2169.5	33
2170.5	32
2171.5	33
2172.5	35
2173.5	34
2174.5	32
2175.5	35
2176.5	32
2177.5	34
2178.5	33
2179.5	34
2180.5	32
2181.5	32
2182.5	30
2183.5	35
2184.5	33
2185.5	32
2186.5	32
2187.5	35
2188.5	36
2189.5	40
2190.5	35
2191.5	35
2192.5	33
2193.5	33
2194.5	33
2195.5	34
2196.5	35
2197.5	34
2198.5	32
2199.5	34
2200.5	33
2201.5	35
2202.5	32
2203.5	37
2204.5	33
2205.5	35
2206.5	34
2207.5	34
2208.5	32
2209.5	38
2210.5	34
2211.5	33
2212.5	32
2213.5	34
2214.5	33
2215.5	36
2216.5	39
2217.5	32
2218.5	33
2219.5	33
2220.5	32
2221.5	34
2222.5	32
2223.5	37
2224.5	33
2225.5	37
2226.5	34
2227.5	34
2228.5	33
2229.5	36
2230.5	34
2231.5	34
2232.5	37
2233.5	34
2234.5	35
2235.5	36
2236.5	35
2237.5	37
2238.5	35
2239.5	35
2240.5	31
2241.5	36
2242.5	34
2243.5	33
2244.5	34
2245.5	32
2246.5	34
2247.5	33
2248.5	33
2249.5	29
2250.5	34
2251.5	36
2252.5	33
2253.5	34
2254.5	32
2255.5	35
2256.5	33
2257.5	33
2258.5	35
2259.5	34
2260.5	33
2261.5	36
2262.5	34
2263.5	36
2264.5	36
2265.5	35
2266.5	33
2267.5	36
2268.5	36
2269.5	32
2270.5	33
2271.5	36
2272.5	35
2273.5	33
2274.5	34
2275.5	35
2276.5	34
2277.5	34
2278.5	34
2279.5	33
2280.5	33
2281.5	36
2282.5	34
2283.5	31
2284.5	32
2285.5	34
2286.5	34
2287.5	35
2288.5	33
2289.5	32
2290.5	31
2291.5	33
2292.5	32
2293.5	33
2294.5	32
2295.5	38
2296.5	33
2297.5	35
2298.5	34
2299.5	33
2300.5	35
2301.5	33
2302.5	37
2303.5	35
2304.5	33
2305.5	38
2306.5	34
2307.5	35
2308.5	33
2309.5	34
2310.5	34
2311.5	35
2312.5	34
2313.5	31
2314.5	32
2315.5	32
2316.5	29
2317.5	35
2318.5	34
2319.5	32
2320.5	32
2321.5	34
2322.5	35
2323.5	34
2324.5	35
2325.5	33
2326.5	33
2327.5	35
2328.5	36
2329.5	35
2330.5	33
2331.5	34
2332.5	32
2333.5	31
2334.5	35
2335.5	35
2336.5	33
2337.5	33
2338.5	33
2339.5	32
2340.5	35
2341.5	34
2342.5	37
2343.5	33
2344.5	32
2345.5	32
2346.5	35
2347.5	33
2348.5	32
2349.5	33
2350.5	32
2351.5	33
2352.5	32
2353.5	34
2354.5	34
2355.5	35
2356.5	33
2357.5	32
2358.5	32
2359.5	36
2360.5	30
2361.5	33
2362.5	34
2363.5	34
2364.5	32
2365.5	34
2366.5	33
2367.5	34
2368.5	37
2369.5	34
2370.5	32
2371.5	36
2372.5	33
2373.5	35
2374.5	33
2375.5	34
2376.5	32
2377.5	31
2378.5	32
2379.5	37
2380.5	32
2381.5	28
2382.5	33
2383.5	33
2384.5	32
2385.5	33
2386.5	33
2387.5	34
2388.5	37
2389.5	33
2390.5	30
2391.5	33
2392.5	34
2393.5	33
2394.5	33
2395.5	36
2396.5	34
2397.5	35
2398.5	33
2399.5	34
2400.5	32
2401.5	33
2402.5	32
2403.5	35
2404.5	32
2405.5	35
2406.5	33
2407.5	32
2408.5	32
2409.5	33
2410.5	36
2411.5	35
2412.5	34
2413.5	35
2414.5	33
2415.5	34
2416.5	32
2417.5	37
2418.5	32
2419.5	36
2420.5	36
2421.5	34
2422.5	33
2423.5	35
2424.5	32
2425.5	35
2426.5	33
2427.5	36
2428.5	32
2429.5	33
2430.5	32
2431.5	35
2432.5	33
2433.5	34
2434.5	36
2435.5	34
2436.5	32
2437.5	35
2438.5	34
2439.5	33
2440.5	32
2441.5	35
2442.5	34
2443.5	33
2444.5	34
2445.5	32
2446.5	35
2447.5	35
2448.5	32
2449.5	39
2450.5	35
2451.5	35
2452.5	33
2453.5	33
2454.5	37
2455.5	34
2456.5	33
2457.5	35
2458.5	32
2459.5	35
2460.5	32
2461.5	34
2462.5	33
2463.5	32
2464.5	35
2465.5	32
2466.5	33
2467.5	32
2468.5	37
2469.5	33
2470.5	34
2471.5	34
2472.5	35
2473.5	34
2474.5	33
2475.5	31
2476.5	36
2477.5	33
2478.5	32
2479.5	35
2480.5	34
2481.5	33
2482.5	34
2483.5	36
2484.5	36
2485.5	33
2486.5	34
2487.5	34
2488.5	33
2489.5	35
2490.5	33
2491.5	35
2492.5	34
2493.5	30
2494.5	32
2495.5	32
2496.5	35
2497.5	35
2498.5	32
2499.5	35
2500.5	33
2501.5	35
2502.5	32
2503.5	32
2504.5	33
2505.5	32
2506.5	33
2507.5	34
2508.5	34
2509.5	36
2510.5	33
2511.5	34
2512.5	35
2513.5	35
2514.5	35
2515.5	34
2516.5	34
2517.5	32
2518.5	32
2519.5	34
2520.5	34
2521.5	33
2522.5	32
2523.5	36
2524.5	35
2525.5	34
2526.5	32
2527.5	30
2528.5	35
2529.5	34
2530.5	33
2531.5	32
2532.5	35
2533.5	35
2534.5	34
2535.5	38
2536.5	32
2537.5	33
2538.5	34
2539.5	33
2540.5	32
2541.5	36
2542.5	37
2543.5	35
2544.5	35
2545.5	35
2546.5	32
2547.5	34
2548.5	35
2549.5	32
2550.5	32
2551.5	35
2552.5	33
2553.5	33
2554.5	33
2555.5	33
2556.5	32
2557.5	32
2558.5	33
2559.5	33
2560.5	33
2561.5	32
2562.5	35
2563.5	35
2564.5	36
2565.5	32
2566.5	34
2567.5	32
2568.5	34
2569.5	36
2570.5	32
2571.5	34
2572.5	32
2573.5	32
2574.5	32
2575.5	33
2576.5	32
2577.5	36
2578.5	33
2579.5	33
2580.5	37
2581.5	35
2582.5	34
2583.5	35
2584.5	34
2585.5	34
2586.5	34
2587.5	37
2588.5	34
2589.5	34
2590.5	34
2591.5	32
2592.5	36
2593.5	34
2594.5	35
2595.5	32
2596.5	32
2597.5	33
2598.5	33
2599.5	34
2600.5	36
2601.5	33
2602.5	33
2603.5	32
2604.5	35
2605.5	34
2606.5	34
2607.5	33
2608.5	33
2609.5	32
2610.5	34
2611.5	35
2612.5	35
2613.5	33
2614.5	35
2615.5	33
2616.5	36
2617.5	34
2618.5	32
2619.5	34
2620.5	33
2621.5	34
2622.5	35
2623.5	31
2624.5	33
2625.5	35
2626.5	35
2627.5	33
2628.5	34
2629.5	33
2630.5	36
2631.5	32
2632.5	33
2633.5	32
2634.5	32
2635.5	34
2636.5	35
2637.5	35
2638.5	33
2639.5	32
2640.5	33
2641.5	32
2642.5	35
2643.5	34
2644.5	33
2645.5	36
2646.5	32
2647.5	36
2648.5	32
2649.5	35
2650.5	32
2651.5	35
2652.5	32
2653.5	35
2654.5	33
2655.5	34
2656.5	35
2657.5	30
2658.5	32
2659.5	33
2660.5	36
2661.5	32
2662.5	33
2663.5	32
2664.5	35
2665.5	34
2666.5	32
2667.5	31
2668.5	35
2669.5	34
2670.5	34
2671.5	36
2672.5	32
2673.5	35
2674.5	32
2675.5	33
2676.5	36
2677.5	35
2678.5	32
2679.5	36
2680.5	32
2681.5	36
2682.5	32
2683.5	33
2684.5	34
2685.5	32
2686.5	34
2687.5	32
2688.5	35
2689.5	35
2690.5	32
2691.5	32
2692.5	30
2693.5	34
2694.5	32
2695.5	34
2696.5	37
2697.5	30
2698.5	39
2699.5	35
2700.5	34
2701.5	35
2702.5	34
2703.5	38
2704.5	32
2705.5	33
2706.5	32
2707.5	31
2708.5	32
2709.5	34
2710.5	33
2711.5	37
2712.5	30
2713.5	34
2714.5	32
2715.5	36
2716.5	35
2717.5	35
2718.5	32
2719.5	33
2720.5	29
2721.5	34
2722.5	32
2723.5	36
2724.5	35
2725.5	35
2726.5	34
2727.5	32
2728.5	32
2729.5	35
2730.5	34
2731.5	33
2732.5	32
2733.5	35
2734.5	32
2735.5	38
2736.5	32
2737.5	33
2738.5	33
2739.5	34
2740.5	35
2741.5	35
2742.5	32
2743.5	32
2744.5	34
2745.5	37
2746.5	32
2747.5	32
2748.5	32
2749.5	32
2750.5	32
2751.5	34
2752.5	35
2753.5	34
2754.5	34
2755.5	36
2756.5	33
2757.5	33
2758.5	34
2759.5	33
2760.5	33
2761.5	34
2762.5	32
2763.5	33
2764.5	32
2765.5	35
2766.5	33
2767.5	34
2768.5	35
2769.5	33
2770.5	35
2771.5	33
2772.5	34
2773.5	31
2774.5	34
2775.5	35
2776.5	30
2777.5	35
2778.5	34
2779.5	35
2780.5	34
2781.5	32
2782.5	34
2783.5	36
2784.5	32
2785.5	33
2786.5	30
2787.5	34
2788.5	33
2789.5	36
2790.5	33
2791.5	32
2792.5	34
2793.5	33
2794.5	32
2795.5	30
2796.5	33
2797.5	36
2798.5	35
2799.5	33
2800.5	36
2801.5	35
2802.5	32
2803.5	35
2804.5	35
2805.5	39
2806.5	32
2807.5	35
2808.5	33
2809.5	34
2810.5	34
2811.5	34
2812.5	34
2813.5	33
2814.5	33
2815.5	35
2816.5	32
2817.5	33
2818.5	33
2819.5	32
2820.5	33
2821.5	34
2822.5	34
2823.5	34
2824.5	32
2825.5	33
2826.5	32
2827.5	38
2828.5	34
2829.5	34
2830.5	35
2831.5	32
2832.5	34
2833.5	37
2834.5	32
2835.5	33
2836.5	33
2837.5	33
2838.5	33
2839.5	36
2840.5	32
2841.5	34
2842.5	32
2843.5	34
2844.5	34
2845.5	34
2846.5	32
2847.5	37
2848.5	35
2849.5	32
2850.5	34
2851.5	33
2852.5	32
2853.5	34
2854.5	35
2855.5	36
2856.5	34
2857.5	32
2858.5	35
2859.5	35
2860.5	32
2861.5	37
2862.5	32
2863.5	35
2864.5	33
2865.5	37
2866.5	33
2867.5	31
2868.5	32
2869.5	34
2870.5	34
2871.5	36
2872.5	32
2873.5	33
2874.5	32
2875.5	35
2876.5	37
2877.5	33
2878.5	33
2879.5	32
2880.5	33
2881.5	34
2882.5	30
2883.5	34
2884.5	34
2885.5	32
2886.5	34
2887.5	34
2888.5	33
2889.5	35
2890.5	32
2891.5	32
2892.5	35
2893.5	33
2894.5	34
2895.5	34
2896.5	33
2897.5	32
2898.5	33
2899.5	35
2900.5	33
2901.5	34
2902.5	38
2903.5	34
2904.5	33
2905.5	35
2906.5	32
2907.5	32
2908.5	33
2909.5	32
2910.5	32
2911.5	36
2912.5	33
2913.5	34
2914.5	32
2915.5	37
2916.5	32
2917.5	34
2918.5	34
2919.5	33
2920.5	35
2921.5	35
2922.5	31
2923.5	33
2924.5	34
2925.5	35
2926.5	32
2927.5	33
2928.5	33
2929.5	33
2930.5	34
2931.5	33
2932.5	34
2933.5	33
2934.5	32
2935.5	37
2936.5	35
2937.5	34
2938.5	34
2939.5	33
2940.5	34
2941.5	35
2942.5	34
2943.5	34
2944.5	30
2945.5	33
2946.5	32
2947.5	35
2948.5	33
2949.5	34
2950.5	34
2951.5	34
2952.5	34
2953.5	35
2954.5	33
2955.5	34
2956.5	33
2957.5	34
2958.5	35
2959.5	33
2960.5	33
2961.5	35
2962.5	37
2963.5	33
2964.5	34
2965.5	35
2966.5	35
2967.5	34
2968.5	34
2969.5	33
2970.5	32
2971.5	37
2972.5	35
2973.5	33
2974.5	35
2975.5	34
2976.5	35
2977.5	34
2978.5	37
2979.5	34
2980.5	34
2981.5	36
2982.5	35
2983.5	34
2984.5	34
2985.5	35
2986.5	34
2987.5	34
2988.5	34
2989.5	34
2990.5	33
2991.5	36
2992.5	33
2993.5	32
2994.5	32
2995.5	31
2996.5	38
2997.5	32
2998.5	37
2999.5	35
3000.5	33
3001.5	34
3002.5	37
3003.5	33
3004.5	32
3005.5	33
3006.5	34
3007.5	34
3008.5	34
3009.5	32
3010.5	33
3011.5	32
3012.5	34
3013.5	28
3014.5	32
3015.5	36
3016.5	32
3017.5	32
3018.5	32
3019.5	32
3020.5	32
3021.5	33
3022.5	32
3023.5	35
3024.5	32
3025.5	35
3026.5	37
3027.5	32
3028.5	32
3029.5	36
3030.5	32
3031.5	34
3032.5	33
3033.5	34
3034.5	33
3035.5	35
3036.5	34
3037.5	35
3038.5	34
3039.5	34
3040.5	33
3041.5	35
3042.5	33
3043.5	31
3044.5	32
3045.5	37
3046.5	34
3047.5	33
3048.5	34
3049.5	33
3050.5	32
3051.5	35
3052.5	32
3053.5	34
3054.5	33
3055.5	35
3056.5	33
3057.5	37
3058.5	33
3059.5	34
3060.5	38
3061.5	33
3062.5	34
3063.5	34
3064.5	32
3065.5	33
3066.5	32
3067.5	36
3068.5	35
3069.5	35
3070.5	32
3071.5	32
3072.5	31
3073.5	34
3074.5	36
3075.5	34
3076.5	34
3077.5	34
3078.5	34
3079.5	34
3080.5	33
3081.5	34
3082.5	34
3083.5	34
3084.5	34
3085.5	34
3086.5	35
3087.5	35
3088.5	34
3089.5	37
3090.5	34
3091.5	34
3092.5	33
3093.5	37
3094.5	32
3095.5	34
3096.5	36
3097.5	35
3098.5	32
3099.5	32
3100.5	34
3101.5	36
3102.5	35
3103.5	32
3104.5	33
3105.5	32
3106.5	34
3107.5	35
3108.5	33
3109.5	34
3110.5	33
3111.5	34
3112.5	35
3113.5	35
3114.5	35
3115.5	34
3116.5	33
3117.5	34
3118.5	34
3119.5	36
3120.5	33
3121.5	33
3122.5	36
3123.5	32
3124.5	35
3125.5	32
3126.5	33
3127.5	33
3128.5	30
3129.5	33
3130.5	34
3131.5	35
3132.5	29
3133.5	34
3134.5	32
3135.5	35
3136.5	31
3137.5	34
3138.5	37
3139.5	32
3140.5	35
3141.5	33
3142.5	35
3143.5	33
3144.5	35
3145.5	32
3146.5	35
3147.5	36
3148.5	35
3149.5	33
3150.5	32
3151.5	33
3152.5	37
3153.5	32
3154.5	36
3155.5	32
3156.5	34
3157.5	31
3158.5	36
3159.5	35
3160.5	32
3161.5	32
3162.5	32
3163.5	37
3164.5	36
3165.5	32
3166.5	35
3167.5	34
3168.5	37
3169.5	34
3170.5	35
3171.5	32
3172.5	34
3173.5	34
3174.5	34
3175.5	33
3176.5	34
3177.5	37
3178.5	34
3179.5	35
3180.5	34
3181.5	33
3182.5	34
3183.5	32
3184.5	33
3185.5	35
3186.5	34
3187.5	35
3188.5	35
3189.5	35
3190.5	34
3191.5	37
3192.5	32
3193.5	35
3194.5	32
3195.5	35
3196.5	32
3197.5	37
3198.5	34
3199.5	33
3200.5	34
3201.5	34
3202.5	35
3203.5	32
3204.5	34
3205.5	35
3206.5	32
3207.5	34
3208.5	32
3209.5	34
3210.5	36
3211.5	34
3212.5	36
3213.5	37
3214.5	33
3215.5	34
3216.5	32
3217.5	35
3218.5	34
3219.5	35
3220.5	38
3221.5	36
3222.5	35
3223.5	34
3224.5	37
3225.5	34
3226.5	35
3227.5	32
3228.5	35
3229.5	32
3230.5	35
3231.5	34
3232.5	35
3233.5	32
3234.5	33
3235.5	32
3236.5	32
3237.5	32
3238.5	34
3239.5	35
3240.5	35
3241.5	34
3242.5	34
3243.5	32
3244.5	33
3245.5	32
3246.5	34
3247.5	36
3248.5	34
3249.5	34
3250.5	32
3251.5	33
3252.5	32
3253.5	35
3254.5	33
3255.5	35
3256.5	34
3257.5	33
3258.5	33
3259.5	35
3260.5	36
3261.5	35
3262.5	31
3263.5	33
3264.5	34
3265.5	35
3266.5	35
3267.5	37
3268.5	32
3269.5	33
3270.5	35
3271.5	34
3272.5	35
3273.5	33
3274.5	33
3275.5	32
3276.5	34
3277.5	34
3278.5	32
3279.5	32
3280.5	34
3281.5	32
3282.5	33
3283.5	30
3284.5	37
3285.5	35
3286.5	34
3287.5	32
3288.5	34
3289.5	35
3290.5	36
3291.5	32
3292.5	32
3293.5	33
3294.5	33
3295.5	35
3296.5	36
3297.5	34
3298.5	33
3299.5	35
3300.5	34
3301.5	32
3302.5	36
3303.5	35
3304.5	34
3305.5	35
3306.5	37
3307.5	33
3308.5	33
3309.5	35
3310.5	32
3311.5	31
3312.5	31
3313.5	33
3314.5	32
3315.5	32
3316.5	36
3317.5	34
3318.5	34
3319.5	34
3320.5	33
3321.5	34
3322.5	34
3323.5	33
3324.5	33
3325.5	42
3326.5	32
3327.5	35
3328.5	35
3329.5	37
3330.5	34
3331.5	36
3332.5	36
3333.5	34
3334.5	33
3335.5	34
3336.5	35
3337.5	35
3338.5	35
3339.5	34
3340.5	34
3341.5	37
3342.5	35
3343.5	35
3344.5	33
3345.5	34
3346.5	33
3347.5	37
3348.5	33
3349.5	36
3350.5	32
3351.5	34
3352.5	34
3353.5	30
3354.5	35
3355.5	32
3356.5	35
3357.5	32
3358.5	32
3359.5	33
3360.5	29
3361.5	38
3362.5	34
3363.5	36
3364.5	38
3365.5	33
3366.5	30
3367.5	33
3368.5	35
3369.5	33
3370.5	32
3371.5	32
3372.5	33
3373.5	33
3374.5	35
3375.5	34
3376.5	34
3377.5	34
3378.5	35
3379.5	33
3380.5	32
3381.5	33
3382.5	37
3383.5	33
3384.5	35
3385.5	34
3386.5	36
3387.5	34
3388.5	33
3389.5	35
3390.5	34
3391.5	35
3392.5	37
3393.5	36
3394.5	34
3395.5	37
3396.5	33
3397.5	36
3398.5	33
3399.5	36
3400.5	36
3401.5	35
3402.5	34
3403.5	35
3404.5	34
3405.5	35
3406.5	35
3407.5	36
3408.5	34
3409.5	33
3410.5	32
3411.5	36
3412.5	30
3413.5	33
3414.5	35
3415.5	35
3416.5	35
3417.5	36
3418.5	38
3419.5	32
3420.5	35
3421.5	33
3422.5	33
3423.5	37
3424.5	32
3425.5	37
3426.5	32
3427.5	33
3428.5	37
3429.5	35
3430.5	36
3431.5	37
3432.5	35
3433.5	34
3434.5	39
3435.5	33
3436.5	38
3437.5	38
3438.5	39
3439.5	38
3440.5	40
3441.5	41
3442.5	39
3443.5	40
3444.5	38
3445.5	42
3446.5	39
3447.5	40
3448.5	38
3449.5	43
3450.5	40
3451.5	40
3452.5	37
3453.5	37
3454.5	38
3455.5	36
3456.5	36
3457.5	37
3458.5	39
3459.5	34
3460.5	33
3461.5	35
3462.5	33
3463.5	36
3464.5	35
3465.5	36
3466.5	34
3467.5	34
3468.5	34
3469.5	39
3470.5	34
3471.5	35
3472.5	35
3473.5	34
3474.5	32
3475.5	33
3476.5	34
3477.5	35
3478.5	36
3479.5	31
3480.5	34
3481.5	35
3482.5	32
3483.5	37
3484.5	37
3485.5	35
3486.5	34
3487.5	35
3488.5	34
3489.5	34
3490.5	33
3491.5	34
3492.5	33
3493.5	38
3494.5	34
3495.5	35
3496.5	37
3497.5	36
3498.5	34
3499.5	39
3500.5	35
3501.5	35
3502.5	35
3503.5	34
3504.5	34
3505.5	32
3506.5	33
3507.5	30
3508.5	33
3509.5	38
3510.5	32
3511.5	33
3512.5	36
3513.5	33
3514.5	32
3515.5	34
3516.5	34
3517.5	34
3518.5	32
3519.5	34
3520.5	35
3521.5	34
3522.5	33
3523.5	33
3524.5	34
3525.5	32
3526.5	36
3527.5	33
3528.5	31
3529.5	34
3530.5	35
3531.5	33
3532.5	31
3533.5	37
3534.5	32
3535.5	36
3536.5	32
3537.5	35
3538.5	35
3539.5	36
3540.5	34
3541.5	34
3542.5	36
3543.5	36
3544.5	36
3545.5	32
3546.5	35
3547.5	38
3548.5	36
3549.5	35
3550.5	33
3551.5	37
3552.5	34
3553.5	34
3554.5	34
3555.5	35
3556.5	34
3557.5	33
3558.5	34
3559.5	35
3560.5	33
3561.5	33
3562.5	36
3563.5	32
3564.5	38
3565.5	38
3566.5	34
3567.5	33
3568.5	36
3569.5	35
3570.5	35
3571.5	37
3572.5	32
3573.5	37
3574.5	33
3575.5	36
3576.5	35
3577.5	36
3578.5	33
3579.5	38
3580.5	36
3581.5	36
3582.5	35
3583.5	35
3584.5	35
3585.5	35
3586.5	35
3587.5	38
3588.5	34
3589.5	34
3590.5	35
3591.5	36
3592.5	33
3593.5	34
3594.5	34
3595.5	34
3596.5	33
3597.5	35
3598.5	35
3599.5	34
3600.5	33
3601.5	39
3602.5	36
3603.5	36
3604.5	35
3605.5	37
3606.5	31
3607.5	34
3608.5	35
3609.5	37
3610.5	33
3611.5	37
3612.5	35
3613.5	37
3614.5	39
3615.5	39
3616.5	36
3617.5	38
3618.5	35
3619.5	37
3620.5	38
3621.5	37
3622.5	38
3623.5	37
3624.5	40
3625.5	38
3626.5	38
3627.5	40
3628.5	37
3629.5	38
3630.5	37
3631.5	34
3632.5	34
3633.5	34
3634.5	39
3635.5	39
3636.5	38
3637.5	35
3638.5	31
3639.5	36
3640.5	32
3641.5	36
3642.5	35
3643.5	35
3644.5	36
3645.5	35
3646.5	35
3647.5	36
3648.5	35
3649.5	34
3650.5	38
3651.5	35
3652.5	34
3653.5	34
3654.5	34
3655.5	34
3656.5	35
3657.5	35
3658.5	35
3659.5	34
3660.5	33
3661.5	35
3662.5	33
3663.5	34
3664.5	34
3665.5	33
3666.5	36
3667.5	34
3668.5	38
3669.5	34
3670.5	36
3671.5	36
3672.5	36
3673.5	35
3674.5	35
3675.5	40
3676.5	35
3677.5	37
3678.5	34
3679.5	36
3680.5	37
3681.5	37
3682.5	36
3683.5	37
3684.5	33
3685.5	36
3686.5	35
3687.5	36
3688.5	37
3689.5	39
3690.5	38
3691.5	39
3692.5	39
3693.5	43
3694.5	42
3695.5	48
3696.5	48
3697.5	51
3698.5	55
3699.5	56
3700.5	66
3701.5	72
3702.5	74
3703.5	80
3704.5	84
3705.5	91
3706.5	101
3707.5	104
3708.5	119
3709.5	131
3710.5	151
3711.5	161
3712.5	177
3713.5	193
3714.5	209
3715.5	224
3716.5	241
3717.5	243
3718.5	255
3719.5	263
3720.5	263
3721.5	257
3722.5	254
3723.5	253
3724.5	240
3725.5	232
3726.5	217
3727.5	209
3728.5	192
3729.5	170
3730.5	151
3731.5	137
3732.5	117
3733.5	112
3734.5	92
3735.5	82
3736.5	72
3737.5	62
3738.5	55
3739.5	48
3740.5	52
3741.5	48
3742.5	41
3743.5	41
3744.5	39
3745.5	40
3746.5	36
3747.5	36
3748.5	34
3749.5	34
3750.5	36
3751.5	37
3752.5	33
3753.5	34
3754.5	36
3755.5	35
3756.5	35
3757.5	34
3758.5	37
3759.5	37
3760.5	36
3761.5	35
3762.5	35
3763.5	36
3764.5	37
3765.5	36
3766.5	36
3767.5	35
3768.5	35
3769.5	34
3770.5	35
3771.5	33
3772.5	36
3773.5	35
3774.5	37
3775.5	39
3776.5	37
3777.5	38
3778.5	38
3779.5	34
3780.5	38
3781.5	36
3782.5	36
3783.5	39
3784.5	35
3785.5	41
3786.5	38
3787.5	41
3788.5	45
3789.5	44
3790.5	45
3791.5	46
3792.5	48
3793.5	49
3794.5	49
3795.5	52
3796.5	53
3797.5	57
3798.5	58
3799.5	66
3800.5	66
3801.5	73
3802.5	77
3803.5	76
3804.5	81
3805.5	80
3806.5	85
3807.5	86
3808.5	85
3809.5	86
3810.5	87
3811.5	82
3812.5	80
3813.5	78
3814.5	74
3815.5	73
3816.5	67
3817.5	68
3818.5	59
3819.5	57
3820.5	50
3821.5	52
3822.5	44
3823.5	46
3824.5	40
3825.5	40
3826.5	37
3827.5	34
3828.5	38
3829.5	34
3830.5	35
3831.5	37
3832.5	33
3833.5	33
3834.5	34
3835.5	34
3836.5	34
3837.5	34
3838.5	33
3839.5	35
3840.5	33
3841.5	34
3842.5	36
3843.5	34
3844.5	34
3845.5	33
3846.5	35
3847.5	35
3848.5	33
3849.5	36
3850.5	35
3851.5	35
3852.5	33
3853.5	36
3854.5	36
3855.5	36
3856.5	36
3857.5	36
3858.5	33
3859.5	36
3860.5	35
3861.5	39
3862.5	38
3863.5	34
3864.5	41
3865.5	36
3866.5	36
3867.5	38
3868.5	41
3869.5	40
3870.5	38
3871.5	39
3872.5	39
3873.5	38
3874.5	37
3875.5	38
3876.5	40
3877.5	38
3878.5	38
3879.5	36
3880.5	39
3881.5	36
3882.5	35
3883.5	35
3884.5	35
3885.5	36
3886.5	39
3887.5	32
3888.5	35
3889.5	36
3890.5	35
3891.5	35
3892.5	34
3893.5	36
3894.5	34
3895.5	39
3896.5	32
3897.5	36
3898.5	32
3899.5	38
3900.5	34
3901.5	38
3902.5	34
3903.5	36
3904.5	33
3905.5	35
3906.5	32
3907.5	37
3908.5	34
3909.5	37
3910.5	35
3911.5	37
3912.5	37
3913.5	36
3914.5	35
3915.5	34
3916.5	40
3917.5	35
3918.5	37
3919.5	35
3920.5	34
3921.5	37
3922.5	37
3923.5	35
3924.5	35
3925.5	37
3926.5	34
3927.5	35
3928.5	36
3929.5	35
3930.5	35
3931.5	36
3932.5	34
3933.5	34
3934.5	33
3935.5	34
3936.5	37
3937.5	34
3938.5	34
3939.5	33
3940.5	36
3941.5	36
3942.5	33
3943.5	35
3944.5	35
3945.5	36
3946.5	37
3947.5	36
3948.5	37
3949.5	33
3950.5	36
3951.5	37
3952.5	32
3953.5	38
3954.5	35
3955.5	33
3956.5	36
3957.5	35
3958.5	35
3959.5	34
3960.5	34
3961.5	34
3962.5	36
3963.5	38
3964.5	37
3965.5	37
3966.5	39
3967.5	39
3968.5	43
3969.5	42
3970.5	46
3971.5	52
3972.5	54
3973.5	50
3974.5	56
3975.5	57
3976.5	59
3977.5	67
3978.5	67
3979.5	71
3980.5	78
3981.5	92
3982.5	93
3983.5	102
3984.5	107
3985.5	111
3986.5	124
3987.5	124
3988.5	131
3989.5	133
3990.5	138
3991.5	135
3992.5	134
3993.5	133
3994.5	127
3995.5	121
3996.5	117
3997.5	107
3998.5	106
3999.5	94
4000.5	86
4001.5	82
4002.5	71
4003.5	67
4004.5	60
4005.5	51
4006.5	51
4007.5	45
4008.5	42
4009.5	38
4010.5	38
4011.5	38
4012.5	33
4013.5	36
4014.5	34
4015.5	35
4016.5	36
4017.5	32
4018.5	35
4019.5	34
4020.5	29
4021.5	35
4022.5	33
4023.5	34
4024.5	35
4025.5	33
4026.5	34
4027.5	34
4028.5	37
4029.5	37
4030.5	34
4031.5	37
4032.5	34
4033.5	35
4034.5	36
4035.5	40
4036.5	38
4037.5	35
4038.5	36
4039.5	37
4040.5	36
4041.5	36
4042.5	33
4043.5	38
4044.5	37
4045.5	41
4046.5	40
4047.5	34
4048.5	36
4049.5	34
4050.5	36
4051.5	33
4052.5	39
4053.5	41
4054.5	37
4055.5	36
4056.5	40
4057.5	38
4058.5	38
4059.5	38
4060.5	40
4061.5	44
4062.5	43
4063.5	43
4064.5	45
4065.5	43
4066.5	46
4067.5	51
4068.5	52
4069.5	54
4070.5	50
4071.5	58
4072.5	57
4073.5	61
4074.5	60
4075.5	62
4076.5	61
4077.5	64
4078.5	64
4079.5	59
4080.5	57
4081.5	57
4082.5	59
4083.5	56
4084.5	50
4085.5	52
4086.5	50
4087.5	43
4088.5	44
4089.5	41
4090.5	39
4091.5	37
4092.5	40
4093.5	38
4094.5	40
4095.5	35
4096.5	37
4097.5	35
4098.5	36
4099.5	33
4100.5	32
4101.5	34
4102.5	32
4103.5	35
4104.5	33
4105.5	36
4106.5	36
4107.5	38
4108.5	35
4109.5	36
4110.5	38
4111.5	35
4112.5	37
4113.5	34
4114.5	36
4115.5	36
4116.5	38
4117.5	35
4118.5	36
4119.5	38
4120.5	33
4121.5	33
4122.5	33
4123.5	36
4124.5	32
4125.5	35
4126.5	36
4127.5	35
4128.5	33
4129.5	35
4130.5	33
4131.5	33
4132.5	34
4133.5	36
4134.5	34
4135.5	37
4136.5	35
4137.5	34
4138.5	35
4139.5	33
4140.5	34
4141.5	34
4142.5	33
4143.5	35
4144.5	39
4145.5	36
4146.5	35
4147.5	36
4148.5	33
4149.5	37
4150.5	32
4151.5	35
4152.5	33
4153.5	33
4154.5	36
4155.5	38
4156.5	36
4157.5	35
4158.5	34
4159.5	35
4160.5	36
4161.5	33
4162.5	35
4163.5	33
4164.5	35
4165.5	34
4166.5	37
4167.5	37
4168.5	34
4169.5	39
4170.5	32
4171.5	38
4172.5	34
4173.5	36
4174.5	33
4175.5	33
4176.5	35
4177.5	33
4178.5	36
4179.5	38
4180.5	31
4181.5	33
4182.5	34
4183.5	35
4184.5	34
4185.5	34
4186.5	37
4187.5	37
4188.5	35
4189.5	34
4190.5	37
4191.5	32
4192.5	33
4193.5	33
4194.5	36
4195.5	36
4196.5	36
4197.5	38
4198.5	32
4199.5	34
4200.5	34
4201.5	36
4202.5	35
4203.5	36
4204.5	35
4205.5	39
4206.5	38
4207.5	39
4208.5	37
4209.5	43
4210.5	43
4211.5	39
4212.5	45
4213.5	42
4214.5	45
4215.5	45
4216.5	48
4217.5	50
4218.5	49
4219.5	59
4220.5	59
4221.5	60
4222.5	66
4223.5	62
4224.5	65
4225.5	64
4226.5	66
4227.5	61
4228.5	64
4229.5	61
4230.5	62
4231.5	59
4232.5	58
4233.5	57
4234.5	55
4235.5	52
4236.5	51
4237.5	50
4238.5	46
4239.5	43
4240.5	42
4241.5	39
4242.5	40
4243.5	40
4244.5	35
4245.5	39
4246.5	37
4247.5	38
4248.5	33
4249.5	34
4250.5	32
4251.5	39
4252.5	36
4253.5	36
4254.5	33
4255.5	36
4256.5	37
4257.5	33
4258.5	33
4259.5	37
4260.5	35
4261.5	35
4262.5	34
4263.5	39
4264.5	34
4265.5	34
4266.5	32
4267.5	35
4268.5	34
4269.5	36
4270.5	34
4271.5	35
4272.5	35
4273.5	35
4274.5	34
4275.5	35
4276.5	33
4277.5	36
4278.5	36
4279.5	36
4280.5	36
4281.5	36
4282.5	33
4283.5	35
4284.5	35
4285.5	35
4286.5	36
4287.5	35
4288.5	34
4289.5	37
4290.5	35
4291.5	34
4292.5	33
4293.5	35
4294.5	34
4295.5	36
4296.5	35
4297.5	35
4298.5	34
4299.5	36
4300.5	34
4301.5	38
4302.5	36
4303.5	37
4304.5	36
4305.5	35
4306.5	34
4307.5	37
4308.5	34
4309.5	32
4310.5	36
4311.5	35
4312.5	36
4313.5	35
4314.5	39
4315.5	37
4316.5	38
4317.5	40
4318.5	39
4319.5	40
4320.5	41
4321.5	41
4322.5	47
4323.5	48
4324.5	51
4325.5	49
4326.5	57
4327.5	58
4328.5	57
4329.5	64
4330.5	64
4331.5	75
4332.5	78
4333.5	78
4334.5	83
4335.5	94
4336.5	102
4337.5	106
4338.5	116
4339.5	125
4340.5	127
4341.5	136
4342.5	146
4343.5	150
4344.5	143
4345.5	146
4346.5	145
4347.5	144
4348.5	135
4349.5	134
4350.5	124
4351.5	115
4352.5	110
4353.5	102
4354.5	96
4355.5	83
4356.5	77
4357.5	68
4358.5	63
4359.5	60
4360.5	53
4361.5	47
4362.5	44
4363.5	40
4364.5	39
4365.5	39
4366.5	39
4367.5	38
4368.5	37
4369.5	41
4370.5	40
4371.5	39
4372.5	36
4373.5	43
4374.5	41
4375.5	42
4376.5	42
4377.5	47
4378.5	44
4379.5	49
4380.5	50
4381.5	50
4382.5	56
4383.5	59
4384.5	63
4385.5	62
4386.5	67
4387.5	71
4388.5	75
4389.5	82
4390.5	85
4391.5	91
4392.5	104
4393.5	112
4394.5	115
4395.5	127
4396.5	134
4397.5	145
4398.5	155
4399.5	164
4400.5	170
4401.5	164
4402.5	163
4403.5	165
4404.5	161
4405.5	158
4406.5	152
4407.5	140
4408.5	136
4409.5	121
4410.5	114
4411.5	101
4412.5	91
4413.5	80
4414.5	75
4415.5	65
4416.5	60
4417.5	53
4418.5	49
4419.5	44
4420.5	42
4421.5	41
4422.5	40
4423.5	38
4424.5	36
4425.5	36
4426.5	37
4427.5	39
4428.5	34
4429.5	34
4430.5	32
4431.5	38
4432.5	33
4433.5	34
4434.5	32
4435.5	37
4436.5	33
4437.5	34
4438.5	35
4439.5	35
4440.5	40
4441.5	33
4442.5	35
4443.5	35
4444.5	36
4445.5	38
4446.5	33
4447.5	37
4448.5	36
4449.5	38
4450.5	37
4451.5	36
4452.5	36
4453.5	36
4454.5	35
4455.5	35
4456.5	36
4457.5	35
4458.5	36
4459.5	36
4460.5	37
4461.5	33
4462.5	39
4463.5	35
4464.5	38
4465.5	37
4466.5	35
4467.5	37
4468.5	36
4469.5	38
4470.5	37
4471.5	37
4472.5	37
4473.5	40
4474.5	41
4475.5	42
4476.5	40
4477.5	38
4478.5	40
4479.5	41
4480.5	45
4481.5	41
4482.5	43
4483.5	43
4484.5	39
4485.5	44
4486.5	46
4487.5	44
4488.5	41
4489.5	40
4490.5	45
4491.5	41
4492.5	41
4493.5	44
4494.5	48
4495.5	50
4496.5	51
4497.5	51
4498.5	53
4499.5	53
4500.5	56
4501.5	62
4502.5	72
4503.5	70
4504.5	74
4505.5	80
4506.5	90
4507.5	91
4508.5	96
4509.5	100
4510.5	118
4511.5	129
4512.5	146
4513.5	158
4514.5	165
4515.5	181
4516.5	198
4517.5	214
4518.5	220
4519.5	227
4520.5	244
4521.5	231
4522.5	240
4523.5	236
4524.5	243
4525.5	224
4526.5	212
4527.5	198
4528.5	186
4529.5	170
4530.5	149
4531.5	136
4532.5	126
4533.5	108
4534.5	97
4535.5	84
4536.5	77
4537.5	68
4538.5	57
4539.5	54
4540.5	48
4541.5	48
4542.5	43
4543.5	39
4544.5	39
4545.5	39
4546.5	40
4547.5	39
4548.5	36
4549.5	36
4550.5	40
4551.5	44
4552.5	40
4553.5	45
4554.5	45
4555.5	46
4556.5	46
4557.5	48
4558.5	51
4559.5	49
4560.5	53
4561.5	56
4562.5	56
4563.5	66
4564.5	67
4565.5	72
4566.5	74
4567.5	77
4568.5	82
4569.5	83
4570.5	93
4571.5	93
4572.5	94
4573.5	91
4574.5	93
4575.5	91
4576.5	96
4577.5	87
4578.5	85
4579.5	82
4580.5	79
4581.5	70
4582.5	69
4583.5	61
4584.5	60
4585.5	57
4586.5	51
4587.5	50
4588.5	45
4589.5	40
4590.5	41
4591.5	41
4592.5	39
4593.5	39
4594.5	34
4595.5	37
4596.5	38
4597.5	37
4598.5	37
4599.5	33
4600.5	37
4601.5	36
4602.5	34
4603.5	33
4604.5	34
4605.5	37
4606.5	34
4607.5	38
4608.5	35
4609.5	34
4610.5	37
4611.5	38
4612.5	37
4613.5	38
4614.5	34
4615.5	37
4616.5	33
4617.5	34
4618.5	38
4619.5	37
4620.5	35
4621.5	36
4622.5	35
4623.5	36
4624.5	33
4625.5	35
4626.5	37
4627.5	38
4628.5	37
4629.5	36
4630.5	32
4631.5	37
4632.5	33
4633.5	35
4634.5	35
4635.5	37
4636.5	33
4637.5	33
4638.5	38
4639.5	37
4640.5	34
4641.5	36
4642.5	33
4643.5	34
4644.5	36
4645.5	32
4646.5	34
4647.5	35
4648.5	38
4649.5	37
4650.5	37
4651.5	36
4652.5	35
4653.5	32
4654.5	37
4655.5	37
4656.5	36
4657.5	33
4658.5	36
4659.5	38
4660.5	34
4661.5	36
4662.5	34
4663.5	36
4664.5	39
4665.5	36
4666.5	35
4667.5	32
4668.5	34
4669.5	35
4670.5	35
4671.5	35
4672.5	37
4673.5	37
4674.5	36
4675.5	34
4676.5	37
4677.5	35
4678.5	37
4679.5	38
4680.5	37
4681.5	39
4682.5	39
4683.5	43
4684.5	44
4685.5	42
4686.5	45
4687.5	41
4688.5	48
4689.5	46
4690.5	51
4691.5	52
4692.5	51
4693.5	53
4694.5	56
4695.5	60
4696.5	62
4697.5	67
4698.5	69
4699.5	75
4700.5	76
4701.5	79
4702.5	84
4703.5	86
4704.5	81
4705.5	90
4706.5	85
4707.5	86
4708.5	77
4709.5	78
4710.5	75
4711.5	71
4712.5	65
4713.5	64
4714.5	59
4715.5	52
4716.5	52
4717.5	49
4718.5	46
4719.5	43
4720.5	41
4721.5	38
4722.5	39
4723.5	35
4724.5	39
4725.5	34
4726.5	36
4727.5	37
4728.5	34
4729.5	34
4730.5	34
4731.5	37
4732.5	36
4733.5	37
4734.5	35
4735.5	37
4736.5	35
4737.5	37
4738.5	34
4739.5	37
4740.5	34
4741.5	35
4742.5	34
4743.5	35
4744.5	34
4745.5	34
4746.5	35
4747.5	35
4748.5	36
4749.5	27
4750.5	36
4751.5	33
4752.5	36
4753.5	35
4754.5	36
4755.5	36
4756.5	37
4757.5	39
4758.5	35
4759.5	37
4760.5	35
4761.5	33
4762.5	37
4763.5	37
4764.5	36
4765.5	35
4766.5	34
4767.5	39
4768.5	39
4769.5	35
4770.5	37
4771.5	36
4772.5	36
4773.5	35
4774.5	35
4775.5	33
4776.5	35
4777.5	34
4778.5	38
4779.5	35
4780.5	36
4781.5	35
4782.5	36
4783.5	33
4784.5	37
4785.5	37
4786.5	34
4787.5	35
4788.5	38
4789.5	36
4790.5	38
4791.5	33
4792.5	37
4793.5	37
4794.5	38
4795.5	38
4796.5	40
4797.5	39
4798.5	38
4799.5	46
4800.5	45
4801.5	48
4802.5	49
4803.5	51
4804.5	52
4805.5	55
4806.5	57
4807.5	63
4808.5	62
4809.5	64
4810.5	71
4811.5	72
4812.5	81
4813.5	84
4814.5	90
4815.5	96
4816.5	105
4817.5	106
4818.5	114
4819.5	120
4820.5	127
4821.5	125
4822.5	127
4823.5	122
4824.5	129
4825.5	122
4826.5	124
4827.5	112
4828.5	111
4829.5	100
4830.5	93
4831.5	83
4832.5	80
4833.5	74
4834.5	66
4835.5	62
4836.5	57
4837.5	48
4838.5	45
4839.5	44
4840.5	40
4841.5	39
4842.5	37
4843.5	40
4844.5	34
4845.5	37
4846.5	34
4847.5	37
4848.5	38
4849.5	34
4850.5	38
4851.5	34
4852.5	36
4853.5	37
4854.5	36
4855.5	35
4856.5	34
4857.5	34
4858.5	38
4859.5	36
4860.5	35
4861.5	35
4862.5	34
4863.5	37
4864.5	35
4865.5	34
4866.5	36
4867.5	37
4868.5	35
4869.5	34
4870.5	33
4871.5	38
4872.5	35
4873.5	36
4874.5	35
4875.5	35
4876.5	39
4877.5	33
4878.5	35
4879.5	37
4880.5	38
4881.5	33
4882.5	36
4883.5	38
4884.5	39
4885.5	40
4886.5	41
4887.5	39
4888.5	43
4889.5	42
4890.5	42
4891.5	43
4892.5	42
4893.5	44
4894.5	44
4895.5	47
4896.5	49
4897.5	50
4898.5	52
4899.5	51
4900.5	53
4901.5	58
4902.5	64
4903.5	62
4904.5	65
4905.5	64
4906.5	67
4907.5	71
4908.5	74
4909.5	73
4910.5	74
4911.5	81
4912.5	80
4913.5	80
4914.5	77
4915.5	75
4916.5	74
4917.5	70
4918.5	67
4919.5	59
4920.5	58
4921.5	54
4922.5	54
4923.5	50
4924.5	48
4925.5	44
4926.5	43
4927.5	41
4928.5	40
4929.5	39
4930.5	38
4931.5	38
4932.5	39
4933.5	38
4934.5	37
4935.5	40
4936.5	41
4937.5	39
4938.5	35
4939.5	36
4940.5	37
4941.5	42
4942.5	38
4943.5	35
4944.5	36
4945.5	37
4946.5	42
4947.5	39
4948.5	40
4949.5	40
4950.5	48
4951.5	43
4952.5	49
4953.5	50
4954.5	51
4955.5	52
4956.5	55
4957.5	59
4958.5	60
4959.5	62
4960.5	71
4961.5	70
4962.5	73
4963.5	78
4964.5	82
4965.5	86
4966.5	92
4967.5	98
4968.5	108
4969.5	119
4970.5	130
4971.5	134
4972.5	143
4973.5	161
4974.5	163
4975.5	171
4976.5	183
4977.5	190
4978.5	197
4979.5	200
4980.5	204
4981.5	199
4982.5	196
4983.5	183
4984.5	171
4985.5	162
4986.5	142
4987.5	132
4988.5	125
4989.5	108
4990.5	97
4991.5	83
4992.5	74
4993.5	71
4994.5	60
4995.5	53
4996.5	48
4997.5	44
4998.5	45
4999.5	38
5000.5	38
5001.5	39
5002.5	34
5003.5	38
5004.5	38
5005.5	38
5006.5	39
5007.5	37
5008.5	36
5009.5	42
5010.5	35
5011.5	37
5012.5	36
5013.5	36
5014.5	39
5015.5	37
5016.5	37
5017.5	37
5018.5	36
5019.5	39
5020.5	38
5021.5	35
5022.5	37
5023.5	38
5024.5	37
5025.5	35
5026.5	34
5027.5	37
5028.5	35
5029.5	39
5030.5	40
5031.5	39
5032.5	39
5033.5	35
5034.5	39
5035.5	38
5036.5	37
5037.5	39
5038.5	38
5039.5	36
5040.5	40
5041.5	35
5042.5	37
5043.5	37
5044.5	37
5045.5	38
5046.5	38
5047.5	38
5048.5	39
5049.5	43
5050.5	39
5051.5	39
5052.5	41
5053.5	40
5054.5	41
5055.5	40
5056.5	45
5057.5	40
5058.5	44
5059.5	42
5060.5	50
5061.5	49
5062.5	48
5063.5	52
5064.5	55
5065.5	58
5066.5	59
5067.5	60
5068.5	66
5069.5	73
5070.5	76
5071.5	74
5072.5	78
5073.5	83
5074.5	91
5075.5	99
5076.5	103
5077.5	116
5078.5	125
5079.5	137
5080.5	143
5081.5	160
5082.5	162
5083.5	176
5084.5	178
5085.5	196
5086.5	195
5087.5	206
5088.5	208
5089.5	199
5090.5	199
5091.5	199
5092.5	190
5093.5	183
5094.5	166
5095.5	156
5096.5	142
5097.5	142
5098.5	136
5099.5	119
5100.5	109
5101.5	98
5102.5	97
5103.5	96
5104.5	91
5105.5	94
5106.5	96
5107.5	97
5108.5	106
5109.5	107
5110.5	115
5111.5	137
5112.5	141
5113.5	147
5114.5	162
5115.5	182
5116.5	199
5117.5	215
5118.5	231
5119.5	263
5120.5	305
5121.5	320
5122.5	355
5123.5	381
5124.5	419
5125.5	447
5126.5	469
5127.5	491
5128.5	528
5129.5	534
5130.5	540
5131.5	535
5132.5	537
5133.5	517
5134.5	491
5135.5	446
5136.5	426
5137.5	375
5138.5	348
5139.5	304
5140.5	278
5141.5	243
5142.5	200
5143.5	172
5144.5	138
5145.5	111
5146.5	88
5147.5	76
5148.5	59
5149.5	54
5150.5	48
5151.5	40
5152.5	39
5153.5	41
5154.5	38
5155.5	36
5156.5	35
5157.5	37
5158.5	36
5159.5	34
5160.5	35
5161.5	36
5162.5	30
5163.5	36
5164.5	36
5165.5	38
5166.5	35
5167.5	39
5168.5	37
5169.5	37
5170.5	35
5171.5	36
5172.5	40
5173.5	35
5174.5	35
5175.5	37
5176.5	39
5177.5	37
5178.5	36
5179.5	38
5180.5	35
5181.5	37
5182.5	35
5183.5	38
5184.5	34
5185.5	37
5186.5	36
5187.5	35
5188.5	35
5189.5	38
5190.5	36
5191.5	36
5192.5	38
5193.5	39
5194.5	34
5195.5	36
5196.5	38
5197.5	35
5198.5	36
5199.5	34
5200.5	34
5201.5	37
5202.5	34
5203.5	35
5204.5	36
5205.5	36
5206.5	36
5207.5	35
5208.5	34
5209.5	37
5210.5	35
5211.5	37
5212.5	38
5213.5	36
5214.5	35
5215.5	35
5216.5	36
5217.5	34
5218.5	37
5219.5	35
5220.5	36
5221.5	37
5222.5	37
5223.5	37
5224.5	34
5225.5	36
5226.5	35
5227.5	37
5228.5	36
5229.5	37
5230.5	36
5231.5	38
5232.5	36
5233.5	36
5234.5	36
5235.5	32
5236.5	34
5237.5	39
5238.5	38
5239.5	38
5240.5	37
5241.5	37
5242.5	37
5243.5	39
5244.5	35
5245.5	37
5246.5	35
5247.5	37
5248.5	38
5249.5	32
5250.5	37
5251.5	35
5252.5	38
5253.5	34
5254.5	33
5255.5	35
5256.5	37
5257.5	36
5258.5	34
5259.5	35
5260.5	37
5261.5	35
5262.5	37
5263.5	36
5264.5	35
5265.5	36
5266.5	37
5267.5	38
5268.5	34
5269.5	32
5270.5	35
5271.5	36
5272.5	35
5273.5	34
5274.5	34
5275.5	37
5276.5	35
5277.5	36
5278.5	35
5279.5	35
5280.5	40
5281.5	35
5282.5	40
5283.5	36
5284.5	36
5285.5	32
5286.5	35
5287.5	35
5288.5	38
5289.5	38
5290.5	35
5291.5	40
5292.5	34
5293.5	39
5294.5	37
5295.5	34
5296.5	38
5297.5	38
5298.5	37
5299.5	38
5300.5	38
5301.5	41
5302.5	38
5303.5	41
5304.5	38
5305.5	40
5306.5	35
5307.5	40
5308.5	38
5309.5	39
5310.5	40
5311.5	39
5312.5	39
5313.5	43
5314.5	39
5315.5	45
5316.5	41
5317.5	45
5318.5	46
5319.5	44
5320.5	42
5321.5	48
5322.5	52
5323.5	54
5324.5	55
5325.5	60
5326.5	62
5327.5	66
5328.5	65
5329.5	73
5330.5	75
5331.5	85
5332.5	89
5333.5	91
5334.5	99
5335.5	100
5336.5	116
5337.5	121
5338.5	126
5339.5	138
5340.5	151
5341.5	162
5342.5	174
5343.5	207
5344.5	218
5345.5	234
5346.5	245
5347.5	255
5348.5	259
5349.5	278
5350.5	295
5351.5	298
5352.5	300
5353.5	294
5354.5	289
5355.5	281
5356.5	260
5357.5	233
5358.5	210
5359.5	193
5360.5	179
5361.5	163
5362.5	149
5363.5	123
5364.5	116
5365.5	91
5366.5	77
5367.5	65
5368.5	56
5369.5	51
5370.5	49
5371.5	45
5372.5	39
5373.5	40
5374.5	43
5375.5	40
5376.5	37
5377.5	39
5378.5	39
5379.5	43
5380.5	40
5381.5	48
5382.5	47
5383.5	50
5384.5	49
5385.5	50
5386.5	55
5387.5	54
5388.5	56
5389.5	56
5390.5	61
5391.5	59
5392.5	64
5393.5	68
5394.5	73
5395.5	75
5396.5	80
5397.5	83
5398.5	87
5399.5	89
5400.5	96
5401.5	100
5402.5	103
5403.5	105
5404.5	107
5405.5	109
5406.5	110
5407.5	108
5408.5	110
5409.5	101
5410.5	98
5411.5	96
5412.5	87
5413.5	83
5414.5	76
5415.5	73
5416.5	62
5417.5	55
5418.5	54
5419.5	49
5420.5	48
5421.5	38
5422.5	41
5423.5	37
5424.5	38
5425.5	34
5426.5	33
5427.5	32
5428.5	34
5429.5	37
5430.5	34
5431.5	34
5432.5	33
5433.5	32
5434.5	35
5435.5	34
5436.5	33
5437.5	34
5438.5	35
5439.5	35
5440.5	34
5441.5	33
5442.5	34
5443.5	36
5444.5	35
5445.5	34
5446.5	34
5447.5	35
5448.5	37
5449.5	34
5450.5	34
5451.5	34
5452.5	35
5453.5	35
5454.5	37
5455.5	35
5456.5	35
5457.5	37
5458.5	38
5459.5	35
5460.5	36
5461.5	37
5462.5	35
5463.5	34
5464.5	37
5465.5	37
5466.5	36
5467.5	36
5468.5	38
5469.5	36
5470.5	36
5471.5	36
5472.5	35
5473.5	34
5474.5	37
5475.5	36
5476.5	35
5477.5	36
5478.5	37
5479.5	38
5480.5	36
5481.5	35
5482.5	37
5483.5	38
5484.5	35
5485.5	37
5486.5	34
5487.5	34
5488.5	36
5489.5	34
5490.5	39
5491.5	38
5492.5	39
5493.5	37
5494.5	35
5495.5	37
5496.5	38
5497.5	37
5498.5	33
5499.5	36
5500.5	37
5501.5	38
5502.5	37
5503.5	39
5504.5	39
5505.5	42
5506.5	40
5507.5	43
5508.5	42
5509.5	41
5510.5	48
5511.5	43
5512.5	49
5513.5	43
5514.5	50
5515.5	49
5516.5	52
5517.5	55
5518.5	60
5519.5	57
5520.5	62
5521.5	68
5522.5	66
5523.5	68
5524.5	71
5525.5	77
5526.5	87
5527.5	88
5528.5	96
5529.5	107
5530.5	108
5531.5	113
5532.5	119
5533.5	123
5534.5	127
5535.5	131
5536.5	134
5537.5	142
5538.5	140
5539.5	137
5540.5	141
5541.5	125
5542.5	121
5543.5	112
5544.5	109
5545.5	99
5546.5	96
5547.5	88
5548.5	79
5549.5	72
5550.5	59
5551.5	53
5552.5	49
5553.5	46
5554.5	38
5555.5	39
5556.5	37
5557.5	35
5558.5	35
5559.5	32
5560.5	35
5561.5	36
5562.5	34
5563.5	35
5564.5	34
5565.5	37
5566.5	33
5567.5	35
5568.5	34
5569.5	34
5570.5	33
5571.5	37
5572.5	35
5573.5	36
5574.5	36
5575.5	37
5576.5	35
5577.5	35
5578.5	37
5579.5	33
5580.5	36
5581.5	40
5582.5	37
5583.5	34
5584.5	35
5585.5	36
5586.5	36
5587.5	35
5588.5	35
5589.5	35
5590.5	35
5591.5	37
5592.5	38
5593.5	36
5594.5	36
5595.5	34
5596.5	32
5597.5	32
5598.5	35
5599.5	35
5600.5	38
5601.5	37
5602.5	35
5603.5	37
5604.5	33
5605.5	35
5606.5	36
5607.5	35
5608.5	35
5609.5	37
5610.5	33
5611.5	35
5612.5	33
5613.5	37
5614.5	34
5615.5	33
5616.5	37
5617.5	37
5618.5	37
5619.5	35
5620.5	41
5621.5	34
5622.5	37
5623.5	35
5624.5	36
5625.5	35
5626.5	39
5627.5	38
5628.5	35
5629.5	36
5630.5	36
5631.5	33
5632.5	37
5633.5	36
5634.5	33
5635.5	38
5636.5	34
5637.5	38
5638.5	37
5639.5	35
5640.5	38
5641.5	40
5642.5	38
5643.5	37
5644.5	36
5645.5	40
5646.5	38
5647.5	39
5648.5	39
5649.5	39
5650.5	36
5651.5	41
5652.5	44
5653.5	45
5654.5	39
5655.5	40
5656.5	44
5657.5	45
5658.5	44
5659.5	49
5660.5	46
5661.5	48
5662.5	55
5663.5	53
5664.5	54
5665.5	56
5666.5	61
5667.5	61
5668.5	69
5669.5	72
5670.5	70
5671.5	81
5672.5	85
5673.5	89
5674.5	94
5675.5	103
5676.5	106
5677.5	113
5678.5	119
5679.5	115
5680.5	139
5681.5	156
5682.5	162
5683.5	170
5684.5	176
5685.5	183
5686.5	192
5687.5	208
5688.5	211
5689.5	216
5690.5	231
5691.5	213
5692.5	231
5693.5	227
5694.5	215
5695.5	200
5696.5	188
5697.5	174
5698.5	165
5699.5	151
5700.5	137
5701.5	117
5702.5	103
5703.5	87
5704.5	74
5705.5	67
5706.5	53
5707.5	46
5708.5	46
5709.5	37
5710.5	39
5711.5	40
5712.5	35
5713.5	34
5714.5	37
5715.5	35
5716.5	35
5717.5	35
5718.5	36
5719.5	36
5720.5	39
5721.5	36
5722.5	37
5723.5	38
5724.5	34
5725.5	39
5726.5	40
5727.5	39
5728.5	36
5729.5	38
5730.5	38
5731.5	40
5732.5	42
5733.5	40
5734.5	38
5735.5	46
5736.5	45
5737.5	48
5738.5	50
5739.5	50
5740.5	55
5741.5	51
5742.5	57
5743.5	57
5744.5	62
5745.5	68
5746.5	66
5747.5	74
5748.5	72
5749.5	75
5750.5	80
5751.5	83
5752.5	94
5753.5	97
5754.5	103
5755.5	106
5756.5	107
5757.5	117
5758.5	127
5759.5	130
5760.5	133
5761.5	142
5762.5	146
5763.5	141
5764.5	146
5765.5	144
5766.5	141
5767.5	127
5768.5	120
5769.5	111
5770.5	113
5771.5	104
5772.5	94
5773.5	92
5774.5	76
5775.5	70
5776.5	61
5777.5	55
5778.5	45
5779.5	42
5780.5	39
5781.5	39
5782.5	34
5783.5	36
5784.5	37
5785.5	34
5786.5	35
5787.5	34
5788.5	33
5789.5	30
5790.5	32
5791.5	32
5792.5	34
5793.5	35
5794.5	32
5795.5	36
5796.5	34
5797.5	37
5798.5	34
5799.5	34
5800.5	35
5801.5	36
5802.5	34
5803.5	34
5804.5	35
5805.5	33
5806.5	33
5807.5	34
5808.5	35
5809.5	37
5810.5	34
5811.5	35
5812.5	33
5813.5	35
5814.5	32
5815.5	36
5816.5	32
5817.5	35
5818.5	36
5819.5	35
5820.5	35
5821.5	38
5822.5	37
5823.5	33
5824.5	33
5825.5	34
5826.5	33
5827.5	36
5828.5	36
5829.5	36
5830.5	32
5831.5	33
5832.5	33
5833.5	37
5834.5	35
5835.5	33
5836.5	35
5837.5	35
5838.5	33
5839.5	35
5840.5	33
5841.5	33
5842.5	36
5843.5	36
5844.5	32
5845.5	34
5846.5	33
5847.5	39
5848.5	36
5849.5	33
5850.5	33
5851.5	35
5852.5	36
5853.5	34
5854.5	37
5855.5	35
5856.5	37
5857.5	34
5858.5	33
5859.5	36
5860.5	28
5861.5	36
5862.5	35
5863.5	33
5864.5	35
5865.5	33
5866.5	37
5867.5	34
5868.5	35
5869.5	32
5870.5	35
5871.5	34
5872.5	32
5873.5	35
5874.5	34
5875.5	33
5876.5	30
5877.5	36
5878.5	37
5879.5	33
5880.5	36
5881.5	35
5882.5	32
5883.5	35
5884.5	35
5885.5	32
5886.5	34
5887.5	36
5888.5	35
5889.5	34
5890.5	33
5891.5	34
5892.5	34
5893.5	32
5894.5	35
5895.5	35
5896.5	33
5897.5	38
5898.5	36
5899.5	34
5900.5	32
5901.5	33
5902.5	35
5903.5	39
5904.5	37
5905.5	38
5906.5	34
5907.5	34
5908.5	34
5909.5	33
5910.5	35
5911.5	34
5912.5	33
5913.5	35
5914.5	36
5915.5	34
5916.5	32
5917.5	40
5918.5	34
5919.5	33
5920.5	35
5921.5	35
5922.5	36
5923.5	33
5924.5	35
5925.5	32
5926.5	40
5927.5	35
5928.5	36
5929.5	33
5930.5	35
5931.5	36
5932.5	37
5933.5	35
5934.5	35
5935.5	36
5936.5	37
5937.5	34
5938.5	34
5939.5	33
5940.5	34
5941.5	32
5942.5	34
5943.5	35
5944.5	33
5945.5	35
5946.5	37
5947.5	34
5948.5	37
5949.5	37
5950.5	35
5951.5	38
5952.5	37
5953.5	36
5954.5	33
5955.5	35
5956.5	34
5957.5	32
5958.5	34
5959.5	33
5960.5	33
5961.5	37
5962.5	34
5963.5	34
5964.5	35
5965.5	35
5966.5	33
5967.5	37
5968.5	34
5969.5	34
5970.5	39
5971.5	34
5972.5	38
5973.5	34
5974.5	35
5975.5	33
5976.5	35
5977.5	37
5978.5	34
5979.5	35
5980.5	37
5981.5	39
5982.5	34
5983.5	35
5984.5	39
5985.5	34
5986.5	35
5987.5	34
5988.5	36
5989.5	34
5990.5	34
5991.5	35
5992.5	37
5993.5	38
5994.5	32
5995.5	36
5996.5	34
5997.5	35
5998.5	33
5999.5	47
6000.5	36
6001.5	37
6002.5	35
6003.5	35
6004.5	34
6005.5	39
6006.5	33
6007.5	38
6008.5	35
6009.5	34
6010.5	37
6011.5	33
6012.5	34
6013.5	37
6014.5	35
6015.5	35
6016.5	38
6017.5	36
6018.5	34
6019.5	37
6020.5	36
6021.5	36
6022.5	36
6023.5	35
6024.5	37
6025.5	35
6026.5	36
6027.5	33
6028.5	36
6029.5	36
6030.5	36
6031.5	36
6032.5	36
6033.5	36
6034.5	34
6035.5	34
6036.5	36
6037.5	34
6038.5	33
6039.5	38
6040.5	33
6041.5	35
6042.5	35
6043.5	37
6044.5	34
6045.5	35
6046.5	34
6047.5	36
6048.5	37
6049.5	34
6050.5	35
6051.5	37
6052.5	36
6053.5	35
6054.5	35
6055.5	37
6056.5	34
6057.5	34
6058.5	35
6059.5	36
6060.5	32
6061.5	32
6062.5	36
6063.5	33
6064.5	37
6065.5	36
6066.5	32
6067.5	34
6068.5	39
6069.5	33
6070.5	34
6071.5	36
6072.5	34
6073.5	34
6074.5	35
6075.5	37
6076.5	37
6077.5	35
6078.5	37
6079.5	36
6080.5	34
6081.5	37
6082.5	35
6083.5	37
6084.5	37
6085.5	34
6086.5	36
6087.5	37
6088.5	35
6089.5	36
6090.5	38
6091.5	37
6092.5	37
6093.5	38
6094.5	41
6095.5	34
6096.5	39
6097.5	40
6098.5	40
6099.5	39
6100.5	39
6101.5	40
6102.5	40
6103.5	40
6104.5	40
6105.5	45
6106.5	47
6107.5	47
6108.5	44
6109.5	48
6110.5	51
6111.5	50
6112.5	57
6113.5	56
6114.5	60
6115.5	61
6116.5	68
6117.5	66
6118.5	69
6119.5	76
6120.5	75
6121.5	84
6122.5	89
6123.5	88
6124.5	98
6125.5	103
6126.5	106
6127.5	113
6128.5	120
6129.5	128
6130.5	130
6131.5	130
6132.5	140
6133.5	141
6134.5	148
6135.5	157
6136.5	154
6137.5	147
6138.5	148
6139.5	143
6140.5	138
6141.5	135
6142.5	120
6143.5	112
6144.5	101
6145.5	88
6146.5	88
6147.5	78
6148.5	65
6149.5	61
6150.5	57
6151.5	52
6152.5	50
6153.5	45
6154.5	41
6155.5	44
6156.5	42
6157.5	37
6158.5	40
6159.5	38
6160.5	35
6161.5	39
6162.5	32
6163.5	35
6164.5	37
6165.5	37
6166.5	36
6167.5	39
6168.5	35
6169.5	35
6170.5	36
6171.5	37
6172.5	35
6173.5	36
6174.5	35
6175.5	34
6176.5	36
6177.5	38
6178.5	35
6179.5	34
6180.5	35
6181.5	32
6182.5	33
6183.5	33
6184.5	36
6185.5	36
6186.5	34
6187.5	34
6188.5	34
6189.5	37
6190.5	36
6191.5	37
6192.5	35
6193.5	33
6194.5	35
6195.5	35
6196.5	34
6197.5	34
6198.5	34
6199.5	35
6200.5	33
6201.5	34
6202.5	33
6203.5	34
6204.5	33
6205.5	33
6206.5	36
6207.5	32
6208.5	34
6209.5	36
6210.5	36
6211.5	33
6212.5	35
6213.5	35
6214.5	32
6215.5	32
6216.5	32
6217.5	33
6218.5	34
6219.5	34
6220.5	35
6221.5	32
6222.5	34
6223.5	33
6224.5	32
6225.5	37
6226.5	33
6227.5	36
6228.5	37
6229.5	33
6230.5	33
6231.5	33
6232.5	34
6233.5	34
6234.5	34
6235.5	33
6236.5	35
6237.5	35
6238.5	37
6239.5	32
6240.5	32
6241.5	35
6242.5	37
6243.5	32
6244.5	33
6245.5	35
6246.5	34
6247.5	35
6248.5	34
6249.5	35
6250.5	33
6251.5	35
6252.5	38
6253.5	32
6254.5	32
6255.5	33
6256.5	34
6257.5	35
6258.5	35
6259.5	34
6260.5	34
6261.5	33
6262.5	35
6263.5	33
6264.5	36
6265.5	38
6266.5	34
6267.5	35
6268.5	34
6269.5	35
6270.5	32
6271.5	35
6272.5	34
6273.5	32
6274.5	34
6275.5	35
6276.5	35
6277.5	33
6278.5	34
6279.5	34
6280.5	34
6281.5	35
6282.5	32
6283.5	35
6284.5	33
6285.5	32
6286.5	33
6287.5	33
6288.5	33
6289.5	36
6290.5	33
6291.5	36
6292.5	36
6293.5	35
6294.5	35
6295.5	35
6296.5	37
6297.5	34
6298.5	32
6299.5	38
6300.5	36
6301.5	35
6302.5	35
6303.5	34
6304.5	34
6305.5	35
6306.5	35
6307.5	35
6308.5	34
6309.5	32
6310.5	32
6311.5	34
6312.5	35
6313.5	37
6314.5	34
6315.5	34
6316.5	35
6317.5	32
6318.5	36
6319.5	36
6320.5	35
6321.5	38
6322.5	32
6323.5	34
6324.5	36
6325.5	30
6326.5	36
6327.5	35
6328.5	34
6329.5	34
6330.5	36
6331.5	35
6332.5	33
6333.5	32
6334.5	36
6335.5	35
6336.5	32
6337.5	33
6338.5	32
6339.5	32
6340.5	36
6341.5	32
6342.5	36
6343.5	36
6344.5	33
6345.5	34
6346.5	32
6347.5	31
6348.5	33
6349.5	35
6350.5	33
6351.5	37
6352.5	34
6353.5	34
6354.5	32
6355.5	35
6356.5	34
6357.5	35
6358.5	34
6359.5	34
6360.5	33
6361.5	34
6362.5	35
6363.5	35
6364.5	37
6365.5	33
6366.5	33
6367.5	36
6368.5	35
6369.5	33
6370.5	33
6371.5	35
6372.5	34
6373.5	35
6374.5	33
6375.5	36
6376.5	33
6377.5	33
6378.5	35
6379.5	34
6380.5	37
6381.5	34
6382.5	36
6383.5	34
6384.5	35
6385.5	33
6386.5	34
6387.5	32
6388.5	32
6389.5	35
6390.5	33
6391.5	33
6392.5	34
6393.5	35
6394.5	34
6395.5	33
6396.5	35
6397.5	34
6398.5	34
6399.5	35
6400.5	34
6401.5	32
6402.5	34
6403.5	35
6404.5	35
6405.5	34
6406.5	33
6407.5	37
6408.5	32
6409.5	34
6410.5	38
6411.5	35
6412.5	34
6413.5	32
6414.5	34
6415.5	36
6416.5	37
6417.5	33
6418.5	35
6419.5	32
6420.5	33
6421.5	32
6422.5	35
6423.5	34
6424.5	35
6425.5	34
6426.5	35
6427.5	32
6428.5	34
6429.5	35
6430.5	33
6431.5	34
6432.5	36
6433.5	34
6434.5	31
6435.5	33
6436.5	34
6437.5	33
6438.5	34
6439.5	35
6440.5	34
6441.5	34
6442.5	33
6443.5	32
6444.5	34
6445.5	35
6446.5	37
6447.5	32
6448.5	32
6449.5	33
6450.5	33
6451.5	34
6452.5	34
6453.5	32
6454.5	35
6455.5	35
6456.5	33
6457.5	39
6458.5	33
6459.5	32
6460.5	33
6461.5	35
6462.5	35
6463.5	33
6464.5	33
6465.5	35
6466.5	35
6467.5	34
6468.5	32
6469.5	36
6470.5	32
6471.5	33
6472.5	33
6473.5	36
6474.5	33
6475.5	36
6476.5	31
6477.5	36
6478.5	33
6479.5	34
6480.5	33
6481.5	36
6482.5	37
6483.5	36
6484.5	35
6485.5	34
6486.5	35
6487.5	34
6488.5	33
6489.5	33
6490.5	34
6491.5	34
6492.5	33
6493.5	34
6494.5	34
6495.5	34
6496.5	32
6497.5	33
6498.5	33
6499.5	34
6500.5	34
6501.5	34
6502.5	33
6503.5	32
6504.5	37
6505.5	33
6506.5	34
6507.5	33
6508.5	39
6509.5	34
6510.5	33
6511.5	34
6512.5	34
6513.5	38
6514.5	34
6515.5	35
6516.5	33
6517.5	32
6518.5	30
6519.5	34
6520.5	32
6521.5	32
6522.5	33
6523.5	35
6524.5	33
6525.5	35
6526.5	35
6527.5	35
6528.5	34
6529.5	33
6530.5	33
6531.5	34
6532.5	33
6533.5	36
6534.5	36
6535.5	34
6536.5	34
6537.5	34
6538.5	32
6539.5	34
6540.5	32
6541.5	33
6542.5	32
6543.5	34
6544.5	35
6545.5	32
6546.5	37
6547.5	37
6548.5	34
6549.5	33
6550.5	35
6551.5	34
6552.5	32
6553.5	35
6554.5	34
6555.5	34
6556.5	32
6557.5	37
6558.5	35
6559.5	36
6560.5	37
6561.5	32
6562.5	37
6563.5	35
6564.5	35
6565.5	34
6566.5	35
6567.5	34
6568.5	34
6569.5	34
6570.5	33
6571.5	34
6572.5	33
6573.5	33
6574.5	34
6575.5	35
6576.5	32
6577.5	32
6578.5	32
6579.5	35
6580.5	34
6581.5	35
6582.5	32
6583.5	36
6584.5	35
6585.5	34
6586.5	33
6587.5	33
6588.5	32
6589.5	34
6590.5	36
6591.5	35
6592.5	33
6593.5	33
6594.5	34
6595.5	33
6596.5	35
6597.5	32
6598.5	33
6599.5	33
6600.5	34
6601.5	33
6602.5	34
6603.5	33
6604.5	34
6605.5	33
6606.5	35
6607.5	34
6608.5	36
6609.5	36
6610.5	34
6611.5	34
6612.5	34
6613.5	34
6614.5	33
6615.5	35
6616.5	33
6617.5	35
6618.5	35
6619.5	34
6620.5	33
6621.5	33
6622.5	34
6623.5	33
6624.5	33
6625.5	32
6626.5	34
6627.5	36
6628.5	36
6629.5	37
6630.5	34
6631.5	33
6632.5	31
6633.5	35
6634.5	34
6635.5	36
6636.5	32
6637.5	33
6638.5	30
6639.5	37
6640.5	33
6641.5	36
6642.5	32
6643.5	35
6644.5	34
6645.5	34
6646.5	32
6647.5	35
6648.5	32
6649.5	34
6650.5	33
6651.5	32
6652.5	35
6653.5	34
6654.5	34
6655.5	35
6656.5	36
6657.5	32
6658.5	35
6659.5	36
6660.5	35
6661.5	35
6662.5	34
6663.5	34
6664.5	33
6665.5	38
6666.5	32
6667.5	33
6668.5	34
6669.5	32
6670.5	33
6671.5	34
6672.5	32
6673.5	32
6674.5	36
6675.5	34
6676.5	33
6677.5	36
6678.5	33
6679.5	33
6680.5	33
6681.5	35
6682.5	33
6683.5	34
6684.5	35
6685.5	33
6686.5	34
6687.5	35
6688.5	33
6689.5	36
6690.5	33
6691.5	35
6692.5	32
6693.5	34
6694.5	29
6695.5	36
6696.5	34
6697.5	35
6698.5	34
6699.5	33
6700.5	34
6701.5	33
6702.5	32
6703.5	34
6704.5	35
6705.5	33
6706.5	33
6707.5	35
6708.5	32
6709.5	34
6710.5	33
6711.5	33
6712.5	35
6713.5	33
6714.5	35
6715.5	34
6716.5	36
6717.5	37
6718.5	35
6719.5	36
6720.5	33
6721.5	32
6722.5	37
6723.5	33
6724.5	33
6725.5	35
6726.5	33
6727.5	34
6728.5	35
6729.5	37
6730.5	33
6731.5	33
6732.5	33
6733.5	34
6734.5	33
6735.5	34
6736.5	35
6737.5	34
6738.5	34
6739.5	34
6740.5	33
6741.5	32
6742.5	33
6743.5	34
6744.5	35
6745.5	36
6746.5	32
6747.5	31
6748.5	32
6749.5	35
6750.5	35
6751.5	35
6752.5	35
6753.5	32
6754.5	35
6755.5	33
6756.5	33
6757.5	36
6758.5	34
6759.5	33
6760.5	33
6761.5	32
6762.5	32
6763.5	40
6764.5	34
6765.5	35
6766.5	35
6767.5	33
6768.5	34
6769.5	35
6770.5	34
6771.5	36
6772.5	35
6773.5	35
6774.5	36
6775.5	34
6776.5	35
6777.5	33
6778.5	34
6779.5	36
6780.5	36
6781.5	36
6782.5	34
6783.5	35
6784.5	37
6785.5	35
6786.5	32
6787.5	33
6788.5	34
6789.5	33
6790.5	34
6791.5	36
6792.5	34
6793.5	35
6794.5	34
6795.5	33
6796.5	33
6797.5	33
6798.5	33
6799.5	32
6800.5	34
6801.5	32
6802.5	33
6803.5	36
6804.5	36
6805.5	34
6806.5	32
6807.5	36
6808.5	32
6809.5	34
6810.5	34
6811.5	34
6812.5	36
6813.5	36
6814.5	33
6815.5	35
6816.5	34
6817.5	34
6818.5	36
6819.5	35
6820.5	35
6821.5	33
6822.5	33
6823.5	37
6824.5	33
6825.5	35
6826.5	32
6827.5	35
6828.5	33
6829.5	35
6830.5	34
6831.5	34
6832.5	36
6833.5	36
6834.5	34
6835.5	35
6836.5	35
6837.5	38
6838.5	35
6839.5	35
6840.5	33
6841.5	32
6842.5	34
6843.5	34
6844.5	33
6845.5	34
6846.5	36
6847.5	32
6848.5	35
6849.5	37
6850.5	33
6851.5	35
6852.5	33
6853.5	34
6854.5	35
6855.5	36
6856.5	33
6857.5	31
6858.5	35
6859.5	39
6860.5	34
6861.5	32
6862.5	35
6863.5	36
6864.5	33
6865.5	33
6866.5	34
6867.5	35
6868.5	36
6869.5	37
6870.5	33
6871.5	36
6872.5	32
6873.5	37
6874.5	35
6875.5	35
6876.5	32
6877.5	33
6878.5	33
6879.5	34
6880.5	36
6881.5	32
6882.5	34
6883.5	35
6884.5	34
6885.5	33
6886.5	35
6887.5	35
6888.5	33
6889.5	33
6890.5	32
6891.5	35
6892.5	33
6893.5	36
6894.5	37
6895.5	36
6896.5	33
6897.5	34
6898.5	33
6899.5	34
6900.5	33
6901.5	36
6902.5	34
6903.5	33
6904.5	32
6905.5	32
6906.5	35
6907.5	34
6908.5	36
6909.5	34
6910.5	35
6911.5	32
6912.5	36
6913.5	36
6914.5	32
6915.5	33
6916.5	32
6917.5	32
6918.5	35
6919.5	35
6920.5	34
6921.5	37
6922.5	34
6923.5	36
6924.5	33
6925.5	35
6926.5	34
6927.5	35
6928.5	34
6929.5	35
6930.5	36
6931.5	33
6932.5	30
6933.5	34
6934.5	33
6935.5	34
6936.5	35
6937.5	35
6938.5	34
6939.5	34
6940.5	32
6941.5	32
6942.5	34
6943.5	34
6944.5	32
6945.5	32
6946.5	38
6947.5	35
6948.5	33
6949.5	32
6950.5	36
6951.5	34
6952.5	34
6953.5	32
6954.5	35
6955.5	34
6956.5	33
6957.5	37
6958.5	32
6959.5	34
6960.5	32
6961.5	30
6962.5	35
6963.5	36
6964.5	34
6965.5	37
6966.5	34
6967.5	34
6968.5	32
6969.5	33
6970.5	35
6971.5	33
6972.5	34
6973.5	34
6974.5	34
6975.5	37
6976.5	33
6977.5	34
6978.5	33
6979.5	35
6980.5	33
6981.5	36
6982.5	35
6983.5	35
6984.5	38
6985.5	36
6986.5	33
6987.5	30
6988.5	34
6989.5	35
6990.5	35
6991.5	35
6992.5	34
6993.5	34
6994.5	35
6995.5	32
6996.5	35
6997.5	34
6998.5	34
6999.5	33
7000.5	32
7001.5	34
7002.5	34
7003.5	37
7004.5	35
7005.5	33
7006.5	33
7007.5	34
7008.5	35
7009.5	34
7010.5	35
7011.5	32
7012.5	33
7013.5	35
7014.5	33
7015.5	35
7016.5	36
7017.5	33
7018.5	33
7019.5	32
7020.5	35
7021.5	32
7022.5	35
7023.5	33
7024.5	31
7025.5	36
7026.5	34
7027.5	35
7028.5	33
7029.5	34
7030.5	34
7031.5	33
7032.5	36
7033.5	35
7034.5	34
7035.5	36
7036.5	33
7037.5	35
7038.5	34
7039.5	35
7040.5	32
7041.5	35
7042.5	34
7043.5	34
7044.5	34
7045.5	35
7046.5	34
7047.5	32
7048.5	36
7049.5	32
7050.5	36
7051.5	37
7052.5	34
7053.5	32
7054.5	34
7055.5	33
7056.5	36
7057.5	34
7058.5	33
7059.5	35
7060.5	33
7061.5	34
7062.5	34
7063.5	33
7064.5	37
7065.5	35
7066.5	34
7067.5	36
7068.5	35
7069.5	34
7070.5	34
7071.5	34
7072.5	34
7073.5	33
7074.5	35
7075.5	34
7076.5	32
7077.5	36
7078.5	33
7079.5	35
7080.5	34
7081.5	33
7082.5	33
7083.5	35
7084.5	34
7085.5	37
7086.5	34
7087.5	32
7088.5	34
7089.5	33
7090.5	35
7091.5	34
7092.5	34
7093.5	33
7094.5	34
7095.5	34
7096.5	32
7097.5	34
7098.5	34
7099.5	35
7100.5	33
7101.5	35
7102.5	34
7103.5	34
7104.5	35
7105.5	34
7106.5	35
7107.5	33
7108.5	33
7109.5	33
7110.5	38
7111.5	36
7112.5	34
7113.5	35
7114.5	35
7115.5	32
7116.5	32
7117.5	34
7118.5	32
7119.5	36
7120.5	34
7121.5	33
7122.5	34
7123.5	33
7124.5	34
7125.5	33
7126.5	35
7127.5	35
7128.5	36
7129.5	34
7130.5	30
7131.5	33
7132.5	32
7133.5	34
7134.5	34
7135.5	36
7136.5	34
7137.5	35
7138.5	33
7139.5	36
7140.5	34
7141.5	35
7142.5	33
7143.5	32
7144.5	35
7145.5	34
7146.5	34
7147.5	36
7148.5	35
7149.5	33
7150.5	36
7151.5	33
7152.5	33
7153.5	35
7154.5	34
7155.5	32
7156.5	33
7157.5	34
7158.5	32
7159.5	35
7160.5	38
7161.5	35
7162.5	35
7163.5	33
7164.5	34
7165.5	34
7166.5	33
7167.5	35
7168.5	35
7169.5	37
7170.5	34
7171.5	33
7172.5	36
7173.5	35
7174.5	33
7175.5	33
7176.5	35
7177.5	35
7178.5	34
7179.5	38
7180.5	33
7181.5	33
7182.5	34
7183.5	34
7184.5	33
7185.5	32
7186.5	34
7187.5	35
7188.5	33
7189.5	33
7190.5	35
7191.5	38
7192.5	35
7193.5	34
7194.5	35
7195.5	32
7196.5	35
7197.5	33
7198.5	35
7199.5	32
7200.5	33
7201.5	34
7202.5	36
7203.5	34
7204.5	34
7205.5	34
7206.5	34
7207.5	33
7208.5	34
7209.5	36
7210.5	34
7211.5	34
7212.5	34
7213.5	34
7214.5	35
7215.5	34
7216.5	32
7217.5	34
7218.5	32
7219.5	35
7220.5	32
7221.5	33
7222.5	33
7223.5	35
7224.5	36
7225.5	36
7226.5	35
7227.5	34
7228.5	32
7229.5	34
7230.5	34
7231.5	32
7232.5	34
7233.5	34
7234.5	32
7235.5	34
7236.5	33
7237.5	37
7238.5	35
7239.5	36
7240.5	33
7241.5	33
7242.5	33
7243.5	36
7244.5	34
7245.5	30
7246.5	33
7247.5	36
7248.5	32
7249.5	31
7250.5	35
7251.5	34
7252.5	36
7253.5	35
7254.5	35
7255.5	33
7256.5	36
7257.5	35
7258.5	34
7259.5	34
7260.5	34
7261.5	33
7262.5	32
7263.5	35
7264.5	35
7265.5	34
7266.5	33
7267.5	34
7268.5	32
7269.5	33
7270.5	33
7271.5	35
7272.5	35
7273.5	35
7274.5	34
7275.5	34
7276.5	34
7277.5	36
7278.5	34
7279.5	33
7280.5	30
7281.5	34
7282.5	32
7283.5	34
7284.5	33
7285.5	32
7286.5	36
7287.5	33
7288.5	35
7289.5	36
7290.5	35
7291.5	36
7292.5	34
7293.5	34
7294.5	33
7295.5	35
7296.5	35
7297.5	35
7298.5	35
7299.5	34
7300.5	33
7301.5	34
7302.5	33
7303.5	36
7304.5	30
7305.5	35
7306.5	33
7307.5	33
7308.5	33
7309.5	30
7310.5	37
7311.5	35
7312.5	33
7313.5	31
7314.5	37
7315.5	33
7316.5	34
7317.5	33
7318.5	34
7319.5	36
7320.5	33
7321.5	35
7322.5	33
7323.5	36
7324.5	33
7325.5	30
7326.5	36
7327.5	34
7328.5	35
7329.5	38
7330.5	33
7331.5	33
7332.5	34
7333.5	33
7334.5	35
7335.5	33
7336.5	37
7337.5	33
7338.5	35
7339.5	36
7340.5	33
7341.5	33
7342.5	32
7343.5	34
7344.5	37
7345.5	33
7346.5	35
7347.5	33
7348.5	34
7349.5	35
7350.5	36
7351.5	34
7352.5	36
7353.5	35
7354.5	35
7355.5	34
7356.5	34
7357.5	34
7358.5	33
7359.5	35
7360.5	32
7361.5	36
7362.5	35
7363.5	31
7364.5	34
7365.5	34
7366.5	36
7367.5	33
7368.5	31
7369.5	33
7370.5	35
7371.5	32
7372.5	34
7373.5	34
7374.5	35
7375.5	36
7376.5	34
7377.5	33
7378.5	33
7379.5	35
7380.5	32
7381.5	34
7382.5	35
7383.5	32
7384.5	32
7385.5	33
7386.5	36
7387.5	34
7388.5	34
7389.5	34
7390.5	35
7391.5	33
7392.5	32
7393.5	34
7394.5	34
7395.5	33
7396.5	32
7397.5	36
7398.5	35
7399.5	36
7400.5	34
7401.5	35
7402.5	35
7403.5	33
7404.5	33
7405.5	33
7406.5	34
7407.5	35
7408.5	34
7409.5	35
7410.5	34
7411.5	34
7412.5	33
7413.5	32
7414.5	35
7415.5	35
7416.5	32
7417.5	35
7418.5	35
7419.5	35
7420.5	33
7421.5	33
7422.5	33
7423.5	34
7424.5	35
7425.5	36
7426.5	35
7427.5	33
7428.5	33
7429.5	33
7430.5	36
7431.5	34
7432.5	38
7433.5	34
7434.5	32
7435.5	30
7436.5	29
7437.5	32
7438.5	32
7439.5	37
7440.5	35
7441.5	34
7442.5	33
7443.5	35
7444.5	33
7445.5	36
7446.5	32
7447.5	37
7448.5	33
7449.5	34
7450.5	38
7451.5	30
7452.5	33
7453.5	35
7454.5	32
7455.5	33
7456.5	34
7457.5	36
7458.5	33
7459.5	34
7460.5	32
7461.5	35
7462.5	33
7463.5	33
7464.5	32
7465.5	37
7466.5	33
7467.5	38
7468.5	34
7469.5	34
7470.5	35
7471.5	34
7472.5	35
7473.5	32
7474.5	34
7475.5	36
7476.5	34
7477.5	34
7478.5	34
7479.5	34
7480.5	35
7481.5	33
7482.5	34
7483.5	34
7484.5	35
7485.5	34
7486.5	32
7487.5	36
7488.5	36
7489.5	37
7490.5	34
7491.5	32
7492.5	35
7493.5	32
7494.5	33
7495.5	36
7496.5	35
7497.5	34
7498.5	33
7499.5	35
7500.5	36
7501.5	37
7502.5	35
7503.5	35
7504.5	33
7505.5	36
7506.5	33
7507.5	35
7508.5	35
7509.5	33
7510.5	38
7511.5	35
7512.5	33
7513.5	34
7514.5	35
7515.5	35
7516.5	35
7517.5	35
7518.5	33
7519.5	35
7520.5	32
7521.5	36
7522.5	39
7523.5	36
7524.5	36
7525.5	34
7526.5	35
7527.5	35
7528.5	35
7529.5	35
7530.5	37
7531.5	36
7532.5	33
7533.5	32
7534.5	33
7535.5	34
7536.5	32
7537.5	34
7538.5	32
7539.5	34
7540.5	34
7541.5	34
7542.5	34
7543.5	35
7544.5	31
7545.5	31
7546.5	36
7547.5	35
7548.5	37
7549.5	36
7550.5	37
7551.5	31
7552.5	35
7553.5	35
7554.5	37
7555.5	36
7556.5	36
7557.5	33
7558.5	33
7559.5	35
7560.5	36
7561.5	34
7562.5	35
7563.5	35
7564.5	33
7565.5	37
7566.5	36
7567.5	38
7568.5	35
7569.5	35
7570.5	35
7571.5	33
7572.5	34
7573.5	32
7574.5	33
7575.5	34
7576.5	33
7577.5	33
7578.5	33
7579.5	35
7580.5	34
7581.5	34
7582.5	34
7583.5	32
7584.5	32
7585.5	35
7586.5	33
7587.5	36
7588.5	35
7589.5	34
7590.5	33
7591.5	35
7592.5	33
7593.5	35
7594.5	32
7595.5	36
7596.5	34
7597.5	33
7598.5	35
7599.5	33
7600.5	33
7601.5	34
7602.5	33
7603.5	35
7604.5	32
7605.5	33
7606.5	39
7607.5	30
7608.5	36
7609.5	34
7610.5	33
7611.5	32
7612.5	34
7613.5	33
7614.5	34
7615.5	38
7616.5	34
7617.5	33
7618.5	34
7619.5	33
7620.5	33
7621.5	34
7622.5	32
7623.5	37
7624.5	34
7625.5	33
7626.5	28
7627.5	33
7628.5	35
7629.5	34
7630.5	34
7631.5	33
7632.5	35
7633.5	39
7634.5	35
7635.5	35
7636.5	37
7637.5	33
7638.5	33
7639.5	35
7640.5	32
7641.5	38
7642.5	32
7643.5	35
7644.5	33
7645.5	33
7646.5	32
7647.5	34
7648.5	35
7649.5	35
7650.5	34
7651.5	34
7652.5	32
7653.5	34
7654.5	35
7655.5	35
7656.5	33
7657.5	35
7658.5	33
7659.5	34
7660.5	31
7661.5	37
7662.5	32
7663.5	34
7664.5	34
7665.5	32
7666.5	34
7667.5	32
7668.5	35
7669.5	33
7670.5	34
7671.5	34
7672.5	35
7673.5	32
7674.5	36
7675.5	33
7676.5	34
7677.5	35
7678.5	33
7679.5	32
7680.5	34
7681.5	33
7682.5	34
7683.5	34
7684.5	35
7685.5	33
7686.5	34
7687.5	33
7688.5	33
7689.5	36
7690.5	32
7691.5	36
7692.5	35
7693.5	33
7694.5	33
7695.5	36
7696.5	32
7697.5	34
7698.5	35
7699.5	35
7700.5	34
7701.5	35
7702.5	34
7703.5	35
7704.5	33
7705.5	35
7706.5	33
7707.5	34
7708.5	32
7709.5	36
7710.5	32
7711.5	36
7712.5	31
7713.5	37
7714.5	34
7715.5	34
7716.5	35
7717.5	35
7718.5	34
7719.5	34
7720.5	35
7721.5	33
7722.5	32
7723.5	32
7724.5	32
7725.5	33
7726.5	32
7727.5	36
7728.5	33
7729.5	33
7730.5	37
7731.5	31
7732.5	35
7733.5	33
7734.5	33
7735.5	35
7736.5	34
7737.5	34
7738.5	35
7739.5	36
7740.5	30
7741.5	35
7742.5	32
7743.5	32
7744.5	35
7745.5	34
7746.5	33
7747.5	33
7748.5	34
7749.5	38
7750.5	34
7751.5	34
7752.5	33
7753.5	32
7754.5	35
7755.5	30
7756.5	34
7757.5	34
7758.5	35
7759.5	35
7760.5	34
7761.5	35
7762.5	32
7763.5	33
7764.5	32
7765.5	32
7766.5	34
7767.5	32
7768.5	38
7769.5	34
7770.5	33
7771.5	34
7772.5	36
7773.5	35
7774.5	34
7775.5	32
7776.5	32
7777.5	33
7778.5	33
7779.5	34
7780.5	33
7781.5	34
7782.5	33
7783.5	32
7784.5	33
7785.5	35
7786.5	34
7787.5	34
7788.5	34
7789.5	35
7790.5	32
7791.5	35
7792.5	33
7793.5	34
7794.5	33
7795.5	33
7796.5	33
7797.5	34
7798.5	33
7799.5	34
7800.5	35
7801.5	32
7802.5	33
7803.5	35
7804.5	40
7805.5	35
7806.5	34
7807.5	32
7808.5	37
7809.5	36
7810.5	35
7811.5	36
7812.5	35
7813.5	36
7814.5	32
7815.5	35
7816.5	32
7817.5	34
7818.5	32
7819.5	33
7820.5	33
7821.5	32
7822.5	34
7823.5	35
7824.5	34
7825.5	34
7826.5	34
7827.5	36
7828.5	35
7829.5	32
7830.5	35
7831.5	32
7832.5	34
7833.5	34
7834.5	32
7835.5	34
7836.5	36
7837.5	35
7838.5	33
7839.5	36
7840.5	34
7841.5	32
7842.5	35
7843.5	35
7844.5	32
7845.5	33
7846.5	32
7847.5	35
7848.5	33
7849.5	32
7850.5	33
7851.5	36
7852.5	32
7853.5	33
7854.5	35
7855.5	32
7856.5	35
7857.5	34
7858.5	33
7859.5	34
7860.5	34
7861.5	37
7862.5	33
7863.5	35
7864.5	34
7865.5	33
7866.5	34
7867.5	33
7868.5	33
7869.5	33
7870.5	37
7871.5	36
7872.5	34
7873.5	34
7874.5	35
7875.5	33
7876.5	29
7877.5	36
7878.5	32
7879.5	34
7880.5	32
7881.5	34
7882.5	32
7883.5	35
7884.5	31
7885.5	35
7886.5	34
7887.5	33
7888.5	35
7889.5	35
7890.5	33
7891.5	33
7892.5	33
7893.5	34
7894.5	34
7895.5	35
7896.5	34
7897.5	32
7898.5	34
7899.5	35
7900.5	34
7901.5	33
7902.5	33
7903.5	34
7904.5	35
7905.5	33
7906.5	34
7907.5	34
7908.5	33
7909.5	33
7910.5	36
7911.5	34
7912.5	32
7913.5	33
7914.5	31
7915.5	33
7916.5	35
7917.5	34
7918.5	33
7919.5	33
7920.5	34
7921.5	35
7922.5	35
7923.5	34
7924.5	32
7925.5	0
	