0.5	38
1.5	37
2.5	34
3.5	34
4.5	34
5.5	36
6.5	35
7.5	36
8.5	38
9.5	37
10.5	37
11.5	36
12.5	36
13.5	38
14.5	38
15.5	38
16.5	34
17.5	34
18.5	35
19.5	38
20.5	34
21.5	36
22.5	34
23.5	35
24.5	39
25.5	34
26.5	36
27.5	36
28.5	34
29.5	35
30.5	35
31.5	33
32.5	38
33.5	37
34.5	34
35.5	38
36.5	35
37.5	39
38.5	36
39.5	36
40.5	34
41.5	32
42.5	34
43.5	37
44.5	36
45.5	38
46.5	36
47.5	37
48.5	34
49.5	33
50.5	36
51.5	37
52.5	34
53.5	35
54.5	35
55.5	34
56.5	36
57.5	38
58.5	35
59.5	34
60.5	37
61.5	35
62.5	37
63.5	37
64.5	35
65.5	35
66.5	37
67.5	33
68.5	37
69.5	37
70.5	35
71.5	33
72.5	35
73.5	39
74.5	34
75.5	34
76.5	34
77.5	32
78.5	35
79.5	37
80.5	34
81.5	36
82.5	37
83.5	35
84.5	37
85.5	37
86.5	36
87.5	36
88.5	35
89.5	36
90.5	34
91.5	34
92.5	34
93.5	37
94.5	41
95.5	35
96.5	35
97.5	37
98.5	35
99.5	36
100.5	35
101.5	33
102.5	34
103.5	34
104.5	34
105.5	36
106.5	33
107.5	35
108.5	34
109.5	34
110.5	33
111.5	39
112.5	36
113.5	34
114.5	35
115.5	37
116.5	35
117.5	35
118.5	32
119.5	35
120.5	35
121.5	35
122.5	37
123.5	37
124.5	35
125.5	35
126.5	34
127.5	38
128.5	32
129.5	35
130.5	34
131.5	38
132.5	33
133.5	35
134.5	36
135.5	35
136.5	35
137.5	36
138.5	36
139.5	36
140.5	35
141.5	35
142.5	36
143.5	35
144.5	35
145.5	33
146.5	33
147.5	35
148.5	34
149.5	33
150.5	34
151.5	35
152.5	36
153.5	33
154.5	36
155.5	36
156.5	35
157.5	33
158.5	35
159.5	35
160.5	35
161.5	35
162.5	37
163.5	37
164.5	36
165.5	35
166.5	33
167.5	34
168.5	34
169.5	34
170.5	33
171.5	34
172.5	35
173.5	33
174.5	33
175.5	36
176.5	35
177.5	32
178.5	35
179.5	36
180.5	32
181.5	35
182.5	34
183.5	35
184.5	37
185.5	32
186.5	38
187.5	35
188.5	33
189.5	35
190.5	37
191.5	35
192.5	34
193.5	34
194.5	38
195.5	36
196.5	37
197.5	34
198.5	36
199.5	33
200.5	37
201.5	35
202.5	32
203.5	37
204.5	35
205.5	32
206.5	32
207.5	35
208.5	35
209.5	35
210.5	35
211.5	39
212.5	36
213.5	36
214.5	34
215.5	37
216.5	35
217.5	33
218.5	35
219.5	38
220.5	34
221.5	34
222.5	33
223.5	38
224.5	35
225.5	34
226.5	32
227.5	39
228.5	36
229.5	36
230.5	35
231.5	35
232.5	35
233.5	36
234.5	32
235.5	37
236.5	34
237.5	37
238.5	35
239.5	34
240.5	33
241.5	33
242.5	35
243.5	35
244.5	34
245.5	37
246.5	33
247.5	32
248.5	36
249.5	35
250.5	34
251.5	35
252.5	33
253.5	36
254.5	35
255.5	35
256.5	34
257.5	36
258.5	35
259.5	36
260.5	34
261.5	36
262.5	34
263.5	32
264.5	33
265.5	36
266.5	35
267.5	33
268.5	34
269.5	37
270.5	34
271.5	36
272.5	35
273.5	35
274.5	36
275.5	34
276.5	37
277.5	35
278.5	35
279.5	35
280.5	34
281.5	34
282.5	33
283.5	34
284.5	33
285.5	35
286.5	36
287.5	34
288.5	34
289.5	35
290.5	36
291.5	38
292.5	34
293.5	35
294.5	35
295.5	34
296.5	38
297.5	37
298.5	37
299.5	35
300.5	34
301.5	35
302.5	39
303.5	32
304.5	35
305.5	32
306.5	36
307.5	36
308.5	35
309.5	33
310.5	33
311.5	38
312.5	34
313.5	35
314.5	36
315.5	37
316.5	33
317.5	34
318.5	33
319.5	35
320.5	34
321.5	36
322.5	33
323.5	35
324.5	36
325.5	33
326.5	33
327.5	33
328.5	35
329.5	36
330.5	33
331.5	33
332.5	34
333.5	36
334.5	35
335.5	33
336.5	35
337.5	34
338.5	37
339.5	36
340.5	35
341.5	39
342.5	32
343.5	36
344.5	32
345.5	33
346.5	34
347.5	36
348.5	34
349.5	35
350.5	33
351.5	33
352.5	38
353.5	35
354.5	38
355.5	35
356.5	36
357.5	35
358.5	33
359.5	36
360.5	35
361.5	33
362.5	33
363.5	32
364.5	35
365.5	33
366.5	32
367.5	34
368.5	35
369.5	36
370.5	34
371.5	40
372.5	34
373.5	35
374.5	33
375.5	34
376.5	36
377.5	34
378.5	35
379.5	34
380.5	33
381.5	34
382.5	33
383.5	35
384.5	35
385.5	34
386.5	32
387.5	35
388.5	33
389.5	34
390.5	34
391.5	35
392.5	33
393.5	35
394.5	34
395.5	32
396.5	36
397.5	34
398.5	34
399.5	37
400.5	35
401.5	37
402.5	33
403.5	34
404.5	35
405.5	38
406.5	35
407.5	34
408.5	37
409.5	34
410.5	33
411.5	34
412.5	32
413.5	32
414.5	35
415.5	34
416.5	34
417.5	32
418.5	34
419.5	35
420.5	35
421.5	36
422.5	36
423.5	36
424.5	35
425.5	35
426.5	37
427.5	34
428.5	34
429.5	32
430.5	34
431.5	34
432.5	32
433.5	34
434.5	32
435.5	35
436.5	35
437.5	32
438.5	35
439.5	36
440.5	34
441.5	39
442.5	35
443.5	34
444.5	35
445.5	32
446.5	34
447.5	35
448.5	35
449.5	34
450.5	35
451.5	36
452.5	37
453.5	33
454.5	33
455.5	35
456.5	35
457.5	33
458.5	33
459.5	32
460.5	34
461.5	35
462.5	33
463.5	35
464.5	35
465.5	33
466.5	36
467.5	39
468.5	34
469.5	35
470.5	33
471.5	32
472.5	34
473.5	34
474.5	34
475.5	34
476.5	33
477.5	35
478.5	35
479.5	35
480.5	36
481.5	32
482.5	34
483.5	35
484.5	33
485.5	33
486.5	34
487.5	36
488.5	36
489.5	37
490.5	35
491.5	36
492.5	32
493.5	32
494.5	34
495.5	34
496.5	33
497.5	35
498.5	32
499.5	37
500.5	34
501.5	35
502.5	34
503.5	38
504.5	34
505.5	33
506.5	34
507.5	36
508.5	32
509.5	32
510.5	40
511.5	34
512.5	34
513.5	37
514.5	33
515.5	34
516.5	36
517.5	36
518.5	34
519.5	34
520.5	33
521.5	34
522.5	36
523.5	34
524.5	33
525.5	35
526.5	32
527.5	34
528.5	35
529.5	35
530.5	37
531.5	33
532.5	38
533.5	34
534.5	30
535.5	33
536.5	37
537.5	32
538.5	37
539.5	35
540.5	34
541.5	32
542.5	32
543.5	32
544.5	33
545.5	33
546.5	34
547.5	36
548.5	37
549.5	32
550.5	35
551.5	35
552.5	34
553.5	38
554.5	34
555.5	32
556.5	37
557.5	35
558.5	34
559.5	35
560.5	34
561.5	35
562.5	32
563.5	34
564.5	33
565.5	34
566.5	33
567.5	35
568.5	34
569.5	35
570.5	33
571.5	38
572.5	31
573.5	32
574.5	36
575.5	37
576.5	35
577.5	33
578.5	34
579.5	37
580.5	32
581.5	35
582.5	33
583.5	30
584.5	33
585.5	32
586.5	35
587.5	34
588.5	35
589.5	34
590.5	32
591.5	38
592.5	33
593.5	32
594.5	33
595.5	34
596.5	35
597.5	34
598.5	32
599.5	35
600.5	33
601.5	33
602.5	34
603.5	35
604.5	34
605.5	33
606.5	33
607.5	34
608.5	36
609.5	35
610.5	35
611.5	34
612.5	32
613.5	37
614.5	34
615.5	33
616.5	34
617.5	35
618.5	33
619.5	35
620.5	33
621.5	35
622.5	33
623.5	32
624.5	35
625.5	34
626.5	34
627.5	34
628.5	35
629.5	35
630.5	34
631.5	37
632.5	37
633.5	34
634.5	33
635.5	31
636.5	32
637.5	33
638.5	34
639.5	32
640.5	33
641.5	34
642.5	33
643.5	34
644.5	34
645.5	34
646.5	35
647.5	34
648.5	34
649.5	39
650.5	34
651.5	34
652.5	32
653.5	35
654.5	34
655.5	33
656.5	33
657.5	32
658.5	32
659.5	35
660.5	32
661.5	35
662.5	34
663.5	39
664.5	32
665.5	36
666.5	36
667.5	34
668.5	33
669.5	35
670.5	33
671.5	34
672.5	34
673.5	39
674.5	32
675.5	33
676.5	35
677.5	30
678.5	36
679.5	36
680.5	35
681.5	34
682.5	34
683.5	35
684.5	34
685.5	33
686.5	32
687.5	35
688.5	32
689.5	35
690.5	30
691.5	33
692.5	35
693.5	38
694.5	37
695.5	34
696.5	36
697.5	35
698.5	37
699.5	32
700.5	35
701.5	34
702.5	37
703.5	34
704.5	33
705.5	32
706.5	33
707.5	32
708.5	32
709.5	35
710.5	33
711.5	33
712.5	35
713.5	33
714.5	35
715.5	33
716.5	34
717.5	33
718.5	38
719.5	34
720.5	36
721.5	33
722.5	33
723.5	37
724.5	34
725.5	32
726.5	36
727.5	33
728.5	35
729.5	36
730.5	34
731.5	33
732.5	33
733.5	37
734.5	33
735.5	32
736.5	33
737.5	34
738.5	31
739.5	35
740.5	35
741.5	32
742.5	33
743.5	33
744.5	34
745.5	35
746.5	32
747.5	39
748.5	34
749.5	32
750.5	32
751.5	33
752.5	38
753.5	34
754.5	34
755.5	33
756.5	53
757.5	32
758.5	30
759.5	35
760.5	31
761.5	36
762.5	35
763.5	35
764.5	34
765.5	35
766.5	34
767.5	35
768.5	33
769.5	35
770.5	30
771.5	35
772.5	32
773.5	36
774.5	34
775.5	35
776.5	33
777.5	33
778.5	32
779.5	35
780.5	36
781.5	34
782.5	32
783.5	33
784.5	32
785.5	36
786.5	34
787.5	37
788.5	33
789.5	33
790.5	35
791.5	37
792.5	35
793.5	36
794.5	35
795.5	35
796.5	34
797.5	34
798.5	34
799.5	34
800.5	35
801.5	34
802.5	36
803.5	35
804.5	32
805.5	38
806.5	35
807.5	33
808.5	34
809.5	34
810.5	36
811.5	34
812.5	33
813.5	33
814.5	35
815.5	34
816.5	33
817.5	34
818.5	34
819.5	33
820.5	36
821.5	33
822.5	37
823.5	33
824.5	34
825.5	33
826.5	35
827.5	32
828.5	34
829.5	33
830.5	34
831.5	35
832.5	35
833.5	33
834.5	32
835.5	35
836.5	32
837.5	33
838.5	33
839.5	32
840.5	33
841.5	34
842.5	33
843.5	33
844.5	35
845.5	34
846.5	33
847.5	34
848.5	32
849.5	33
850.5	32
851.5	35
852.5	35
853.5	35
854.5	37
855.5	32
856.5	34
857.5	37
858.5	33
859.5	32
860.5	35
861.5	33
862.5	35
863.5	36
864.5	32
865.5	34
866.5	35
867.5	33
868.5	32
869.5	32
870.5	34
871.5	32
872.5	34
873.5	33
874.5	34
875.5	32
876.5	36
877.5	35
878.5	35
879.5	32
880.5	35
881.5	31
882.5	35
883.5	35
884.5	34
885.5	35
886.5	32
887.5	35
888.5	33
889.5	34
890.5	36
891.5	35
892.5	34
893.5	35
894.5	34
895.5	33
896.5	33
897.5	33
898.5	36
899.5	37
900.5	35
901.5	35
902.5	34
903.5	33
904.5	31
905.5	33
906.5	32
907.5	32
908.5	36
909.5	35
910.5	32
911.5	34
912.5	32
913.5	34
914.5	33
915.5	35
916.5	35
917.5	37
918.5	32
919.5	36
920.5	30
921.5	35
922.5	34
923.5	37
924.5	34
925.5	35
926.5	33
927.5	35
928.5	36
929.5	35
930.5	34
931.5	32
932.5	30
933.5	35
934.5	34
935.5	37
936.5	36
937.5	33
938.5	34
939.5	35
940.5	35
941.5	37
942.5	34
943.5	32
944.5	37
945.5	34
946.5	33
947.5	36
948.5	38
949.5	37
950.5	35
951.5	34
952.5	34
953.5	33
954.5	33
955.5	36
956.5	36
957.5	32
958.5	34
959.5	34
960.5	32
961.5	33
962.5	35
963.5	33
964.5	32
965.5	33
966.5	34
967.5	35
968.5	34
969.5	33
970.5	36
971.5	36
972.5	37
973.5	33
974.5	33
975.5	33
976.5	35
977.5	38
978.5	33
979.5	35
980.5	33
981.5	34
982.5	34
983.5	32
984.5	34
985.5	32
986.5	34
987.5	36
988.5	34
989.5	34
990.5	35
991.5	35
992.5	35
993.5	33
994.5	38
995.5	36
996.5	38
997.5	35
998.5	34
999.5	35
1000.5	35
1001.5	33
1002.5	33
1003.5	36
1004.5	36
1005.5	34
1006.5	28
1007.5	34
1008.5	35
1009.5	35
1010.5	35
1011.5	34
1012.5	38
1013.5	32
1014.5	35
1015.5	35
1016.5	35
1017.5	35
1018.5	32
1019.5	35
1020.5	33
1021.5	35
1022.5	35
1023.5	33
1024.5	35
1025.5	34
1026.5	32
1027.5	35
1028.5	33
1029.5	33
1030.5	35
1031.5	35
1032.5	33
1033.5	36
1034.5	33
1035.5	33
1036.5	32
1037.5	36
1038.5	35
1039.5	35
1040.5	34
1041.5	35
1042.5	36
1043.5	33
1044.5	34
1045.5	32
1046.5	35
1047.5	35
1048.5	34
1049.5	35
1050.5	35
1051.5	35
1052.5	38
1053.5	35
1054.5	32
1055.5	32
1056.5	36
1057.5	32
1058.5	34
1059.5	35
1060.5	35
1061.5	35
1062.5	34
1063.5	37
1064.5	32
1065.5	39
1066.5	33
1067.5	33
1068.5	34
1069.5	34
1070.5	32
1071.5	33
1072.5	33
1073.5	36
1074.5	31
1075.5	29
1076.5	32
1077.5	35
1078.5	34
1079.5	33
1080.5	32
1081.5	35
1082.5	32
1083.5	36
1084.5	35
1085.5	32
1086.5	34
1087.5	33
1088.5	36
1089.5	33
1090.5	35
1091.5	33
1092.5	33
1093.5	34
1094.5	37
1095.5	37
1096.5	32
1097.5	34
1098.5	34
1099.5	32
1100.5	34
1101.5	35
1102.5	35
1103.5	34
1104.5	35
1105.5	32
1106.5	35
1107.5	33
1108.5	33
1109.5	34
1110.5	34
1111.5	32
1112.5	33
1113.5	34
1114.5	33
1115.5	33
1116.5	34
1117.5	33
1118.5	34
1119.5	34
1120.5	34
1121.5	33
1122.5	36
1123.5	32
1124.5	34
1125.5	36
1126.5	32
1127.5	34
1128.5	36
1129.5	32
1130.5	32
1131.5	34
1132.5	33
1133.5	32
1134.5	35
1135.5	39
1136.5	36
1137.5	32
1138.5	33
1139.5	34
1140.5	33
1141.5	35
1142.5	35
1143.5	33
1144.5	30
1145.5	33
1146.5	36
1147.5	37
1148.5	32
1149.5	35
1150.5	33
1151.5	32
1152.5	33
1153.5	32
1154.5	34
1155.5	32
1156.5	33
1157.5	35
1158.5	35
1159.5	35
1160.5	34
1161.5	33
1162.5	33
1163.5	35
1164.5	33
1165.5	34
1166.5	34
1167.5	36
1168.5	33
1169.5	30
1170.5	34
1171.5	35
1172.5	34
1173.5	33
1174.5	33
1175.5	32
1176.5	36
1177.5	33
1178.5	34
1179.5	33
1180.5	32
1181.5	35
1182.5	35
1183.5	32
1184.5	33
1185.5	34
1186.5	31
1187.5	33
1188.5	34
1189.5	35
1190.5	36
1191.5	33
1192.5	35
1193.5	37
1194.5	34
1195.5	32
1196.5	35
1197.5	39
1198.5	34
1199.5	33
1200.5	32
1201.5	32
1202.5	35
1203.5	36
1204.5	35
1205.5	36
1206.5	34
1207.5	34
1208.5	33
1209.5	34
1210.5	36
1211.5	32
1212.5	34
1213.5	35
1214.5	34
1215.5	33
1216.5	34
1217.5	35
1218.5	30
1219.5	34
1220.5	33
1221.5	35
1222.5	34
1223.5	30
1224.5	37
1225.5	30
1226.5	33
1227.5	35
1228.5	32
1229.5	37
1230.5	35
1231.5	33
1232.5	34
1233.5	35
1234.5	32
1235.5	34
1236.5	33
1237.5	34
1238.5	33
1239.5	35
1240.5	33
1241.5	36
1242.5	32
1243.5	32
1244.5	34
1245.5	33
1246.5	32
1247.5	32
1248.5	36
1249.5	33
1250.5	33
1251.5	32
1252.5	35
1253.5	32
1254.5	32
1255.5	34
1256.5	35
1257.5	34
1258.5	32
1259.5	35
1260.5	36
1261.5	32
1262.5	33
1263.5	33
1264.5	35
1265.5	34
1266.5	36
1267.5	33
1268.5	36
1269.5	33
1270.5	35
1271.5	35
1272.5	34
1273.5	35
1274.5	35
1275.5	35
1276.5	32
1277.5	34
1278.5	35
1279.5	32
1280.5	33
1281.5	33
1282.5	33
1283.5	33
1284.5	34
1285.5	37
1286.5	31
1287.5	34
1288.5	33
1289.5	34
1290.5	34
1291.5	35
1292.5	34
1293.5	32
1294.5	33
1295.5	32
1296.5	33
1297.5	32
1298.5	34
1299.5	32
1300.5	33
1301.5	33
1302.5	36
1303.5	33
1304.5	34
1305.5	35
1306.5	36
1307.5	32
1308.5	33
1309.5	36
1310.5	36
1311.5	36
1312.5	35
1313.5	33
1314.5	33
1315.5	32
1316.5	33
1317.5	32
1318.5	33
1319.5	33
1320.5	33
1321.5	34
1322.5	33
1323.5	36
1324.5	32
1325.5	33
1326.5	33
1327.5	34
1328.5	37
1329.5	35
1330.5	33
1331.5	32
1332.5	33
1333.5	34
1334.5	32
1335.5	32
1336.5	35
1337.5	35
1338.5	34
1339.5	33
1340.5	37
1341.5	32
1342.5	32
1343.5	39
1344.5	35
1345.5	32
1346.5	34
1347.5	33
1348.5	34
1349.5	33
1350.5	32
1351.5	35
1352.5	36
1353.5	32
1354.5	35
1355.5	36
1356.5	34
1357.5	34
1358.5	32
1359.5	34
1360.5	36
1361.5	34
1362.5	36
1363.5	32
1364.5	37
1365.5	30
1366.5	33
1367.5	34
1368.5	33
1369.5	36
1370.5	34
1371.5	35
1372.5	35
1373.5	33
1374.5	35
1375.5	34
1376.5	33
1377.5	34
1378.5	34
1379.5	34
1380.5	36
1381.5	35
1382.5	33
1383.5	34
1384.5	35
1385.5	29
1386.5	34
1387.5	35
1388.5	33
1389.5	32
1390.5	33
1391.5	33
1392.5	36
1393.5	32
1394.5	34
1395.5	35
1396.5	30
1397.5	36
1398.5	33
1399.5	31
1400.5	35
1401.5	34
1402.5	33
1403.5	32
1404.5	34
1405.5	35
1406.5	33
1407.5	37
1408.5	37
1409.5	34
1410.5	32
1411.5	33
1412.5	34
1413.5	32
1414.5	33
1415.5	33
1416.5	35
1417.5	33
1418.5	33
1419.5	34
1420.5	35
1421.5	32
1422.5	34
1423.5	32
1424.5	33
1425.5	32
1426.5	37
1427.5	38
1428.5	33
1429.5	34
1430.5	32
1431.5	35
1432.5	33
1433.5	33
1434.5	32
1435.5	32
1436.5	36
1437.5	32
1438.5	32
1439.5	35
1440.5	32
1441.5	34
1442.5	32
1443.5	35
1444.5	34
1445.5	33
1446.5	35
1447.5	32
1448.5	32
1449.5	34
1450.5	34
1451.5	35
1452.5	34
1453.5	33
1454.5	35
1455.5	35
1456.5	33
1457.5	37
1458.5	34
1459.5	33
1460.5	35
1461.5	32
1462.5	32
1463.5	34
1464.5	33
1465.5	36
1466.5	36
1467.5	37
1468.5	34
1469.5	34
1470.5	35
1471.5	37
1472.5	34
1473.5	33
1474.5	32
1475.5	35
1476.5	33
1477.5	35
1478.5	35
1479.5	34
1480.5	35
1481.5	32
1482.5	36
1483.5	34
1484.5	32
1485.5	33
1486.5	34
1487.5	32
1488.5	34
1489.5	36
1490.5	33
1491.5	35
1492.5	34
1493.5	33
1494.5	35
1495.5	35
1496.5	33
1497.5	36
1498.5	31
1499.5	36
1500.5	33
1501.5	33
1502.5	35
1503.5	32
1504.5	33
1505.5	33
1506.5	34
1507.5	33
1508.5	33
1509.5	33
1510.5	35
1511.5	35
1512.5	33
1513.5	34
1514.5	33
1515.5	35
1516.5	33
1517.5	35
1518.5	34
1519.5	35
1520.5	34
1521.5	35
1522.5	32
1523.5	34
1524.5	32
1525.5	34
1526.5	34
1527.5	36
1528.5	35
1529.5	34
1530.5	34
1531.5	34
1532.5	32
1533.5	31
1534.5	34
1535.5	35
1536.5	33
1537.5	36
1538.5	30
1539.5	32
1540.5	37
1541.5	32
1542.5	32
1543.5	32
1544.5	33
1545.5	33
1546.5	34
1547.5	32
1548.5	35
1549.5	33
1550.5	35
1551.5	35
1552.5	37
1553.5	35
1554.5	32
1555.5	32
1556.5	34
1557.5	32
1558.5	37
1559.5	35
1560.5	33
1561.5	35
1562.5	34
1563.5	33
1564.5	35
1565.5	35
1566.5	30
1567.5	35
1568.5	35
1569.5	33
1570.5	34
1571.5	32
1572.5	36
1573.5	35
1574.5	32
1575.5	32
1576.5	33
1577.5	33
1578.5	35
1579.5	35
1580.5	31
1581.5	36
1582.5	32
1583.5	34
1584.5	34
1585.5	34
1586.5	34
1587.5	35
1588.5	36
1589.5	32
1590.5	33
1591.5	33
1592.5	32
1593.5	32
1594.5	33
1595.5	33
1596.5	32
1597.5	34
1598.5	36
1599.5	33
1600.5	35
1601.5	35
1602.5	33
1603.5	34
1604.5	34
1605.5	32
1606.5	35
1607.5	35
1608.5	35
1609.5	31
1610.5	37
1611.5	36
1612.5	33
1613.5	35
1614.5	34
1615.5	33
1616.5	32
1617.5	37
1618.5	34
1619.5	34
1620.5	34
1621.5	33
1622.5	33
1623.5	32
1624.5	35
1625.5	33
1626.5	34
1627.5	35
1628.5	35
1629.5	35
1630.5	32
1631.5	34
1632.5	33
1633.5	33
1634.5	33
1635.5	36
1636.5	33
1637.5	33
1638.5	34
1639.5	33
1640.5	35
1641.5	37
1642.5	35
1643.5	35
1644.5	35
1645.5	33
1646.5	34
1647.5	31
1648.5	35
1649.5	33
1650.5	32
1651.5	32
1652.5	36
1653.5	32
1654.5	32
1655.5	32
1656.5	32
1657.5	34
1658.5	35
1659.5	32
1660.5	32
1661.5	34
1662.5	34
1663.5	32
1664.5	32
1665.5	32
1666.5	32
1667.5	35
1668.5	34
1669.5	33
1670.5	37
1671.5	34
1672.5	37
1673.5	32
1674.5	32
1675.5	34
1676.5	36
1677.5	34
1678.5	31
1679.5	35
1680.5	34
1681.5	32
1682.5	34
1683.5	32
1684.5	35
1685.5	36
1686.5	34
1687.5	34
1688.5	32
1689.5	32
1690.5	34
1691.5	32
1692.5	31
1693.5	32
1694.5	34
1695.5	32
1696.5	35
1697.5	34
1698.5	35
1699.5	31
1700.5	32
1701.5	33
1702.5	34
1703.5	36
1704.5	32
1705.5	33
1706.5	34
1707.5	34
1708.5	33
1709.5	36
1710.5	33
1711.5	33
1712.5	33
1713.5	33
1714.5	33
1715.5	33
1716.5	35
1717.5	34
1718.5	34
1719.5	30
1720.5	35
1721.5	35
1722.5	35
1723.5	35
1724.5	32
1725.5	36
1726.5	33
1727.5	33
1728.5	35
1729.5	33
1730.5	33
1731.5	34
1732.5	34
1733.5	32
1734.5	32
1735.5	33
1736.5	32
1737.5	34
1738.5	32
1739.5	32
1740.5	38
1741.5	35
1742.5	34
1743.5	35
1744.5	32
1745.5	34
1746.5	35
1747.5	32
1748.5	33
1749.5	34
1750.5	33
1751.5	33
1752.5	31
1753.5	36
1754.5	33
1755.5	34
1756.5	37
1757.5	32
1758.5	34
1759.5	36
1760.5	32
1761.5	33
1762.5	37
1763.5	30
1764.5	34
1765.5	32
1766.5	33
1767.5	35
1768.5	33
1769.5	33
1770.5	34
1771.5	33
1772.5	35
1773.5	28
1774.5	36
1775.5	34
1776.5	33
1777.5	32
1778.5	33
1779.5	33
1780.5	33
1781.5	35
1782.5	36
1783.5	35
1784.5	34
1785.5	34
1786.5	30
1787.5	35
1788.5	35
1789.5	32
1790.5	32
1791.5	33
1792.5	33
1793.5	34
1794.5	34
1795.5	33
1796.5	34
1797.5	35
1798.5	35
1799.5	32
1800.5	34
1801.5	34
1802.5	32
1803.5	33
1804.5	31
1805.5	36
1806.5	30
1807.5	33
1808.5	34
1809.5	33
1810.5	32
1811.5	33
1812.5	37
1813.5	34
1814.5	34
1815.5	30
1816.5	32
1817.5	35
1818.5	36
1819.5	35
1820.5	33
1821.5	34
1822.5	34
1823.5	35
1824.5	35
1825.5	34
1826.5	35
1827.5	34
1828.5	33
1829.5	36
1830.5	33
1831.5	34
1832.5	32
1833.5	33
1834.5	37
1835.5	35
1836.5	33
1837.5	29
1838.5	35
1839.5	33
1840.5	32
1841.5	33
1842.5	34
1843.5	32
1844.5	33
1845.5	32
1846.5	34
1847.5	32
1848.5	33
1849.5	34
1850.5	34
1851.5	34
1852.5	35
1853.5	36
1854.5	32
1855.5	34
1856.5	32
1857.5	36
1858.5	32
1859.5	35
1860.5	34
1861.5	32
1862.5	33
1863.5	34
1864.5	33
1865.5	34
1866.5	35
1867.5	34
1868.5	39
1869.5	35
1870.5	34
1871.5	32
1872.5	35
1873.5	32
1874.5	34
1875.5	32
1876.5	35
1877.5	35
1878.5	34
1879.5	32
1880.5	33
1881.5	34
1882.5	30
1883.5	33
1884.5	35
1885.5	36
1886.5	34
1887.5	32
1888.5	35
1889.5	33
1890.5	33
1891.5	34
1892.5	33
1893.5	33
1894.5	33
1895.5	34
1896.5	33
1897.5	33
1898.5	34
1899.5	33
1900.5	33
1901.5	34
1902.5	35
1903.5	33
1904.5	34
1905.5	35
1906.5	34
1907.5	35
1908.5	34
1909.5	32
1910.5	32
1911.5	33
1912.5	32
1913.5	35
1914.5	34
1915.5	35
1916.5	34
1917.5	33
1918.5	34
1919.5	32
1920.5	34
1921.5	34
1922.5	34
1923.5	33
1924.5	32
1925.5	34
1926.5	33
1927.5	35
1928.5	35
1929.5	34
1930.5	33
1931.5	33
1932.5	33
1933.5	37
1934.5	32
1935.5	34
1936.5	33
1937.5	35
1938.5	35
1939.5	36
1940.5	33
1941.5	35
1942.5	37
1943.5	35
1944.5	34
1945.5	33
1946.5	34
1947.5	33
1948.5	33
1949.5	35
1950.5	34
1951.5	34
1952.5	32
1953.5	36
1954.5	32
1955.5	34
1956.5	35
1957.5	34
1958.5	35
1959.5	33
1960.5	34
1961.5	35
1962.5	33
1963.5	32
1964.5	39
1965.5	33
1966.5	32
1967.5	35
1968.5	34
1969.5	36
1970.5	33
1971.5	36
1972.5	36
1973.5	33
1974.5	34
1975.5	33
1976.5	35
1977.5	33
1978.5	36
1979.5	32
1980.5	33
1981.5	34
1982.5	37
1983.5	34
1984.5	33
1985.5	33
1986.5	33
1987.5	36
1988.5	32
1989.5	34
1990.5	33
1991.5	30
1992.5	35
1993.5	32
1994.5	38
1995.5	32
1996.5	33
1997.5	32
1998.5	34
1999.5	33
2000.5	34
2001.5	35
2002.5	33
2003.5	34
2004.5	35
2005.5	38
2006.5	35
2007.5	35
2008.5	34
2009.5	37
2010.5	32
2011.5	34
2012.5	33
2013.5	33
2014.5	32
2015.5	35
2016.5	33
2017.5	34
2018.5	34
2019.5	34
2020.5	34
2021.5	34
2022.5	35
2023.5	32
2024.5	33
2025.5	34
2026.5	32
2027.5	34
2028.5	34
2029.5	32
2030.5	33
2031.5	32
2032.5	34
2033.5	33
2034.5	36
2035.5	31
2036.5	32
2037.5	32
2038.5	36
2039.5	34
2040.5	30
2041.5	33
2042.5	36
2043.5	31
2044.5	33
2045.5	35
2046.5	32
2047.5	32
2048.5	30
2049.5	36
2050.5	33
2051.5	33
2052.5	34
2053.5	34
2054.5	36
2055.5	32
2056.5	33
2057.5	33
2058.5	34
2059.5	33
2060.5	34
2061.5	36
2062.5	32
2063.5	37
2064.5	34
2065.5	34
2066.5	32
2067.5	33
2068.5	34
2069.5	34
2070.5	34
2071.5	33
2072.5	37
2073.5	33
2074.5	33
2075.5	34
2076.5	35
2077.5	33
2078.5	32
2079.5	35
2080.5	34
2081.5	36
2082.5	33
2083.5	33
2084.5	35
2085.5	35
2086.5	33
2087.5	34
2088.5	32
2089.5	32
2090.5	32
2091.5	34
2092.5	32
2093.5	30
2094.5	32
2095.5	34
2096.5	32
2097.5	33
2098.5	35
2099.5	33
2100.5	33
2101.5	33
2102.5	34
2103.5	35
2104.5	32
2105.5	34
2106.5	36
2107.5	32
2108.5	32
2109.5	34
2110.5	36
2111.5	33
2112.5	32
2113.5	32
2114.5	34
2115.5	33
2116.5	35
2117.5	32
2118.5	34
2119.5	33
2120.5	33
2121.5	35
2122.5	32
2123.5	36
2124.5	33
2125.5	32
2126.5	32
2127.5	34
2128.5	34
2129.5	35
2130.5	33
2131.5	33
2132.5	37
2133.5	33
2134.5	35
2135.5	33
2136.5	34
2137.5	33
2138.5	35
2139.5	32
2140.5	35
2141.5	35
2142.5	34
2143.5	34
2144.5	33
2145.5	34
2146.5	32
2147.5	30
2148.5	34
2149.5	33
2150.5	35
2151.5	36
2152.5	34
2153.5	34
2154.5	35
2155.5	33
2156.5	32
2157.5	32
2158.5	32
2159.5	33
2160.5	35
2161.5	32
2162.5	32
2163.5	36
2164.5	35
2165.5	34
2166.5	33
2167.5	32
2168.5	33
2169.5	33
2170.5	33
2171.5	32
2172.5	36
2173.5	35
2174.5	32
2175.5	34
2176.5	38
2177.5	35
2178.5	32
2179.5	34
2180.5	32
2181.5	32
2182.5	34
2183.5	32
2184.5	35
2185.5	33
2186.5	30
2187.5	34
2188.5	36
2189.5	37
2190.5	32
2191.5	36
2192.5	29
2193.5	34
2194.5	37
2195.5	32
2196.5	36
2197.5	35
2198.5	33
2199.5	32
2200.5	34
2201.5	36
2202.5	34
2203.5	32
2204.5	33
2205.5	35
2206.5	33
2207.5	36
2208.5	31
2209.5	33
2210.5	35
2211.5	32
2212.5	35
2213.5	34
2214.5	32
2215.5	34
2216.5	36
2217.5	32
2218.5	32
2219.5	37
2220.5	33
2221.5	33
2222.5	33
2223.5	37
2224.5	33
2225.5	37
2226.5	30
2227.5	33
2228.5	37
2229.5	34
2230.5	33
2231.5	34
2232.5	33
2233.5	34
2234.5	35
2235.5	35
2236.5	35
2237.5	33
2238.5	35
2239.5	33
2240.5	34
2241.5	33
2242.5	35
2243.5	34
2244.5	34
2245.5	35
2246.5	35
2247.5	33
2248.5	34
2249.5	35
2250.5	33
2251.5	36
2252.5	34
2253.5	36
2254.5	33
2255.5	32
2256.5	34
2257.5	34
2258.5	36
2259.5	36
2260.5	32
2261.5	34
2262.5	35
2263.5	36
2264.5	32
2265.5	34
2266.5	34
2267.5	35
2268.5	33
2269.5	33
2270.5	35
2271.5	35
2272.5	34
2273.5	32
2274.5	35
2275.5	36
2276.5	32
2277.5	32
2278.5	34
2279.5	32
2280.5	34
2281.5	35
2282.5	35
2283.5	32
2284.5	32
2285.5	33
2286.5	34
2287.5	35
2288.5	34
2289.5	34
2290.5	32
2291.5	35
2292.5	30
2293.5	33
2294.5	32
2295.5	36
2296.5	33
2297.5	33
2298.5	33
2299.5	34
2300.5	32
2301.5	32
2302.5	34
2303.5	34
2304.5	33
2305.5	35
2306.5	32
2307.5	36
2308.5	32
2309.5	35
2310.5	33
2311.5	39
2312.5	32
2313.5	36
2314.5	34
2315.5	36
2316.5	33
2317.5	33
2318.5	33
2319.5	33
2320.5	33
2321.5	33
2322.5	32
2323.5	34
2324.5	34
2325.5	34
2326.5	34
2327.5	35
2328.5	34
2329.5	35
2330.5	32
2331.5	32
2332.5	31
2333.5	34
2334.5	36
2335.5	33
2336.5	32
2337.5	30
2338.5	32
2339.5	35
2340.5	34
2341.5	33
2342.5	34
2343.5	34
2344.5	36
2345.5	35
2346.5	36
2347.5	35
2348.5	33
2349.5	35
2350.5	36
2351.5	35
2352.5	34
2353.5	37
2354.5	33
2355.5	35
2356.5	35
2357.5	32
2358.5	34
2359.5	39
2360.5	33
2361.5	34
2362.5	33
2363.5	34
2364.5	33
2365.5	34
2366.5	32
2367.5	35
2368.5	33
2369.5	35
2370.5	32
2371.5	35
2372.5	33
2373.5	35
2374.5	34
2375.5	31
2376.5	30
2377.5	35
2378.5	33
2379.5	35
2380.5	36
2381.5	35
2382.5	32
2383.5	35
2384.5	36
2385.5	32
2386.5	34
2387.5	34
2388.5	32
2389.5	30
2390.5	34
2391.5	35
2392.5	33
2393.5	34
2394.5	35
2395.5	36
2396.5	34
2397.5	33
2398.5	33
2399.5	33
2400.5	33
2401.5	35
2402.5	29
2403.5	34
2404.5	35
2405.5	34
2406.5	33
2407.5	34
2408.5	34
2409.5	33
2410.5	34
2411.5	34
2412.5	36
2413.5	33
2414.5	32
2415.5	32
2416.5	34
2417.5	36
2418.5	33
2419.5	35
2420.5	37
2421.5	38
2422.5	34
2423.5	32
2424.5	32
2425.5	33
2426.5	35
2427.5	34
2428.5	34
2429.5	35
2430.5	34
2431.5	35
2432.5	34
2433.5	32
2434.5	35
2435.5	33
2436.5	33
2437.5	34
2438.5	32
2439.5	32
2440.5	33
2441.5	35
2442.5	33
2443.5	34
2444.5	34
2445.5	35
2446.5	35
2447.5	38
2448.5	32
2449.5	33
2450.5	33
2451.5	34
2452.5	33
2453.5	33
2454.5	33
2455.5	31
2456.5	29
2457.5	32
2458.5	30
2459.5	34
2460.5	33
2461.5	33
2462.5	35
2463.5	33
2464.5	33
2465.5	32
2466.5	34
2467.5	32
2468.5	35
2469.5	35
2470.5	32
2471.5	35
2472.5	33
2473.5	36
2474.5	33
2475.5	34
2476.5	36
2477.5	33
2478.5	35
2479.5	30
2480.5	34
2481.5	35
2482.5	32
2483.5	37
2484.5	33
2485.5	35
2486.5	36
2487.5	33
2488.5	32
2489.5	33
2490.5	33
2491.5	32
2492.5	35
2493.5	32
2494.5	33
2495.5	34
2496.5	33
2497.5	33
2498.5	34
2499.5	33
2500.5	32
2501.5	35
2502.5	34
2503.5	35
2504.5	35
2505.5	33
2506.5	33
2507.5	34
2508.5	32
2509.5	34
2510.5	35
2511.5	32
2512.5	34
2513.5	34
2514.5	33
2515.5	33
2516.5	33
2517.5	33
2518.5	31
2519.5	30
2520.5	36
2521.5	32
2522.5	34
2523.5	36
2524.5	34
2525.5	33
2526.5	33
2527.5	32
2528.5	32
2529.5	34
2530.5	33
2531.5	32
2532.5	33
2533.5	34
2534.5	33
2535.5	35
2536.5	33
2537.5	32
2538.5	32
2539.5	32
2540.5	32
2541.5	33
2542.5	32
2543.5	32
2544.5	34
2545.5	33
2546.5	34
2547.5	33
2548.5	34
2549.5	36
2550.5	33
2551.5	35
2552.5	32
2553.5	34
2554.5	35
2555.5	31
2556.5	33
2557.5	35
2558.5	32
2559.5	35
2560.5	32
2561.5	33
2562.5	32
2563.5	36
2564.5	34
2565.5	32
2566.5	32
2567.5	34
2568.5	32
2569.5	34
2570.5	35
2571.5	32
2572.5	33
2573.5	34
2574.5	35
2575.5	34
2576.5	34
2577.5	34
2578.5	35
2579.5	31
2580.5	34
2581.5	35
2582.5	32
2583.5	33
2584.5	34
2585.5	32
2586.5	33
2587.5	35
2588.5	33
2589.5	36
2590.5	33
2591.5	32
2592.5	39
2593.5	36
2594.5	33
2595.5	34
2596.5	34
2597.5	33
2598.5	34
2599.5	33
2600.5	34
2601.5	35
2602.5	32
2603.5	35
2604.5	32
2605.5	34
2606.5	34
2607.5	36
2608.5	32
2609.5	33
2610.5	33
2611.5	35
2612.5	35
2613.5	34
2614.5	33
2615.5	35
2616.5	37
2617.5	33
2618.5	33
2619.5	33
2620.5	34
2621.5	35
2622.5	36
2623.5	32
2624.5	33
2625.5	33
2626.5	34
2627.5	32
2628.5	35
2629.5	35
2630.5	33
2631.5	31
2632.5	35
2633.5	34
2634.5	32
2635.5	33
2636.5	35
2637.5	34
2638.5	33
2639.5	34
2640.5	35
2641.5	33
2642.5	32
2643.5	33
2644.5	32
2645.5	38
2646.5	33
2647.5	35
2648.5	33
2649.5	33
2650.5	34
2651.5	33
2652.5	33
2653.5	36
2654.5	33
2655.5	33
2656.5	34
2657.5	34
2658.5	36
2659.5	34
2660.5	33
2661.5	33
2662.5	32
2663.5	35
2664.5	36
2665.5	37
2666.5	33
2667.5	33
2668.5	34
2669.5	33
2670.5	30
2671.5	33
2672.5	34
2673.5	34
2674.5	35
2675.5	36
2676.5	35
2677.5	32
2678.5	36
2679.5	35
2680.5	35
2681.5	35
2682.5	35
2683.5	33
2684.5	37
2685.5	32
2686.5	32
2687.5	34
2688.5	35
2689.5	32
2690.5	33
2691.5	35
2692.5	33
2693.5	32
2694.5	33
2695.5	35
2696.5	35
2697.5	34
2698.5	34
2699.5	33
2700.5	36
2701.5	33
2702.5	33
2703.5	36
2704.5	32
2705.5	34
2706.5	34
2707.5	34
2708.5	32
2709.5	33
2710.5	34
2711.5	35
2712.5	30
2713.5	32
2714.5	33
2715.5	33
2716.5	32
2717.5	36
2718.5	28
2719.5	32
2720.5	35
2721.5	35
2722.5	32
2723.5	33
2724.5	34
2725.5	35
2726.5	32
2727.5	37
2728.5	33
2729.5	36
2730.5	36
2731.5	32
2732.5	35
2733.5	35
2734.5	35
2735.5	34
2736.5	32
2737.5	35
2738.5	33
2739.5	33
2740.5	32
2741.5	33
2742.5	33
2743.5	34
2744.5	34
2745.5	32
2746.5	32
2747.5	29
2748.5	32
2749.5	35
2750.5	34
2751.5	35
2752.5	37
2753.5	34
2754.5	33
2755.5	32
2756.5	33
2757.5	34
2758.5	34
2759.5	34
2760.5	35
2761.5	34
2762.5	30
2763.5	32
2764.5	32
2765.5	34
2766.5	32
2767.5	35
2768.5	33
2769.5	34
2770.5	34
2771.5	34
2772.5	32
2773.5	32
2774.5	34
2775.5	34
2776.5	34
2777.5	34
2778.5	36
2779.5	34
2780.5	32
2781.5	36
2782.5	35
2783.5	33
2784.5	33
2785.5	35
2786.5	33
2787.5	34
2788.5	35
2789.5	36
2790.5	33
2791.5	32
2792.5	35
2793.5	33
2794.5	33
2795.5	33
2796.5	32
2797.5	39
2798.5	38
2799.5	34
2800.5	40
2801.5	34
2802.5	33
2803.5	32
2804.5	34
2805.5	32
2806.5	33
2807.5	36
2808.5	32
2809.5	36
2810.5	34
2811.5	34
2812.5	32
2813.5	34
2814.5	32
2815.5	31
2816.5	34
2817.5	34
2818.5	33
2819.5	34
2820.5	34
2821.5	36
2822.5	33
2823.5	33
2824.5	31
2825.5	33
2826.5	32
2827.5	35
2828.5	34
2829.5	35
2830.5	32
2831.5	34
2832.5	32
2833.5	34
2834.5	32
2835.5	34
2836.5	32
2837.5	32
2838.5	36
2839.5	34
2840.5	34
2841.5	32
2842.5	32
2843.5	33
2844.5	32
2845.5	34
2846.5	32
2847.5	35
2848.5	33
2849.5	35
2850.5	33
2851.5	34
2852.5	32
2853.5	35
2854.5	32
2855.5	33
2856.5	34
2857.5	34
2858.5	33
2859.5	33
2860.5	32
2861.5	33
2862.5	35
2863.5	34
2864.5	34
2865.5	35
2866.5	32
2867.5	34
2868.5	33
2869.5	36
2870.5	35
2871.5	36
2872.5	33
2873.5	33
2874.5	32
2875.5	34
2876.5	34
2877.5	32
2878.5	33
2879.5	37
2880.5	32
2881.5	34
2882.5	32
2883.5	35
2884.5	34
2885.5	33
2886.5	35
2887.5	34
2888.5	33
2889.5	34
2890.5	34
2891.5	34
2892.5	32
2893.5	35
2894.5	32
2895.5	36
2896.5	31
2897.5	33
2898.5	32
2899.5	34
2900.5	34
2901.5	35
2902.5	35
2903.5	32
2904.5	32
2905.5	35
2906.5	33
2907.5	34
2908.5	35
2909.5	34
2910.5	37
2911.5	35
2912.5	33
2913.5	32
2914.5	34
2915.5	36
2916.5	35
2917.5	33
2918.5	34
2919.5	32
2920.5	34
2921.5	34
2922.5	32
2923.5	34
2924.5	34
2925.5	35
2926.5	32
2927.5	36
2928.5	32
2929.5	32
2930.5	33
2931.5	34
2932.5	34
2933.5	37
2934.5	34
2935.5	35
2936.5	36
2937.5	33
2938.5	32
2939.5	37
2940.5	36
2941.5	34
2942.5	34
2943.5	32
2944.5	34
2945.5	30
2946.5	33
2947.5	32
2948.5	34
2949.5	35
2950.5	33
2951.5	35
2952.5	34
2953.5	33
2954.5	32
2955.5	36
2956.5	33
2957.5	32
2958.5	33
2959.5	34
2960.5	34
2961.5	32
2962.5	36
2963.5	33
2964.5	35
2965.5	32
2966.5	33
2967.5	38
2968.5	37
2969.5	34
2970.5	30
2971.5	35
2972.5	35
2973.5	34
2974.5	36
2975.5	35
2976.5	35
2977.5	33
2978.5	36
2979.5	34
2980.5	33
2981.5	35
2982.5	37
2983.5	35
2984.5	32
2985.5	34
2986.5	34
2987.5	35
2988.5	37
2989.5	35
2990.5	35
2991.5	34
2992.5	38
2993.5	33
2994.5	33
2995.5	35
2996.5	34
2997.5	33
2998.5	35
2999.5	35
3000.5	36
3001.5	34
3002.5	37
3003.5	34
3004.5	35
3005.5	36
3006.5	36
3007.5	34
3008.5	32
3009.5	32
3010.5	35
3011.5	34
3012.5	34
3013.5	37
3014.5	34
3015.5	35
3016.5	32
3017.5	33
3018.5	32
3019.5	33
3020.5	33
3021.5	35
3022.5	34
3023.5	36
3024.5	34
3025.5	35
3026.5	32
3027.5	36
3028.5	33
3029.5	32
3030.5	34
3031.5	34
3032.5	34
3033.5	31
3034.5	31
3035.5	36
3036.5	31
3037.5	33
3038.5	34
3039.5	34
3040.5	35
3041.5	34
3042.5	35
3043.5	34
3044.5	35
3045.5	33
3046.5	36
3047.5	34
3048.5	31
3049.5	32
3050.5	34
3051.5	35
3052.5	32
3053.5	34
3054.5	33
3055.5	33
3056.5	32
3057.5	35
3058.5	32
3059.5	33
3060.5	33
3061.5	33
3062.5	32
3063.5	34
3064.5	35
3065.5	35
3066.5	35
3067.5	34
3068.5	34
3069.5	33
3070.5	34
3071.5	34
3072.5	33
3073.5	32
3074.5	39
3075.5	35
3076.5	34
3077.5	34
3078.5	29
3079.5	33
3080.5	31
3081.5	32
3082.5	33
3083.5	32
3084.5	32
3085.5	35
3086.5	32
3087.5	35
3088.5	34
3089.5	35
3090.5	34
3091.5	33
3092.5	33
3093.5	33
3094.5	34
3095.5	34
3096.5	35
3097.5	33
3098.5	34
3099.5	36
3100.5	34
3101.5	34
3102.5	35
3103.5	32
3104.5	34
3105.5	35
3106.5	32
3107.5	38
3108.5	33
3109.5	33
3110.5	33
3111.5	35
3112.5	34
3113.5	35
3114.5	35
3115.5	33
3116.5	35
3117.5	36
3118.5	34
3119.5	34
3120.5	31
3121.5	34
3122.5	35
3123.5	33
3124.5	35
3125.5	30
3126.5	35
3127.5	32
3128.5	32
3129.5	34
3130.5	33
3131.5	35
3132.5	30
3133.5	32
3134.5	34
3135.5	33
3136.5	34
3137.5	34
3138.5	32
3139.5	33
3140.5	34
3141.5	35
3142.5	34
3143.5	34
3144.5	35
3145.5	35
3146.5	32
3147.5	37
3148.5	34
3149.5	35
3150.5	33
3151.5	34
3152.5	35
3153.5	33
3154.5	34
3155.5	33
3156.5	32
3157.5	32
3158.5	33
3159.5	33
3160.5	30
3161.5	33
3162.5	30
3163.5	34
3164.5	36
3165.5	33
3166.5	34
3167.5	35
3168.5	36
3169.5	34
3170.5	33
3171.5	33
3172.5	33
3173.5	33
3174.5	32
3175.5	32
3176.5	33
3177.5	32
3178.5	35
3179.5	35
3180.5	34
3181.5	35
3182.5	34
3183.5	32
3184.5	33
3185.5	35
3186.5	34
3187.5	32
3188.5	36
3189.5	35
3190.5	32
3191.5	35
3192.5	34
3193.5	34
3194.5	33
3195.5	34
3196.5	31
3197.5	34
3198.5	34
3199.5	33
3200.5	34
3201.5	34
3202.5	33
3203.5	34
3204.5	32
3205.5	34
3206.5	31
3207.5	34
3208.5	34
3209.5	33
3210.5	35
3211.5	33
3212.5	34
3213.5	32
3214.5	34
3215.5	34
3216.5	32
3217.5	37
3218.5	35
3219.5	34
3220.5	39
3221.5	32
3222.5	35
3223.5	32
3224.5	34
3225.5	34
3226.5	34
3227.5	33
3228.5	36
3229.5	34
3230.5	32
3231.5	35
3232.5	33
3233.5	36
3234.5	35
3235.5	35
3236.5	33
3237.5	32
3238.5	34
3239.5	35
3240.5	36
3241.5	36
3242.5	36
3243.5	34
3244.5	37
3245.5	33
3246.5	34
3247.5	34
3248.5	32
3249.5	33
3250.5	32
3251.5	35
3252.5	34
3253.5	36
3254.5	34
3255.5	34
3256.5	33
3257.5	33
3258.5	32
3259.5	32
3260.5	35
3261.5	34
3262.5	32
3263.5	37
3264.5	32
3265.5	32
3266.5	33
3267.5	35
3268.5	32
3269.5	32
3270.5	34
3271.5	34
3272.5	32
3273.5	32
3274.5	32
3275.5	34
3276.5	34
3277.5	35
3278.5	32
3279.5	31
3280.5	33
3281.5	31
3282.5	32
3283.5	35
3284.5	33
3285.5	32
3286.5	35
3287.5	33
3288.5	35
3289.5	34
3290.5	38
3291.5	36
3292.5	33
3293.5	33
3294.5	34
3295.5	35
3296.5	34
3297.5	35
3298.5	30
3299.5	33
3300.5	35
3301.5	34
3302.5	34
3303.5	33
3304.5	32
3305.5	35
3306.5	34
3307.5	35
3308.5	29
3309.5	33
3310.5	32
3311.5	34
3312.5	33
3313.5	34
3314.5	33
3315.5	34
3316.5	35
3317.5	32
3318.5	34
3319.5	34
3320.5	33
3321.5	35
3322.5	35
3323.5	33
3324.5	32
3325.5	39
3326.5	31
3327.5	34
3328.5	33
3329.5	33
3330.5	35
3331.5	35
3332.5	32
3333.5	36
3334.5	31
3335.5	33
3336.5	34
3337.5	34
3338.5	34
3339.5	33
3340.5	35
3341.5	34
3342.5	34
3343.5	31
3344.5	33
3345.5	34
3346.5	35
3347.5	36
3348.5	33
3349.5	35
3350.5	33
3351.5	33
3352.5	39
3353.5	35
3354.5	34
3355.5	32
3356.5	32
3357.5	34
3358.5	33
3359.5	33
3360.5	32
3361.5	33
3362.5	34
3363.5	34
3364.5	35
3365.5	34
3366.5	32
3367.5	34
3368.5	35
3369.5	35
3370.5	34
3371.5	32
3372.5	32
3373.5	34
3374.5	32
3375.5	33
3376.5	35
3377.5	32
3378.5	35
3379.5	35
3380.5	33
3381.5	36
3382.5	31
3383.5	33
3384.5	34
3385.5	32
3386.5	33
3387.5	34
3388.5	32
3389.5	32
3390.5	34
3391.5	32
3392.5	33
3393.5	33
3394.5	35
3395.5	34
3396.5	32
3397.5	34
3398.5	34
3399.5	34
3400.5	36
3401.5	34
3402.5	35
3403.5	34
3404.5	35
3405.5	36
3406.5	34
3407.5	33
3408.5	33
3409.5	35
3410.5	32
3411.5	33
3412.5	31
3413.5	36
3414.5	34
3415.5	35
3416.5	34
3417.5	34
3418.5	35
3419.5	33
3420.5	33
3421.5	34
3422.5	32
3423.5	34
3424.5	32
3425.5	38
3426.5	34
3427.5	35
3428.5	35
3429.5	33
3430.5	34
3431.5	34
3432.5	33
3433.5	35
3434.5	35
3435.5	33
3436.5	32
3437.5	33
3438.5	35
3439.5	32
3440.5	34
3441.5	36
3442.5	35
3443.5	34
3444.5	33
3445.5	34
3446.5	35
3447.5	35
3448.5	34
3449.5	34
3450.5	37
3451.5	35
3452.5	34
3453.5	34
3454.5	35
3455.5	34
3456.5	37
3457.5	33
3458.5	35
3459.5	35
3460.5	33
3461.5	35
3462.5	34
3463.5	35
3464.5	35
3465.5	34
3466.5	35
3467.5	33
3468.5	34
3469.5	36
3470.5	36
3471.5	35
3472.5	33
3473.5	33
3474.5	34
3475.5	35
3476.5	34
3477.5	35
3478.5	33
3479.5	33
3480.5	34
3481.5	33
3482.5	33
3483.5	34
3484.5	34
3485.5	33
3486.5	32
3487.5	33
3488.5	34
3489.5	35
3490.5	34
3491.5	35
3492.5	34
3493.5	34
3494.5	34
3495.5	35
3496.5	35
3497.5	34
3498.5	35
3499.5	33
3500.5	32
3501.5	33
3502.5	32
3503.5	33
3504.5	32
3505.5	36
3506.5	33
3507.5	32
3508.5	32
3509.5	36
3510.5	34
3511.5	32
3512.5	33
3513.5	33
3514.5	33
3515.5	34
3516.5	33
3517.5	36
3518.5	36
3519.5	34
3520.5	35
3521.5	32
3522.5	32
3523.5	33
3524.5	36
3525.5	34
3526.5	33
3527.5	33
3528.5	32
3529.5	30
3530.5	32
3531.5	34
3532.5	33
3533.5	33
3534.5	32
3535.5	35
3536.5	32
3537.5	33
3538.5	33
3539.5	34
3540.5	32
3541.5	33
3542.5	34
3543.5	34
3544.5	32
3545.5	32
3546.5	30
3547.5	37
3548.5	33
3549.5	32
3550.5	36
3551.5	34
3552.5	34
3553.5	35
3554.5	33
3555.5	33
3556.5	34
3557.5	33
3558.5	33
3559.5	33
3560.5	31
3561.5	32
3562.5	33
3563.5	35
3564.5	36
3565.5	33
3566.5	35
3567.5	35
3568.5	32
3569.5	37
3570.5	33
3571.5	35
3572.5	34
3573.5	38
3574.5	35
3575.5	31
3576.5	36
3577.5	33
3578.5	32
3579.5	34
3580.5	35
3581.5	36
3582.5	33
3583.5	35
3584.5	33
3585.5	34
3586.5	35
3587.5	34
3588.5	32
3589.5	37
3590.5	36
3591.5	35
3592.5	29
3593.5	33
3594.5	35
3595.5	32
3596.5	32
3597.5	33
3598.5	35
3599.5	34
3600.5	34
3601.5	35
3602.5	34
3603.5	36
3604.5	33
3605.5	39
3606.5	35
3607.5	30
3608.5	34
3609.5	35
3610.5	36
3611.5	32
3612.5	34
3613.5	35
3614.5	34
3615.5	37
3616.5	34
3617.5	35
3618.5	33
3619.5	36
3620.5	35
3621.5	35
3622.5	34
3623.5	34
3624.5	32
3625.5	36
3626.5	35
3627.5	40
3628.5	34
3629.5	36
3630.5	35
3631.5	33
3632.5	35
3633.5	34
3634.5	36
3635.5	35
3636.5	32
3637.5	34
3638.5	34
3639.5	35
3640.5	33
3641.5	33
3642.5	35
3643.5	34
3644.5	38
3645.5	36
3646.5	32
3647.5	36
3648.5	34
3649.5	34
3650.5	36
3651.5	35
3652.5	35
3653.5	36
3654.5	34
3655.5	35
3656.5	34
3657.5	33
3658.5	34
3659.5	33
3660.5	34
3661.5	34
3662.5	33
3663.5	33
3664.5	35
3665.5	36
3666.5	33
3667.5	34
3668.5	33
3669.5	34
3670.5	36
3671.5	35
3672.5	33
3673.5	32
3674.5	32
3675.5	40
3676.5	33
3677.5	35
3678.5	29
3679.5	34
3680.5	35
3681.5	34
3682.5	34
3683.5	34
3684.5	31
3685.5	37
3686.5	32
3687.5	34
3688.5	34
3689.5	37
3690.5	33
3691.5	33
3692.5	35
3693.5	35
3694.5	34
3695.5	34
3696.5	34
3697.5	37
3698.5	35
3699.5	35
3700.5	37
3701.5	38
3702.5	35
3703.5	38
3704.5	37
3705.5	40
3706.5	39
3707.5	42
3708.5	45
3709.5	46
3710.5	44
3711.5	49
3712.5	53
3713.5	55
3714.5	55
3715.5	62
3716.5	65
3717.5	72
3718.5	72
3719.5	78
3720.5	80
3721.5	87
3722.5	89
3723.5	88
3724.5	94
3725.5	94
3726.5	102
3727.5	104
3728.5	104
3729.5	104
3730.5	98
3731.5	93
3732.5	91
3733.5	89
3734.5	83
3735.5	79
3736.5	75
3737.5	67
3738.5	68
3739.5	61
3740.5	62
3741.5	55
3742.5	48
3743.5	48
3744.5	46
3745.5	43
3746.5	38
3747.5	36
3748.5	38
3749.5	37
3750.5	34
3751.5	35
3752.5	32
3753.5	35
3754.5	36
3755.5	34
3756.5	32
3757.5	34
3758.5	33
3759.5	36
3760.5	37
3761.5	33
3762.5	34
3763.5	36
3764.5	32
3765.5	33
3766.5	34
3767.5	36
3768.5	34
3769.5	38
3770.5	33
3771.5	32
3772.5	29
3773.5	32
3774.5	32
3775.5	35
3776.5	34
3777.5	37
3778.5	35
3779.5	35
3780.5	30
3781.5	34
3782.5	32
3783.5	36
3784.5	34
3785.5	39
3786.5	34
3787.5	37
3788.5	35
3789.5	34
3790.5	35
3791.5	36
3792.5	34
3793.5	37
3794.5	36
3795.5	37
3796.5	35
3797.5	36
3798.5	35
3799.5	36
3800.5	35
3801.5	39
3802.5	37
3803.5	36
3804.5	39
3805.5	42
3806.5	40
3807.5	41
3808.5	39
3809.5	45
3810.5	46
3811.5	43
3812.5	45
3813.5	43
3814.5	43
3815.5	43
3816.5	45
3817.5	49
3818.5	48
3819.5	43
3820.5	42
3821.5	44
3822.5	43
3823.5	41
3824.5	41
3825.5	36
3826.5	36
3827.5	39
3828.5	37
3829.5	38
3830.5	37
3831.5	37
3832.5	35
3833.5	33
3834.5	32
3835.5	37
3836.5	33
3837.5	32
3838.5	34
3839.5	33
3840.5	33
3841.5	39
3842.5	33
3843.5	34
3844.5	34
3845.5	33
3846.5	32
3847.5	35
3848.5	35
3849.5	33
3850.5	33
3851.5	32
3852.5	33
3853.5	34
3854.5	34
3855.5	36
3856.5	35
3857.5	34
3858.5	33
3859.5	33
3860.5	34
3861.5	35
3862.5	35
3863.5	35
3864.5	36
3865.5	36
3866.5	32
3867.5	33
3868.5	35
3869.5	35
3870.5	37
3871.5	35
3872.5	38
3873.5	35
3874.5	35
3875.5	37
3876.5	33
3877.5	35
3878.5	33
3879.5	36
3880.5	34
3881.5	35
3882.5	32
3883.5	33
3884.5	38
3885.5	35
3886.5	38
3887.5	34
3888.5	32
3889.5	35
3890.5	34
3891.5	32
3892.5	35
3893.5	33
3894.5	37
3895.5	35
3896.5	34
3897.5	33
3898.5	36
3899.5	34
3900.5	37
3901.5	35
3902.5	35
3903.5	33
3904.5	32
3905.5	36
3906.5	31
3907.5	34
3908.5	35
3909.5	35
3910.5	32
3911.5	37
3912.5	32
3913.5	37
3914.5	35
3915.5	32
3916.5	34
3917.5	33
3918.5	37
3919.5	35
3920.5	34
3921.5	35
3922.5	34
3923.5	35
3924.5	37
3925.5	34
3926.5	33
3927.5	35
3928.5	32
3929.5	32
3930.5	34
3931.5	36
3932.5	35
3933.5	35
3934.5	33
3935.5	32
3936.5	35
3937.5	32
3938.5	33
3939.5	32
3940.5	36
3941.5	34
3942.5	34
3943.5	33
3944.5	38
3945.5	35
3946.5	35
3947.5	33
3948.5	34
3949.5	34
3950.5	34
3951.5	34
3952.5	33
3953.5	34
3954.5	34
3955.5	35
3956.5	32
3957.5	36
3958.5	34
3959.5	36
3960.5	34
3961.5	33
3962.5	33
3963.5	33
3964.5	34
3965.5	33
3966.5	34
3967.5	36
3968.5	34
3969.5	34
3970.5	34
3971.5	35
3972.5	35
3973.5	34
3974.5	36
3975.5	35
3976.5	34
3977.5	34
3978.5	36
3979.5	34
3980.5	38
3981.5	40
3982.5	40
3983.5	41
3984.5	44
3985.5	41
3986.5	45
3987.5	46
3988.5	46
3989.5	48
3990.5	53
3991.5	55
3992.5	56
3993.5	56
3994.5	58
3995.5	56
3996.5	58
3997.5	59
3998.5	63
3999.5	58
4000.5	58
4001.5	58
4002.5	55
4003.5	56
4004.5	54
4005.5	49
4006.5	48
4007.5	46
4008.5	45
4009.5	43
4010.5	43
4011.5	38
4012.5	40
4013.5	39
4014.5	35
4015.5	36
4016.5	34
4017.5	35
4018.5	37
4019.5	35
4020.5	32
4021.5	34
4022.5	35
4023.5	35
4024.5	34
4025.5	32
4026.5	33
4027.5	32
4028.5	36
4029.5	35
4030.5	33
4031.5	32
4032.5	32
4033.5	33
4034.5	34
4035.5	39
4036.5	32
4037.5	34
4038.5	33
4039.5	33
4040.5	33
4041.5	34
4042.5	34
4043.5	35
4044.5	34
4045.5	38
4046.5	36
4047.5	33
4048.5	34
4049.5	32
4050.5	32
4051.5	35
4052.5	33
4053.5	36
4054.5	33
4055.5	37
4056.5	35
4057.5	34
4058.5	36
4059.5	36
4060.5	33
4061.5	36
4062.5	34
4063.5	33
4064.5	37
4065.5	35
4066.5	35
4067.5	32
4068.5	39
4069.5	35
4070.5	36
4071.5	39
4072.5	35
4073.5	34
4074.5	35
4075.5	37
4076.5	38
4077.5	40
4078.5	39
4079.5	38
4080.5	39
4081.5	37
4082.5	41
4083.5	38
4084.5	38
4085.5	40
4086.5	39
4087.5	38
4088.5	40
4089.5	40
4090.5	40
4091.5	39
4092.5	37
4093.5	37
4094.5	38
4095.5	36
4096.5	37
4097.5	36
4098.5	32
4099.5	35
4100.5	33
4101.5	36
4102.5	33
4103.5	34
4104.5	33
4105.5	34
4106.5	35
4107.5	32
4108.5	32
4109.5	34
4110.5	36
4111.5	33
4112.5	34
4113.5	36
4114.5	35
4115.5	39
4116.5	35
4117.5	36
4118.5	36
4119.5	30
4120.5	34
4121.5	34
4122.5	34
4123.5	33
4124.5	33
4125.5	34
4126.5	33
4127.5	38
4128.5	34
4129.5	34
4130.5	35
4131.5	35
4132.5	33
4133.5	33
4134.5	32
4135.5	32
4136.5	32
4137.5	36
4138.5	32
4139.5	33
4140.5	35
4141.5	32
4142.5	36
4143.5	36
4144.5	35
4145.5	34
4146.5	32
4147.5	34
4148.5	33
4149.5	35
4150.5	35
4151.5	36
4152.5	35
4153.5	35
4154.5	32
4155.5	34
4156.5	34
4157.5	32
4158.5	34
4159.5	35
4160.5	33
4161.5	33
4162.5	33
4163.5	32
4164.5	36
4165.5	37
4166.5	35
4167.5	33
4168.5	32
4169.5	33
4170.5	34
4171.5	37
4172.5	31
4173.5	35
4174.5	37
4175.5	33
4176.5	34
4177.5	32
4178.5	34
4179.5	36
4180.5	33
4181.5	33
4182.5	33
4183.5	35
4184.5	35
4185.5	37
4186.5	33
4187.5	33
4188.5	36
4189.5	34
4190.5	33
4191.5	36
4192.5	33
4193.5	33
4194.5	35
4195.5	33
4196.5	34
4197.5	36
4198.5	34
4199.5	34
4200.5	32
4201.5	33
4202.5	34
4203.5	35
4204.5	33
4205.5	36
4206.5	36
4207.5	34
4208.5	34
4209.5	34
4210.5	34
4211.5	33
4212.5	35
4213.5	35
4214.5	33
4215.5	34
4216.5	35
4217.5	32
4218.5	37
4219.5	38
4220.5	36
4221.5	38
4222.5	35
4223.5	36
4224.5	37
4225.5	41
4226.5	41
4227.5	38
4228.5	39
4229.5	40
4230.5	39
4231.5	38
4232.5	39
4233.5	42
4234.5	41
4235.5	40
4236.5	40
4237.5	42
4238.5	40
4239.5	41
4240.5	39
4241.5	36
4242.5	39
4243.5	38
4244.5	38
4245.5	38
4246.5	33
4247.5	34
4248.5	35
4249.5	37
4250.5	34
4251.5	35
4252.5	31
4253.5	35
4254.5	32
4255.5	34
4256.5	34
4257.5	35
4258.5	33
4259.5	37
4260.5	32
4261.5	34
4262.5	30
4263.5	34
4264.5	33
4265.5	34
4266.5	34
4267.5	35
4268.5	33
4269.5	37
4270.5	33
4271.5	35
4272.5	38
4273.5	34
4274.5	33
4275.5	33
4276.5	34
4277.5	34
4278.5	35
4279.5	34
4280.5	34
4281.5	35
4282.5	35
4283.5	34
4284.5	34
4285.5	37
4286.5	36
4287.5	33
4288.5	35
4289.5	35
4290.5	36
4291.5	33
4292.5	37
4293.5	34
4294.5	35
4295.5	35
4296.5	33
4297.5	32
4298.5	36
4299.5	36
4300.5	32
4301.5	33
4302.5	34
4303.5	32
4304.5	34
4305.5	34
4306.5	32
4307.5	38
4308.5	36
4309.5	31
4310.5	33
4311.5	32
4312.5	37
4313.5	35
4314.5	34
4315.5	36
4316.5	32
4317.5	33
4318.5	32
4319.5	35
4320.5	35
4321.5	35
4322.5	35
4323.5	36
4324.5	32
4325.5	34
4326.5	36
4327.5	38
4328.5	34
4329.5	35
4330.5	40
4331.5	37
4332.5	38
4333.5	39
4334.5	39
4335.5	38
4336.5	39
4337.5	41
4338.5	46
4339.5	42
4340.5	44
4341.5	48
4342.5	49
4343.5	50
4344.5	51
4345.5	56
4346.5	49
4347.5	55
4348.5	59
4349.5	55
4350.5	60
4351.5	62
4352.5	59
4353.5	60
4354.5	62
4355.5	59
4356.5	53
4357.5	56
4358.5	50
4359.5	53
4360.5	51
4361.5	48
4362.5	46
4363.5	43
4364.5	41
4365.5	41
4366.5	39
4367.5	40
4368.5	37
4369.5	37
4370.5	35
4371.5	37
4372.5	33
4373.5	37
4374.5	33
4375.5	37
4376.5	32
4377.5	34
4378.5	35
4379.5	37
4380.5	32
4381.5	34
4382.5	32
4383.5	35
4384.5	36
4385.5	36
4386.5	35
4387.5	37
4388.5	40
4389.5	39
4390.5	37
4391.5	39
4392.5	39
4393.5	41
4394.5	43
4395.5	44
4396.5	43
4397.5	50
4398.5	51
4399.5	52
4400.5	57
4401.5	57
4402.5	60
4403.5	66
4404.5	62
4405.5	60
4406.5	68
4407.5	67
4408.5	71
4409.5	66
4410.5	74
4411.5	69
4412.5	71
4413.5	68
4414.5	65
4415.5	64
4416.5	60
4417.5	57
4418.5	52
4419.5	49
4420.5	49
4421.5	45
4422.5	42
4423.5	43
4424.5	42
4425.5	39
4426.5	40
4427.5	37
4428.5	33
4429.5	36
4430.5	32
4431.5	36
4432.5	33
4433.5	36
4434.5	31
4435.5	34
4436.5	33
4437.5	34
4438.5	33
4439.5	34
4440.5	35
4441.5	35
4442.5	34
4443.5	33
4444.5	32
4445.5	36
4446.5	35
4447.5	36
4448.5	35
4449.5	35
4450.5	33
4451.5	32
4452.5	36
4453.5	34
4454.5	34
4455.5	33
4456.5	32
4457.5	36
4458.5	36
4459.5	33
4460.5	32
4461.5	33
4462.5	35
4463.5	37
4464.5	34
4465.5	35
4466.5	32
4467.5	35
4468.5	34
4469.5	34
4470.5	34
4471.5	35
4472.5	35
4473.5	34
4474.5	35
4475.5	37
4476.5	33
4477.5	39
4478.5	34
4479.5	32
4480.5	35
4481.5	33
4482.5	37
4483.5	33
4484.5	35
4485.5	33
4486.5	37
4487.5	37
4488.5	35
4489.5	38
4490.5	33
4491.5	34
4492.5	38
4493.5	38
4494.5	37
4495.5	36
4496.5	35
4497.5	36
4498.5	35
4499.5	37
4500.5	36
4501.5	37
4502.5	38
4503.5	38
4504.5	38
4505.5	38
4506.5	41
4507.5	43
4508.5	37
4509.5	44
4510.5	43
4511.5	45
4512.5	48
4513.5	51
4514.5	51
4515.5	55
4516.5	54
4517.5	57
4518.5	62
4519.5	71
4520.5	72
4521.5	75
4522.5	80
4523.5	87
4524.5	88
4525.5	90
4526.5	96
4527.5	99
4528.5	106
4529.5	99
4530.5	98
4531.5	96
4532.5	100
4533.5	93
4534.5	89
4535.5	84
4536.5	80
4537.5	76
4538.5	67
4539.5	66
4540.5	59
4541.5	53
4542.5	56
4543.5	51
4544.5	47
4545.5	46
4546.5	41
4547.5	38
4548.5	40
4549.5	37
4550.5	35
4551.5	35
4552.5	33
4553.5	35
4554.5	35
4555.5	33
4556.5	37
4557.5	35
4558.5	34
4559.5	36
4560.5	37
4561.5	38
4562.5	35
4563.5	38
4564.5	38
4565.5	39
4566.5	38
4567.5	37
4568.5	40
4569.5	40
4570.5	41
4571.5	45
4572.5	38
4573.5	45
4574.5	42
4575.5	44
4576.5	46
4577.5	45
4578.5	48
4579.5	48
4580.5	48
4581.5	44
4582.5	48
4583.5	47
4584.5	48
4585.5	48
4586.5	45
4587.5	46
4588.5	43
4589.5	41
4590.5	42
4591.5	41
4592.5	39
4593.5	37
4594.5	38
4595.5	34
4596.5	37
4597.5	35
4598.5	36
4599.5	34
4600.5	37
4601.5	34
4602.5	31
4603.5	34
4604.5	32
4605.5	36
4606.5	32
4607.5	35
4608.5	35
4609.5	34
4610.5	34
4611.5	33
4612.5	33
4613.5	33
4614.5	34
4615.5	36
4616.5	34
4617.5	32
4618.5	37
4619.5	38
4620.5	32
4621.5	32
4622.5	32
4623.5	34
4624.5	32
4625.5	35
4626.5	36
4627.5	35
4628.5	35
4629.5	34
4630.5	34
4631.5	37
4632.5	32
4633.5	33
4634.5	33
4635.5	33
4636.5	32
4637.5	35
4638.5	34
4639.5	35
4640.5	30
4641.5	34
4642.5	34
4643.5	34
4644.5	37
4645.5	35
4646.5	36
4647.5	35
4648.5	35
4649.5	32
4650.5	32
4651.5	33
4652.5	35
4653.5	32
4654.5	32
4655.5	35
4656.5	36
4657.5	32
4658.5	33
4659.5	37
4660.5	35
4661.5	34
4662.5	33
4663.5	34
4664.5	35
4665.5	35
4666.5	32
4667.5	33
4668.5	33
4669.5	33
4670.5	35
4671.5	37
4672.5	35
4673.5	36
4674.5	36
4675.5	36
4676.5	33
4677.5	32
4678.5	33
4679.5	34
4680.5	33
4681.5	33
4682.5	35
4683.5	33
4684.5	35
4685.5	34
4686.5	37
4687.5	35
4688.5	35
4689.5	35
4690.5	36
4691.5	36
4692.5	35
4693.5	35
4694.5	36
4695.5	36
4696.5	36
4697.5	39
4698.5	39
4699.5	38
4700.5	35
4701.5	38
4702.5	39
4703.5	38
4704.5	39
4705.5	41
4706.5	43
4707.5	42
4708.5	43
4709.5	41
4710.5	47
4711.5	43
4712.5	45
4713.5	48
4714.5	44
4715.5	42
4716.5	45
4717.5	41
4718.5	40
4719.5	42
4720.5	41
4721.5	41
4722.5	39
4723.5	37
4724.5	36
4725.5	36
4726.5	35
4727.5	35
4728.5	32
4729.5	33
4730.5	35
4731.5	34
4732.5	32
4733.5	34
4734.5	35
4735.5	33
4736.5	35
4737.5	33
4738.5	35
4739.5	35
4740.5	36
4741.5	34
4742.5	32
4743.5	34
4744.5	32
4745.5	33
4746.5	33
4747.5	33
4748.5	34
4749.5	33
4750.5	35
4751.5	33
4752.5	35
4753.5	35
4754.5	33
4755.5	35
4756.5	33
4757.5	33
4758.5	32
4759.5	35
4760.5	33
4761.5	33
4762.5	35
4763.5	34
4764.5	30
4765.5	34
4766.5	33
4767.5	35
4768.5	35
4769.5	38
4770.5	34
4771.5	36
4772.5	33
4773.5	36
4774.5	35
4775.5	32
4776.5	34
4777.5	32
4778.5	36
4779.5	36
4780.5	34
4781.5	34
4782.5	34
4783.5	34
4784.5	35
4785.5	33
4786.5	33
4787.5	35
4788.5	34
4789.5	34
4790.5	33
4791.5	35
4792.5	35
4793.5	36
4794.5	34
4795.5	30
4796.5	32
4797.5	33
4798.5	35
4799.5	34
4800.5	32
4801.5	36
4802.5	33
4803.5	34
4804.5	34
4805.5	35
4806.5	37
4807.5	36
4808.5	39
4809.5	42
4810.5	38
4811.5	39
4812.5	39
4813.5	36
4814.5	41
4815.5	43
4816.5	41
4817.5	43
4818.5	46
4819.5	46
4820.5	45
4821.5	51
4822.5	50
4823.5	49
4824.5	55
4825.5	52
4826.5	56
4827.5	59
4828.5	56
4829.5	56
4830.5	56
4831.5	59
4832.5	58
4833.5	58
4834.5	54
4835.5	53
4836.5	50
4837.5	52
4838.5	48
4839.5	44
4840.5	43
4841.5	41
4842.5	42
4843.5	36
4844.5	38
4845.5	38
4846.5	38
4847.5	37
4848.5	37
4849.5	34
4850.5	35
4851.5	33
4852.5	32
4853.5	32
4854.5	34
4855.5	36
4856.5	33
4857.5	36
4858.5	35
4859.5	32
4860.5	32
4861.5	32
4862.5	34
4863.5	35
4864.5	34
4865.5	34
4866.5	34
4867.5	32
4868.5	37
4869.5	36
4870.5	34
4871.5	33
4872.5	35
4873.5	34
4874.5	34
4875.5	40
4876.5	35
4877.5	34
4878.5	35
4879.5	37
4880.5	33
4881.5	34
4882.5	32
4883.5	35
4884.5	33
4885.5	37
4886.5	36
4887.5	34
4888.5	36
4889.5	35
4890.5	35
4891.5	36
4892.5	36
4893.5	36
4894.5	34
4895.5	33
4896.5	35
4897.5	37
4898.5	36
4899.5	35
4900.5	33
4901.5	36
4902.5	39
4903.5	34
4904.5	35
4905.5	37
4906.5	38
4907.5	34
4908.5	36
4909.5	38
4910.5	39
4911.5	41
4912.5	40
4913.5	42
4914.5	41
4915.5	43
4916.5	40
4917.5	43
4918.5	44
4919.5	42
4920.5	43
4921.5	43
4922.5	43
4923.5	39
4924.5	42
4925.5	38
4926.5	41
4927.5	38
4928.5	38
4929.5	36
4930.5	38
4931.5	35
4932.5	37
4933.5	40
4934.5	34
4935.5	34
4936.5	35
4937.5	37
4938.5	34
4939.5	36
4940.5	37
4941.5	36
4942.5	35
4943.5	30
4944.5	34
4945.5	32
4946.5	33
4947.5	34
4948.5	33
4949.5	34
4950.5	35
4951.5	34
4952.5	34
4953.5	33
4954.5	34
4955.5	35
4956.5	36
4957.5	35
4958.5	34
4959.5	35
4960.5	35
4961.5	39
4962.5	38
4963.5	38
4964.5	36
4965.5	41
4966.5	37
4967.5	39
4968.5	42
4969.5	40
4970.5	45
4971.5	44
4972.5	44
4973.5	48
4974.5	50
4975.5	52
4976.5	57
4977.5	56
4978.5	60
4979.5	60
4980.5	64
4981.5	67
4982.5	68
4983.5	75
4984.5	72
4985.5	74
4986.5	75
4987.5	72
4988.5	78
4989.5	76
4990.5	77
4991.5	69
4992.5	66
4993.5	65
4994.5	62
4995.5	55
4996.5	59
4997.5	49
4998.5	53
4999.5	44
5000.5	41
5001.5	43
5002.5	41
5003.5	40
5004.5	36
5005.5	38
5006.5	35
5007.5	34
5008.5	34
5009.5	36
5010.5	35
5011.5	32
5012.5	38
5013.5	35
5014.5	33
5015.5	34
5016.5	34
5017.5	33
5018.5	35
5019.5	35
5020.5	36
5021.5	33
5022.5	35
5023.5	39
5024.5	37
5025.5	34
5026.5	32
5027.5	35
5028.5	35
5029.5	33
5030.5	31
5031.5	32
5032.5	35
5033.5	35
5034.5	37
5035.5	36
5036.5	35
5037.5	35
5038.5	32
5039.5	37
5040.5	36
5041.5	34
5042.5	33
5043.5	35
5044.5	33
5045.5	36
5046.5	33
5047.5	34
5048.5	36
5049.5	34
5050.5	34
5051.5	35
5052.5	39
5053.5	35
5054.5	34
5055.5	34
5056.5	35
5057.5	35
5058.5	34
5059.5	35
5060.5	35
5061.5	35
5062.5	33
5063.5	35
5064.5	36
5065.5	37
5066.5	36
5067.5	34
5068.5	36
5069.5	38
5070.5	37
5071.5	39
5072.5	40
5073.5	37
5074.5	39
5075.5	42
5076.5	42
5077.5	42
5078.5	44
5079.5	47
5080.5	50
5081.5	49
5082.5	48
5083.5	53
5084.5	55
5085.5	58
5086.5	60
5087.5	65
5088.5	64
5089.5	67
5090.5	70
5091.5	72
5092.5	76
5093.5	81
5094.5	81
5095.5	81
5096.5	76
5097.5	76
5098.5	83
5099.5	78
5100.5	75
5101.5	72
5102.5	70
5103.5	68
5104.5	62
5105.5	58
5106.5	57
5107.5	56
5108.5	54
5109.5	49
5110.5	51
5111.5	52
5112.5	51
5113.5	46
5114.5	52
5115.5	50
5116.5	53
5117.5	53
5118.5	56
5119.5	62
5120.5	67
5121.5	69
5122.5	75
5123.5	80
5124.5	91
5125.5	91
5126.5	104
5127.5	112
5128.5	126
5129.5	136
5130.5	144
5131.5	157
5132.5	174
5133.5	171
5134.5	181
5135.5	183
5136.5	199
5137.5	195
5138.5	204
5139.5	207
5140.5	200
5141.5	195
5142.5	174
5143.5	162
5144.5	150
5145.5	139
5146.5	134
5147.5	119
5148.5	107
5149.5	98
5150.5	89
5151.5	74
5152.5	65
5153.5	62
5154.5	51
5155.5	49
5156.5	44
5157.5	44
5158.5	39
5159.5	39
5160.5	30
5161.5	33
5162.5	37
5163.5	35
5164.5	32
5165.5	33
5166.5	35
5167.5	38
5168.5	32
5169.5	33
5170.5	33
5171.5	36
5172.5	36
5173.5	33
5174.5	33
5175.5	33
5176.5	34
5177.5	34
5178.5	35
5179.5	34
5180.5	34
5181.5	35
5182.5	32
5183.5	38
5184.5	33
5185.5	33
5186.5	36
5187.5	35
5188.5	33
5189.5	37
5190.5	31
5191.5	35
5192.5	37
5193.5	36
5194.5	35
5195.5	36
5196.5	35
5197.5	36
5198.5	35
5199.5	38
5200.5	32
5201.5	34
5202.5	35
5203.5	35
5204.5	33
5205.5	37
5206.5	32
5207.5	33
5208.5	34
5209.5	37
5210.5	36
5211.5	33
5212.5	34
5213.5	38
5214.5	33
5215.5	36
5216.5	36
5217.5	33
5218.5	36
5219.5	35
5220.5	35
5221.5	36
5222.5	34
5223.5	35
5224.5	35
5225.5	35
5226.5	31
5227.5	35
5228.5	35
5229.5	34
5230.5	37
5231.5	39
5232.5	34
5233.5	37
5234.5	34
5235.5	36
5236.5	33
5237.5	36
5238.5	35
5239.5	34
5240.5	32
5241.5	37
5242.5	35
5243.5	32
5244.5	32
5245.5	36
5246.5	34
5247.5	33
5248.5	35
5249.5	34
5250.5	36
5251.5	33
5252.5	36
5253.5	36
5254.5	34
5255.5	36
5256.5	32
5257.5	34
5258.5	32
5259.5	34
5260.5	33
5261.5	34
5262.5	39
5263.5	35
5264.5	32
5265.5	32
5266.5	35
5267.5	34
5268.5	36
5269.5	37
5270.5	31
5271.5	34
5272.5	32
5273.5	38
5274.5	33
5275.5	32
5276.5	35
5277.5	34
5278.5	35
5279.5	34
5280.5	35
5281.5	33
5282.5	33
5283.5	33
5284.5	32
5285.5	34
5286.5	33
5287.5	33
5288.5	35
5289.5	33
5290.5	32
5291.5	34
5292.5	32
5293.5	37
5294.5	38
5295.5	32
5296.5	33
5297.5	35
5298.5	33
5299.5	29
5300.5	36
5301.5	35
5302.5	33
5303.5	34
5304.5	36
5305.5	37
5306.5	35
5307.5	35
5308.5	34
5309.5	32
5310.5	35
5311.5	35
5312.5	33
5313.5	34
5314.5	35
5315.5	37
5316.5	34
5317.5	36
5318.5	33
5319.5	35
5320.5	36
5321.5	34
5322.5	35
5323.5	33
5324.5	36
5325.5	34
5326.5	40
5327.5	36
5328.5	35
5329.5	35
5330.5	37
5331.5	40
5332.5	38
5333.5	39
5334.5	40
5335.5	43
5336.5	44
5337.5	41
5338.5	46
5339.5	45
5340.5	48
5341.5	47
5342.5	51
5343.5	53
5344.5	56
5345.5	57
5346.5	60
5347.5	64
5348.5	65
5349.5	72
5350.5	77
5351.5	81
5352.5	91
5353.5	94
5354.5	93
5355.5	97
5356.5	104
5357.5	108
5358.5	105
5359.5	108
5360.5	113
5361.5	107
5362.5	112
5363.5	101
5364.5	101
5365.5	87
5366.5	86
5367.5	76
5368.5	73
5369.5	70
5370.5	66
5371.5	62
5372.5	55
5373.5	48
5374.5	49
5375.5	46
5376.5	40
5377.5	38
5378.5	37
5379.5	35
5380.5	34
5381.5	37
5382.5	36
5383.5	33
5384.5	34
5385.5	34
5386.5	36
5387.5	39
5388.5	35
5389.5	37
5390.5	37
5391.5	34
5392.5	34
5393.5	38
5394.5	39
5395.5	40
5396.5	39
5397.5	41
5398.5	39
5399.5	40
5400.5	40
5401.5	41
5402.5	44
5403.5	42
5404.5	47
5405.5	46
5406.5	48
5407.5	46
5408.5	51
5409.5	48
5410.5	48
5411.5	50
5412.5	52
5413.5	51
5414.5	51
5415.5	53
5416.5	48
5417.5	48
5418.5	48
5419.5	47
5420.5	44
5421.5	41
5422.5	43
5423.5	43
5424.5	39
5425.5	39
5426.5	38
5427.5	38
5428.5	38
5429.5	35
5430.5	35
5431.5	35
5432.5	35
5433.5	34
5434.5	34
5435.5	33
5436.5	35
5437.5	34
5438.5	29
5439.5	33
5440.5	34
5441.5	32
5442.5	34
5443.5	35
5444.5	36
5445.5	34
5446.5	33
5447.5	34
5448.5	32
5449.5	34
5450.5	33
5451.5	36
5452.5	35
5453.5	35
5454.5	34
5455.5	34
5456.5	33
5457.5	35
5458.5	34
5459.5	35
5460.5	37
5461.5	32
5462.5	33
5463.5	35
5464.5	33
5465.5	34
5466.5	33
5467.5	35
5468.5	32
5469.5	33
5470.5	33
5471.5	34
5472.5	34
5473.5	34
5474.5	34
5475.5	35
5476.5	35
5477.5	34
5478.5	34
5479.5	35
5480.5	36
5481.5	32
5482.5	38
5483.5	34
5484.5	34
5485.5	35
5486.5	33
5487.5	35
5488.5	36
5489.5	32
5490.5	36
5491.5	39
5492.5	35
5493.5	36
5494.5	35
5495.5	36
5496.5	35
5497.5	34
5498.5	35
5499.5	35
5500.5	32
5501.5	36
5502.5	34
5503.5	34
5504.5	35
5505.5	34
5506.5	33
5507.5	29
5508.5	32
5509.5	36
5510.5	34
5511.5	35
5512.5	37
5513.5	32
5514.5	36
5515.5	34
5516.5	34
5517.5	35
5518.5	33
5519.5	33
5520.5	34
5521.5	38
5522.5	38
5523.5	37
5524.5	39
5525.5	36
5526.5	38
5527.5	41
5528.5	40
5529.5	42
5530.5	39
5531.5	42
5532.5	41
5533.5	46
5534.5	44
5535.5	52
5536.5	47
5537.5	52
5538.5	49
5539.5	56
5540.5	59
5541.5	59
5542.5	59
5543.5	60
5544.5	64
5545.5	61
5546.5	59
5547.5	56
5548.5	60
5549.5	55
5550.5	53
5551.5	51
5552.5	51
5553.5	50
5554.5	46
5555.5	47
5556.5	40
5557.5	43
5558.5	42
5559.5	38
5560.5	35
5561.5	39
5562.5	37
5563.5	36
5564.5	35
5565.5	34
5566.5	34
5567.5	34
5568.5	34
5569.5	35
5570.5	34
5571.5	34
5572.5	34
5573.5	35
5574.5	34
5575.5	35
5576.5	35
5577.5	36
5578.5	34
5579.5	34
5580.5	32
5581.5	37
5582.5	36
5583.5	38
5584.5	33
5585.5	35
5586.5	32
5587.5	32
5588.5	33
5589.5	31
5590.5	33
5591.5	33
5592.5	35
5593.5	35
5594.5	34
5595.5	35
5596.5	35
5597.5	34
5598.5	32
5599.5	35
5600.5	35
5601.5	34
5602.5	34
5603.5	39
5604.5	32
5605.5	32
5606.5	34
5607.5	33
5608.5	33
5609.5	32
5610.5	33
5611.5	34
5612.5	35
5613.5	34
5614.5	35
5615.5	34
5616.5	36
5617.5	36
5618.5	34
5619.5	34
5620.5	36
5621.5	34
5622.5	35
5623.5	33
5624.5	36
5625.5	34
5626.5	34
5627.5	34
5628.5	34
5629.5	37
5630.5	37
5631.5	34
5632.5	34
5633.5	37
5634.5	32
5635.5	36
5636.5	33
5637.5	33
5638.5	34
5639.5	34
5640.5	33
5641.5	35
5642.5	37
5643.5	35
5644.5	34
5645.5	35
5646.5	32
5647.5	37
5648.5	34
5649.5	37
5650.5	35
5651.5	36
5652.5	34
5653.5	35
5654.5	35
5655.5	34
5656.5	33
5657.5	36
5658.5	39
5659.5	37
5660.5	34
5661.5	36
5662.5	35
5663.5	37
5664.5	33
5665.5	35
5666.5	36
5667.5	35
5668.5	36
5669.5	37
5670.5	40
5671.5	41
5672.5	40
5673.5	39
5674.5	39
5675.5	38
5676.5	39
5677.5	41
5678.5	43
5679.5	41
5680.5	46
5681.5	47
5682.5	47
5683.5	49
5684.5	50
5685.5	56
5686.5	55
5687.5	63
5688.5	59
5689.5	67
5690.5	67
5691.5	72
5692.5	78
5693.5	74
5694.5	82
5695.5	81
5696.5	85
5697.5	83
5698.5	88
5699.5	85
5700.5	84
5701.5	83
5702.5	80
5703.5	76
5704.5	73
5705.5	72
5706.5	67
5707.5	60
5708.5	58
5709.5	57
5710.5	50
5711.5	50
5712.5	45
5713.5	40
5714.5	41
5715.5	34
5716.5	37
5717.5	33
5718.5	33
5719.5	36
5720.5	34
5721.5	34
5722.5	32
5723.5	33
5724.5	33
5725.5	38
5726.5	35
5727.5	35
5728.5	33
5729.5	35
5730.5	34
5731.5	34
5732.5	33
5733.5	36
5734.5	35
5735.5	37
5736.5	33
5737.5	34
5738.5	35
5739.5	34
5740.5	36
5741.5	36
5742.5	36
5743.5	36
5744.5	36
5745.5	38
5746.5	36
5747.5	35
5748.5	38
5749.5	38
5750.5	39
5751.5	40
5752.5	40
5753.5	39
5754.5	41
5755.5	43
5756.5	44
5757.5	48
5758.5	45
5759.5	49
5760.5	49
5761.5	48
5762.5	53
5763.5	55
5764.5	56
5765.5	56
5766.5	61
5767.5	61
5768.5	59
5769.5	64
5770.5	66
5771.5	58
5772.5	63
5773.5	63
5774.5	55
5775.5	59
5776.5	57
5777.5	56
5778.5	51
5779.5	52
5780.5	48
5781.5	48
5782.5	45
5783.5	41
5784.5	42
5785.5	39
5786.5	38
5787.5	37
5788.5	33
5789.5	33
5790.5	33
5791.5	34
5792.5	34
5793.5	33
5794.5	32
5795.5	35
5796.5	33
5797.5	38
5798.5	33
5799.5	30
5800.5	34
5801.5	35
5802.5	32
5803.5	33
5804.5	32
5805.5	32
5806.5	36
5807.5	34
5808.5	35
5809.5	35
5810.5	32
5811.5	36
5812.5	34
5813.5	33
5814.5	33
5815.5	35
5816.5	32
5817.5	35
5818.5	35
5819.5	32
5820.5	34
5821.5	34
5822.5	34
5823.5	33
5824.5	32
5825.5	35
5826.5	34
5827.5	34
5828.5	34
5829.5	36
5830.5	33
5831.5	33
5832.5	35
5833.5	34
5834.5	35
5835.5	33
5836.5	34
5837.5	32
5838.5	33
5839.5	36
5840.5	34
5841.5	33
5842.5	37
5843.5	35
5844.5	33
5845.5	34
5846.5	32
5847.5	36
5848.5	33
5849.5	36
5850.5	36
5851.5	37
5852.5	36
5853.5	34
5854.5	26
5855.5	32
5856.5	32
5857.5	32
5858.5	36
5859.5	35
5860.5	35
5861.5	36
5862.5	34
5863.5	35
5864.5	35
5865.5	33
5866.5	36
5867.5	32
5868.5	36
5869.5	34
5870.5	32
5871.5	34
5872.5	32
5873.5	33
5874.5	35
5875.5	38
5876.5	33
5877.5	32
5878.5	35
5879.5	36
5880.5	34
5881.5	32
5882.5	30
5883.5	35
5884.5	36
5885.5	32
5886.5	30
5887.5	34
5888.5	34
5889.5	36
5890.5	35
5891.5	32
5892.5	33
5893.5	33
5894.5	33
5895.5	33
5896.5	34
5897.5	32
5898.5	32
5899.5	34
5900.5	34
5901.5	34
5902.5	34
5903.5	36
5904.5	34
5905.5	35
5906.5	37
5907.5	33
5908.5	37
5909.5	33
5910.5	34
5911.5	34
5912.5	34
5913.5	37
5914.5	32
5915.5	29
5916.5	34
5917.5	37
5918.5	35
5919.5	35
5920.5	33
5921.5	33
5922.5	36
5923.5	30
5924.5	33
5925.5	30
5926.5	36
5927.5	34
5928.5	35
5929.5	35
5930.5	32
5931.5	35
5932.5	37
5933.5	33
5934.5	34
5935.5	32
5936.5	34
5937.5	32
5938.5	35
5939.5	35
5940.5	36
5941.5	36
5942.5	35
5943.5	35
5944.5	33
5945.5	34
5946.5	36
5947.5	36
5948.5	36
5949.5	37
5950.5	34
5951.5	36
5952.5	40
5953.5	32
5954.5	36
5955.5	37
5956.5	34
5957.5	37
5958.5	35
5959.5	32
5960.5	32
5961.5	36
5962.5	33
5963.5	32
5964.5	36
5965.5	34
5966.5	33
5967.5	33
5968.5	35
5969.5	33
5970.5	35
5971.5	38
5972.5	33
5973.5	35
5974.5	35
5975.5	34
5976.5	33
5977.5	34
5978.5	35
5979.5	34
5980.5	34
5981.5	37
5982.5	34
5983.5	33
5984.5	37
5985.5	32
5986.5	35
5987.5	35
5988.5	33
5989.5	34
5990.5	35
5991.5	35
5992.5	34
5993.5	32
5994.5	33
5995.5	35
5996.5	35
5997.5	33
5998.5	35
5999.5	37
6000.5	34
6001.5	35
6002.5	36
6003.5	35
6004.5	33
6005.5	34
6006.5	37
6007.5	39
6008.5	32
6009.5	36
6010.5	38
6011.5	33
6012.5	35
6013.5	34
6014.5	35
6015.5	35
6016.5	36
6017.5	34
6018.5	33
6019.5	37
6020.5	34
6021.5	34
6022.5	34
6023.5	34
6024.5	35
6025.5	33
6026.5	35
6027.5	33
6028.5	36
6029.5	34
6030.5	33
6031.5	33
6032.5	33
6033.5	35
6034.5	33
6035.5	35
6036.5	34
6037.5	34
6038.5	33
6039.5	33
6040.5	32
6041.5	33
6042.5	34
6043.5	37
6044.5	36
6045.5	33
6046.5	35
6047.5	33
6048.5	35
6049.5	35
6050.5	32
6051.5	33
6052.5	36
6053.5	32
6054.5	34
6055.5	33
6056.5	33
6057.5	33
6058.5	35
6059.5	34
6060.5	36
6061.5	34
6062.5	28
6063.5	32
6064.5	36
6065.5	32
6066.5	34
6067.5	34
6068.5	34
6069.5	33
6070.5	34
6071.5	35
6072.5	32
6073.5	36
6074.5	34
6075.5	36
6076.5	35
6077.5	35
6078.5	35
6079.5	34
6080.5	36
6081.5	34
6082.5	37
6083.5	34
6084.5	32
6085.5	34
6086.5	35
6087.5	35
6088.5	33
6089.5	35
6090.5	36
6091.5	35
6092.5	32
6093.5	36
6094.5	33
6095.5	34
6096.5	37
6097.5	34
6098.5	32
6099.5	34
6100.5	35
6101.5	37
6102.5	35
6103.5	33
6104.5	32
6105.5	33
6106.5	34
6107.5	32
6108.5	35
6109.5	34
6110.5	36
6111.5	35
6112.5	37
6113.5	37
6114.5	39
6115.5	37
6116.5	38
6117.5	37
6118.5	35
6119.5	39
6120.5	35
6121.5	37
6122.5	39
6123.5	40
6124.5	39
6125.5	41
6126.5	41
6127.5	39
6128.5	41
6129.5	46
6130.5	47
6131.5	48
6132.5	47
6133.5	51
6134.5	53
6135.5	56
6136.5	57
6137.5	62
6138.5	61
6139.5	61
6140.5	64
6141.5	65
6142.5	66
6143.5	66
6144.5	67
6145.5	63
6146.5	66
6147.5	63
6148.5	62
6149.5	57
6150.5	61
6151.5	52
6152.5	49
6153.5	51
6154.5	49
6155.5	45
6156.5	43
6157.5	43
6158.5	39
6159.5	38
6160.5	38
6161.5	41
6162.5	33
6163.5	37
6164.5	33
6165.5	33
6166.5	32
6167.5	33
6168.5	32
6169.5	32
6170.5	34
6171.5	34
6172.5	33
6173.5	35
6174.5	34
6175.5	33
6176.5	33
6177.5	33
6178.5	34
6179.5	36
6180.5	32
6181.5	37
6182.5	32
6183.5	35
6184.5	34
6185.5	32
6186.5	33
6187.5	33
6188.5	33
6189.5	37
6190.5	33
6191.5	35
6192.5	32
6193.5	35
6194.5	33
6195.5	36
6196.5	33
6197.5	37
6198.5	35
6199.5	35
6200.5	34
6201.5	31
6202.5	34
6203.5	33
6204.5	35
6205.5	35
6206.5	39
6207.5	35
6208.5	32
6209.5	34
6210.5	33
6211.5	33
6212.5	32
6213.5	33
6214.5	34
6215.5	31
6216.5	33
6217.5	33
6218.5	35
6219.5	33
6220.5	32
6221.5	35
6222.5	35
6223.5	33
6224.5	33
6225.5	34
6226.5	33
6227.5	35
6228.5	33
6229.5	34
6230.5	32
6231.5	35
6232.5	34
6233.5	32
6234.5	37
6235.5	33
6236.5	37
6237.5	34
6238.5	36
6239.5	35
6240.5	34
6241.5	32
6242.5	36
6243.5	35
6244.5	34
6245.5	35
6246.5	32
6247.5	33
6248.5	35
6249.5	35
6250.5	36
6251.5	33
6252.5	37
6253.5	33
6254.5	34
6255.5	34
6256.5	35
6257.5	35
6258.5	33
6259.5	32
6260.5	33
6261.5	33
6262.5	33
6263.5	32
6264.5	32
6265.5	34
6266.5	32
6267.5	34
6268.5	36
6269.5	30
6270.5	32
6271.5	35
6272.5	33
6273.5	33
6274.5	32
6275.5	36
6276.5	34
6277.5	34
6278.5	30
6279.5	33
6280.5	35
6281.5	35
6282.5	33
6283.5	35
6284.5	32
6285.5	34
6286.5	35
6287.5	35
6288.5	35
6289.5	32
6290.5	32
6291.5	36
6292.5	36
6293.5	33
6294.5	33
6295.5	35
6296.5	32
6297.5	35
6298.5	33
6299.5	36
6300.5	34
6301.5	35
6302.5	35
6303.5	34
6304.5	32
6305.5	35
6306.5	33
6307.5	34
6308.5	36
6309.5	32
6310.5	33
6311.5	33
6312.5	35
6313.5	35
6314.5	35
6315.5	35
6316.5	33
6317.5	32
6318.5	36
6319.5	34
6320.5	30
6321.5	35
6322.5	33
6323.5	36
6324.5	35
6325.5	33
6326.5	32
6327.5	33
6328.5	32
6329.5	34
6330.5	37
6331.5	34
6332.5	32
6333.5	33
6334.5	34
6335.5	35
6336.5	31
6337.5	33
6338.5	33
6339.5	32
6340.5	34
6341.5	32
6342.5	33
6343.5	33
6344.5	35
6345.5	32
6346.5	34
6347.5	35
6348.5	34
6349.5	33
6350.5	35
6351.5	34
6352.5	33
6353.5	35
6354.5	35
6355.5	34
6356.5	34
6357.5	34
6358.5	34
6359.5	33
6360.5	33
6361.5	33
6362.5	32
6363.5	35
6364.5	33
6365.5	31
6366.5	33
6367.5	33
6368.5	37
6369.5	33
6370.5	31
6371.5	37
6372.5	33
6373.5	36
6374.5	32
6375.5	35
6376.5	32
6377.5	35
6378.5	35
6379.5	30
6380.5	34
6381.5	32
6382.5	36
6383.5	32
6384.5	35
6385.5	37
6386.5	32
6387.5	32
6388.5	32
6389.5	33
6390.5	33
6391.5	36
6392.5	35
6393.5	30
6394.5	35
6395.5	35
6396.5	37
6397.5	32
6398.5	38
6399.5	33
6400.5	34
6401.5	33
6402.5	30
6403.5	34
6404.5	34
6405.5	34
6406.5	32
6407.5	36
6408.5	32
6409.5	32
6410.5	35
6411.5	32
6412.5	34
6413.5	33
6414.5	34
6415.5	33
6416.5	35
6417.5	32
6418.5	35
6419.5	34
6420.5	33
6421.5	33
6422.5	35
6423.5	35
6424.5	34
6425.5	33
6426.5	33
6427.5	34
6428.5	33
6429.5	33
6430.5	35
6431.5	34
6432.5	35
6433.5	35
6434.5	33
6435.5	34
6436.5	34
6437.5	35
6438.5	35
6439.5	35
6440.5	33
6441.5	34
6442.5	35
6443.5	32
6444.5	36
6445.5	34
6446.5	35
6447.5	34
6448.5	33
6449.5	32
6450.5	33
6451.5	34
6452.5	35
6453.5	34
6454.5	34
6455.5	33
6456.5	34
6457.5	36
6458.5	34
6459.5	33
6460.5	33
6461.5	34
6462.5	33
6463.5	35
6464.5	32
6465.5	35
6466.5	35
6467.5	33
6468.5	36
6469.5	33
6470.5	34
6471.5	34
6472.5	33
6473.5	36
6474.5	32
6475.5	32
6476.5	34
6477.5	34
6478.5	33
6479.5	29
6480.5	34
6481.5	36
6482.5	35
6483.5	33
6484.5	36
6485.5	35
6486.5	33
6487.5	32
6488.5	32
6489.5	32
6490.5	32
6491.5	32
6492.5	33
6493.5	33
6494.5	32
6495.5	33
6496.5	33
6497.5	33
6498.5	35
6499.5	35
6500.5	33
6501.5	35
6502.5	34
6503.5	33
6504.5	34
6505.5	34
6506.5	38
6507.5	37
6508.5	33
6509.5	35
6510.5	35
6511.5	34
6512.5	36
6513.5	34
6514.5	33
6515.5	33
6516.5	33
6517.5	34
6518.5	32
6519.5	35
6520.5	32
6521.5	34
6522.5	33
6523.5	35
6524.5	32
6525.5	38
6526.5	32
6527.5	35
6528.5	34
6529.5	30
6530.5	35
6531.5	35
6532.5	35
6533.5	35
6534.5	32
6535.5	35
6536.5	37
6537.5	35
6538.5	33
6539.5	35
6540.5	32
6541.5	35
6542.5	32
6543.5	34
6544.5	34
6545.5	34
6546.5	34
6547.5	34
6548.5	27
6549.5	32
6550.5	34
6551.5	35
6552.5	33
6553.5	33
6554.5	35
6555.5	32
6556.5	35
6557.5	35
6558.5	34
6559.5	34
6560.5	37
6561.5	32
6562.5	36
6563.5	32
6564.5	34
6565.5	36
6566.5	34
6567.5	35
6568.5	34
6569.5	35
6570.5	33
6571.5	35
6572.5	34
6573.5	34
6574.5	33
6575.5	33
6576.5	32
6577.5	33
6578.5	34
6579.5	34
6580.5	32
6581.5	32
6582.5	35
6583.5	33
6584.5	32
6585.5	35
6586.5	31
6587.5	35
6588.5	34
6589.5	35
6590.5	34
6591.5	36
6592.5	32
6593.5	35
6594.5	33
6595.5	34
6596.5	33
6597.5	35
6598.5	34
6599.5	32
6600.5	33
6601.5	34
6602.5	32
6603.5	36
6604.5	32
6605.5	32
6606.5	34
6607.5	32
6608.5	36
6609.5	35
6610.5	34
6611.5	34
6612.5	35
6613.5	32
6614.5	32
6615.5	34
6616.5	32
6617.5	33
6618.5	34
6619.5	35
6620.5	34
6621.5	34
6622.5	34
6623.5	34
6624.5	32
6625.5	34
6626.5	34
6627.5	35
6628.5	32
6629.5	36
6630.5	33
6631.5	33
6632.5	33
6633.5	36
6634.5	34
6635.5	32
6636.5	33
6637.5	34
6638.5	34
6639.5	34
6640.5	32
6641.5	36
6642.5	32
6643.5	35
6644.5	34
6645.5	36
6646.5	35
6647.5	33
6648.5	35
6649.5	35
6650.5	33
6651.5	33
6652.5	34
6653.5	33
6654.5	35
6655.5	35
6656.5	33
6657.5	36
6658.5	36
6659.5	33
6660.5	34
6661.5	36
6662.5	33
6663.5	34
6664.5	33
6665.5	35
6666.5	35
6667.5	32
6668.5	35
6669.5	33
6670.5	36
6671.5	35
6672.5	32
6673.5	31
6674.5	35
6675.5	34
6676.5	34
6677.5	35
6678.5	32
6679.5	36
6680.5	32
6681.5	35
6682.5	33
6683.5	33
6684.5	34
6685.5	35
6686.5	34
6687.5	32
6688.5	33
6689.5	34
6690.5	35
6691.5	33
6692.5	33
6693.5	32
6694.5	33
6695.5	34
6696.5	35
6697.5	34
6698.5	34
6699.5	34
6700.5	32
6701.5	35
6702.5	32
6703.5	33
6704.5	33
6705.5	34
6706.5	34
6707.5	33
6708.5	33
6709.5	35
6710.5	35
6711.5	34
6712.5	33
6713.5	32
6714.5	35
6715.5	35
6716.5	32
6717.5	32
6718.5	35
6719.5	33
6720.5	32
6721.5	34
6722.5	34
6723.5	35
6724.5	29
6725.5	32
6726.5	35
6727.5	34
6728.5	32
6729.5	37
6730.5	33
6731.5	33
6732.5	34
6733.5	35
6734.5	35
6735.5	38
6736.5	33
6737.5	32
6738.5	33
6739.5	33
6740.5	32
6741.5	37
6742.5	34
6743.5	37
6744.5	30
6745.5	32
6746.5	36
6747.5	32
6748.5	37
6749.5	33
6750.5	35
6751.5	35
6752.5	33
6753.5	31
6754.5	36
6755.5	32
6756.5	31
6757.5	35
6758.5	32
6759.5	35
6760.5	33
6761.5	35
6762.5	32
6763.5	36
6764.5	32
6765.5	34
6766.5	37
6767.5	33
6768.5	33
6769.5	32
6770.5	37
6771.5	34
6772.5	36
6773.5	33
6774.5	34
6775.5	33
6776.5	34
6777.5	34
6778.5	32
6779.5	35
6780.5	36
6781.5	36
6782.5	33
6783.5	35
6784.5	37
6785.5	35
6786.5	33
6787.5	34
6788.5	32
6789.5	32
6790.5	34
6791.5	35
6792.5	31
6793.5	34
6794.5	32
6795.5	35
6796.5	35
6797.5	34
6798.5	34
6799.5	34
6800.5	34
6801.5	32
6802.5	34
6803.5	34
6804.5	37
6805.5	33
6806.5	32
6807.5	35
6808.5	35
6809.5	34
6810.5	35
6811.5	34
6812.5	33
6813.5	34
6814.5	33
6815.5	32
6816.5	32
6817.5	34
6818.5	34
6819.5	36
6820.5	34
6821.5	36
6822.5	34
6823.5	32
6824.5	33
6825.5	33
6826.5	32
6827.5	34
6828.5	34
6829.5	34
6830.5	34
6831.5	34
6832.5	33
6833.5	35
6834.5	34
6835.5	34
6836.5	35
6837.5	36
6838.5	33
6839.5	33
6840.5	35
6841.5	33
6842.5	32
6843.5	36
6844.5	35
6845.5	33
6846.5	33
6847.5	34
6848.5	36
6849.5	36
6850.5	32
6851.5	35
6852.5	32
6853.5	34
6854.5	34
6855.5	35
6856.5	33
6857.5	33
6858.5	33
6859.5	35
6860.5	33
6861.5	33
6862.5	33
6863.5	37
6864.5	32
6865.5	32
6866.5	33
6867.5	34
6868.5	35
6869.5	34
6870.5	34
6871.5	32
6872.5	32
6873.5	32
6874.5	34
6875.5	34
6876.5	36
6877.5	32
6878.5	32
6879.5	35
6880.5	34
6881.5	32
6882.5	34
6883.5	33
6884.5	32
6885.5	35
6886.5	37
6887.5	36
6888.5	34
6889.5	32
6890.5	34
6891.5	35
6892.5	33
6893.5	35
6894.5	35
6895.5	27
6896.5	33
6897.5	32
6898.5	34
6899.5	36
6900.5	32
6901.5	38
6902.5	35
6903.5	32
6904.5	33
6905.5	32
6906.5	33
6907.5	34
6908.5	34
6909.5	33
6910.5	33
6911.5	34
6912.5	33
6913.5	34
6914.5	32
6915.5	35
6916.5	33
6917.5	34
6918.5	36
6919.5	33
6920.5	32
6921.5	35
6922.5	34
6923.5	35
6924.5	33
6925.5	34
6926.5	34
6927.5	33
6928.5	36
6929.5	34
6930.5	35
6931.5	33
6932.5	29
6933.5	34
6934.5	35
6935.5	34
6936.5	33
6937.5	34
6938.5	32
6939.5	33
6940.5	34
6941.5	33
6942.5	30
6943.5	35
6944.5	36
6945.5	32
6946.5	35
6947.5	34
6948.5	35
6949.5	33
6950.5	35
6951.5	32
6952.5	33
6953.5	33
6954.5	32
6955.5	35
6956.5	35
6957.5	34
6958.5	32
6959.5	35
6960.5	31
6961.5	34
6962.5	33
6963.5	35
6964.5	33
6965.5	33
6966.5	32
6967.5	34
6968.5	36
6969.5	36
6970.5	35
6971.5	36
6972.5	34
6973.5	35
6974.5	37
6975.5	35
6976.5	35
6977.5	34
6978.5	35
6979.5	34
6980.5	34
6981.5	36
6982.5	33
6983.5	34
6984.5	38
6985.5	32
6986.5	33
6987.5	35
6988.5	32
6989.5	35
6990.5	33
6991.5	32
6992.5	37
6993.5	35
6994.5	35
6995.5	32
6996.5	34
6997.5	34
6998.5	33
6999.5	33
7000.5	34
7001.5	33
7002.5	33
7003.5	34
7004.5	37
7005.5	35
7006.5	33
7007.5	33
7008.5	35
7009.5	34
7010.5	34
7011.5	33
7012.5	33
7013.5	37
7014.5	34
7015.5	32
7016.5	35
7017.5	33
7018.5	35
7019.5	33
7020.5	33
7021.5	36
7022.5	34
7023.5	32
7024.5	33
7025.5	35
7026.5	36
7027.5	36
7028.5	31
7029.5	34
7030.5	32
7031.5	36
7032.5	35
7033.5	33
7034.5	34
7035.5	36
7036.5	33
7037.5	35
7038.5	33
7039.5	34
7040.5	34
7041.5	33
7042.5	32
7043.5	35
7044.5	37
7045.5	32
7046.5	33
7047.5	33
7048.5	34
7049.5	33
7050.5	33
7051.5	34
7052.5	36
7053.5	34
7054.5	32
7055.5	33
7056.5	31
7057.5	32
7058.5	32
7059.5	33
7060.5	36
7061.5	35
7062.5	34
7063.5	34
7064.5	32
7065.5	33
7066.5	32
7067.5	36
7068.5	33
7069.5	33
7070.5	35
7071.5	34
7072.5	32
7073.5	34
7074.5	35
7075.5	33
7076.5	33
7077.5	33
7078.5	35
7079.5	33
7080.5	32
7081.5	33
7082.5	35
7083.5	32
7084.5	32
7085.5	36
7086.5	32
7087.5	32
7088.5	32
7089.5	32
7090.5	35
7091.5	37
7092.5	33
7093.5	34
7094.5	37
7095.5	33
7096.5	34
7097.5	36
7098.5	35
7099.5	33
7100.5	32
7101.5	38
7102.5	34
7103.5	29
7104.5	35
7105.5	32
7106.5	32
7107.5	34
7108.5	32
7109.5	35
7110.5	33
7111.5	35
7112.5	35
7113.5	33
7114.5	32
7115.5	32
7116.5	34
7117.5	35
7118.5	34
7119.5	37
7120.5	32
7121.5	34
7122.5	35
7123.5	34
7124.5	32
7125.5	36
7126.5	33
7127.5	33
7128.5	34
7129.5	35
7130.5	30
7131.5	38
7132.5	31
7133.5	35
7134.5	33
7135.5	34
7136.5	33
7137.5	34
7138.5	34
7139.5	33
7140.5	35
7141.5	35
7142.5	34
7143.5	34
7144.5	31
7145.5	34
7146.5	33
7147.5	32
7148.5	35
7149.5	35
7150.5	37
7151.5	32
7152.5	35
7153.5	34
7154.5	32
7155.5	33
7156.5	36
7157.5	30
7158.5	32
7159.5	36
7160.5	34
7161.5	35
7162.5	34
7163.5	34
7164.5	32
7165.5	32
7166.5	32
7167.5	35
7168.5	32
7169.5	28
7170.5	31
7171.5	35
7172.5	35
7173.5	34
7174.5	35
7175.5	34
7176.5	35
7177.5	33
7178.5	35
7179.5	32
7180.5	34
7181.5	34
7182.5	35
7183.5	32
7184.5	35
7185.5	33
7186.5	34
7187.5	34
7188.5	34
7189.5	34
7190.5	35
7191.5	36
7192.5	35
7193.5	35
7194.5	33
7195.5	35
7196.5	35
7197.5	32
7198.5	32
7199.5	33
7200.5	36
7201.5	35
7202.5	32
7203.5	35
7204.5	35
7205.5	33
7206.5	33
7207.5	32
7208.5	34
7209.5	36
7210.5	34
7211.5	32
7212.5	36
7213.5	35
7214.5	31
7215.5	35
7216.5	35
7217.5	34
7218.5	34
7219.5	36
7220.5	35
7221.5	34
7222.5	36
7223.5	34
7224.5	32
7225.5	34
7226.5	32
7227.5	36
7228.5	33
7229.5	32
7230.5	34
7231.5	34
7232.5	34
7233.5	36
7234.5	33
7235.5	33
7236.5	34
7237.5	35
7238.5	35
7239.5	35
7240.5	33
7241.5	32
7242.5	29
7243.5	37
7244.5	35
7245.5	32
7246.5	33
7247.5	32
7248.5	32
7249.5	38
7250.5	31
7251.5	35
7252.5	33
7253.5	33
7254.5	33
7255.5	32
7256.5	31
7257.5	36
7258.5	35
7259.5	34
7260.5	34
7261.5	36
7262.5	32
7263.5	33
7264.5	35
7265.5	35
7266.5	35
7267.5	34
7268.5	32
7269.5	34
7270.5	33
7271.5	36
7272.5	36
7273.5	35
7274.5	34
7275.5	34
7276.5	32
7277.5	34
7278.5	33
7279.5	36
7280.5	34
7281.5	33
7282.5	34
7283.5	33
7284.5	31
7285.5	34
7286.5	37
7287.5	32
7288.5	33
7289.5	35
7290.5	33
7291.5	36
7292.5	33
7293.5	36
7294.5	33
7295.5	36
7296.5	34
7297.5	33
7298.5	35
7299.5	32
7300.5	34
7301.5	34
7302.5	34
7303.5	35
7304.5	30
7305.5	33
7306.5	33
7307.5	35
7308.5	32
7309.5	35
7310.5	37
7311.5	32
7312.5	34
7313.5	36
7314.5	33
7315.5	36
7316.5	33
7317.5	34
7318.5	34
7319.5	32
7320.5	31
7321.5	35
7322.5	33
7323.5	34
7324.5	33
7325.5	33
7326.5	33
7327.5	34
7328.5	35
7329.5	36
7330.5	33
7331.5	33
7332.5	33
7333.5	32
7334.5	35
7335.5	36
7336.5	35
7337.5	35
7338.5	32
7339.5	35
7340.5	32
7341.5	35
7342.5	35
7343.5	35
7344.5	33
7345.5	32
7346.5	34
7347.5	35
7348.5	34
7349.5	32
7350.5	37
7351.5	34
7352.5	34
7353.5	32
7354.5	33
7355.5	33
7356.5	33
7357.5	32
7358.5	33
7359.5	35
7360.5	32
7361.5	36
7362.5	33
7363.5	33
7364.5	35
7365.5	32
7366.5	35
7367.5	34
7368.5	37
7369.5	34
7370.5	33
7371.5	34
7372.5	32
7373.5	34
7374.5	33
7375.5	35
7376.5	31
7377.5	33
7378.5	32
7379.5	36
7380.5	32
7381.5	32
7382.5	33
7383.5	34
7384.5	34
7385.5	34
7386.5	32
7387.5	34
7388.5	34
7389.5	32
7390.5	33
7391.5	34
7392.5	33
7393.5	33
7394.5	33
7395.5	33
7396.5	35
7397.5	35
7398.5	34
7399.5	35
7400.5	34
7401.5	34
7402.5	33
7403.5	33
7404.5	34
7405.5	35
7406.5	32
7407.5	34
7408.5	35
7409.5	32
7410.5	34
7411.5	34
7412.5	35
7413.5	36
7414.5	33
7415.5	32
7416.5	34
7417.5	35
7418.5	39
7419.5	32
7420.5	33
7421.5	35
7422.5	34
7423.5	35
7424.5	33
7425.5	35
7426.5	33
7427.5	35
7428.5	36
7429.5	32
7430.5	36
7431.5	32
7432.5	37
7433.5	34
7434.5	35
7435.5	32
7436.5	31
7437.5	32
7438.5	35
7439.5	36
7440.5	34
7441.5	35
7442.5	34
7443.5	34
7444.5	33
7445.5	35
7446.5	34
7447.5	34
7448.5	33
7449.5	34
7450.5	33
7451.5	35
7452.5	34
7453.5	34
7454.5	34
7455.5	33
7456.5	33
7457.5	37
7458.5	33
7459.5	30
7460.5	35
7461.5	34
7462.5	35
7463.5	32
7464.5	33
7465.5	35
7466.5	33
7467.5	36
7468.5	33
7469.5	32
7470.5	35
7471.5	35
7472.5	36
7473.5	33
7474.5	33
7475.5	33
7476.5	32
7477.5	33
7478.5	33
7479.5	34
7480.5	34
7481.5	34
7482.5	34
7483.5	34
7484.5	36
7485.5	35
7486.5	35
7487.5	34
7488.5	37
7489.5	33
7490.5	33
7491.5	33
7492.5	35
7493.5	34
7494.5	36
7495.5	34
7496.5	32
7497.5	33
7498.5	32
7499.5	34
7500.5	34
7501.5	33
7502.5	30
7503.5	38
7504.5	35
7505.5	34
7506.5	35
7507.5	35
7508.5	34
7509.5	37
7510.5	35
7511.5	34
7512.5	33
7513.5	31
7514.5	34
7515.5	34
7516.5	30
7517.5	32
7518.5	35
7519.5	32
7520.5	30
7521.5	36
7522.5	34
7523.5	32
7524.5	35
7525.5	34
7526.5	35
7527.5	34
7528.5	36
7529.5	33
7530.5	36
7531.5	34
7532.5	32
7533.5	36
7534.5	34
7535.5	34
7536.5	35
7537.5	34
7538.5	33
7539.5	35
7540.5	32
7541.5	35
7542.5	33
7543.5	35
7544.5	33
7545.5	34
7546.5	35
7547.5	35
7548.5	34
7549.5	34
7550.5	35
7551.5	34
7552.5	33
7553.5	37
7554.5	35
7555.5	35
7556.5	33
7557.5	33
7558.5	35
7559.5	33
7560.5	37
7561.5	33
7562.5	37
7563.5	35
7564.5	33
7565.5	32
7566.5	36
7567.5	35
7568.5	33
7569.5	37
7570.5	35
7571.5	35
7572.5	32
7573.5	32
7574.5	34
7575.5	35
7576.5	34
7577.5	33
7578.5	32
7579.5	36
7580.5	34
7581.5	35
7582.5	33
7583.5	33
7584.5	33
7585.5	35
7586.5	33
7587.5	32
7588.5	34
7589.5	33
7590.5	33
7591.5	38
7592.5	34
7593.5	33
7594.5	34
7595.5	35
7596.5	39
7597.5	34
7598.5	35
7599.5	37
7600.5	35
7601.5	34
7602.5	36
7603.5	33
7604.5	34
7605.5	36
7606.5	37
7607.5	31
7608.5	34
7609.5	33
7610.5	33
7611.5	32
7612.5	34
7613.5	33
7614.5	35
7615.5	37
7616.5	32
7617.5	34
7618.5	35
7619.5	33
7620.5	32
7621.5	33
7622.5	34
7623.5	33
7624.5	34
7625.5	34
7626.5	35
7627.5	35
7628.5	33
7629.5	33
7630.5	35
7631.5	32
7632.5	35
7633.5	37
7634.5	36
7635.5	35
7636.5	33
7637.5	35
7638.5	33
7639.5	32
7640.5	34
7641.5	34
7642.5	35
7643.5	35
7644.5	35
7645.5	33
7646.5	33
7647.5	34
7648.5	33
7649.5	34
7650.5	35
7651.5	32
7652.5	34
7653.5	33
7654.5	32
7655.5	32
7656.5	34
7657.5	34
7658.5	33
7659.5	33
7660.5	32
7661.5	32
7662.5	33
7663.5	34
7664.5	33
7665.5	33
7666.5	31
7667.5	36
7668.5	37
7669.5	34
7670.5	38
7671.5	34
7672.5	33
7673.5	35
7674.5	35
7675.5	35
7676.5	36
7677.5	35
7678.5	34
7679.5	33
7680.5	35
7681.5	32
7682.5	34
7683.5	35
7684.5	34
7685.5	32
7686.5	36
7687.5	33
7688.5	34
7689.5	34
7690.5	35
7691.5	34
7692.5	33
7693.5	32
7694.5	35
7695.5	36
7696.5	35
7697.5	34
7698.5	30
7699.5	35
7700.5	33
7701.5	34
7702.5	34
7703.5	34
7704.5	34
7705.5	33
7706.5	33
7707.5	35
7708.5	35
7709.5	34
7710.5	34
7711.5	34
7712.5	32
7713.5	33
7714.5	35
7715.5	33
7716.5	33
7717.5	32
7718.5	32
7719.5	33
7720.5	36
7721.5	33
7722.5	35
7723.5	34
7724.5	32
7725.5	35
7726.5	32
7727.5	36
7728.5	34
7729.5	33
7730.5	33
7731.5	35
7732.5	33
7733.5	33
7734.5	33
7735.5	33
7736.5	32
7737.5	31
7738.5	33
7739.5	33
7740.5	32
7741.5	34
7742.5	34
7743.5	34
7744.5	35
7745.5	34
7746.5	35
7747.5	33
7748.5	36
7749.5	35
7750.5	34
7751.5	32
7752.5	32
7753.5	34
7754.5	34
7755.5	33
7756.5	35
7757.5	30
7758.5	33
7759.5	33
7760.5	34
7761.5	37
7762.5	34
7763.5	32
7764.5	32
7765.5	32
7766.5	34
7767.5	34
7768.5	33
7769.5	31
7770.5	32
7771.5	34
7772.5	33
7773.5	37
7774.5	33
7775.5	32
7776.5	31
7777.5	35
7778.5	37
7779.5	33
7780.5	36
7781.5	34
7782.5	34
7783.5	34
7784.5	34
7785.5	32
7786.5	34
7787.5	35
7788.5	35
7789.5	35
7790.5	33
7791.5	32
7792.5	36
7793.5	35
7794.5	30
7795.5	34
7796.5	34
7797.5	29
7798.5	33
7799.5	34
7800.5	30
7801.5	35
7802.5	33
7803.5	32
7804.5	34
7805.5	36
7806.5	35
7807.5	33
7808.5	35
7809.5	34
7810.5	34
7811.5	34
7812.5	33
7813.5	35
7814.5	35
7815.5	33
7816.5	33
7817.5	35
7818.5	33
7819.5	35
7820.5	34
7821.5	32
7822.5	32
7823.5	35
7824.5	34
7825.5	35
7826.5	33
7827.5	32
7828.5	34
7829.5	32
7830.5	32
7831.5	32
7832.5	33
7833.5	33
7834.5	35
7835.5	36
7836.5	36
7837.5	33
7838.5	36
7839.5	35
7840.5	32
7841.5	36
7842.5	35
7843.5	36
7844.5	30
7845.5	34
7846.5	32
7847.5	37
7848.5	33
7849.5	35
7850.5	35
7851.5	35
7852.5	33
7853.5	33
7854.5	34
7855.5	35
7856.5	33
7857.5	32
7858.5	34
7859.5	36
7860.5	32
7861.5	36
7862.5	31
7863.5	33
7864.5	31
7865.5	32
7866.5	34
7867.5	33
7868.5	35
7869.5	33
7870.5	35
7871.5	32
7872.5	34
7873.5	33
7874.5	32
7875.5	33
7876.5	34
7877.5	34
7878.5	33
7879.5	32
7880.5	35
7881.5	33
7882.5	35
7883.5	33
7884.5	32
7885.5	34
7886.5	35
7887.5	32
7888.5	35
7889.5	35
7890.5	34
7891.5	38
7892.5	34
7893.5	36
7894.5	35
7895.5	36
7896.5	32
7897.5	33
7898.5	32
7899.5	35
7900.5	35
7901.5	32
7902.5	35
7903.5	33
7904.5	35
7905.5	32
7906.5	36
7907.5	34
7908.5	32
7909.5	34
7910.5	35
7911.5	32
7912.5	36
7913.5	34
7914.5	30
7915.5	33
7916.5	34
7917.5	34
7918.5	35
7919.5	35
7920.5	34
7921.5	33
7922.5	35
7923.5	33
7924.5	33