0.5	34
1.5	35
2.5	33
3.5	38
4.5	30
5.5	37
6.5	35
7.5	37
8.5	35
9.5	36
10.5	35
11.5	38
12.5	38
13.5	37
14.5	37
15.5	33
16.5	37
17.5	33
18.5	40
19.5	38
20.5	36
21.5	38
22.5	32
23.5	36
24.5	33
25.5	34
26.5	35
27.5	38
28.5	34
29.5	35
30.5	33
31.5	35
32.5	35
33.5	40
34.5	35
35.5	35
36.5	38
37.5	36
38.5	37
39.5	35
40.5	36
41.5	34
42.5	35
43.5	37
44.5	35
45.5	36
46.5	35
47.5	33
48.5	34
49.5	34
50.5	35
51.5	34
52.5	35
53.5	34
54.5	37
55.5	32
56.5	36
57.5	36
58.5	36
59.5	34
60.5	37
61.5	36
62.5	39
63.5	36
64.5	36
65.5	36
66.5	37
67.5	33
68.5	33
69.5	36
70.5	36
71.5	35
72.5	34
73.5	37
74.5	35
75.5	37
76.5	37
77.5	27
78.5	34
79.5	35
80.5	33
81.5	33
82.5	37
83.5	35
84.5	34
85.5	36
86.5	33
87.5	34
88.5	34
89.5	39
90.5	37
91.5	38
92.5	35
93.5	33
94.5	37
95.5	34
96.5	35
97.5	37
98.5	39
99.5	36
100.5	35
101.5	33
102.5	34
103.5	35
104.5	36
105.5	38
106.5	32
107.5	37
108.5	35
109.5	36
110.5	35
111.5	38
112.5	34
113.5	35
114.5	35
115.5	37
116.5	36
117.5	36
118.5	34
119.5	36
120.5	34
121.5	38
122.5	36
123.5	37
124.5	35
125.5	37
126.5	34
127.5	37
128.5	36
129.5	36
130.5	35
131.5	37
132.5	32
133.5	34
134.5	36
135.5	33
136.5	34
137.5	36
138.5	33
139.5	36
140.5	32
141.5	33
142.5	35
143.5	40
144.5	36
145.5	36
146.5	35
147.5	31
148.5	34
149.5	34
150.5	36
151.5	32
152.5	36
153.5	37
154.5	35
155.5	35
156.5	34
157.5	36
158.5	35
159.5	35
160.5	35
161.5	33
162.5	35
163.5	34
164.5	33
165.5	34
166.5	37
167.5	36
168.5	35
169.5	34
170.5	33
171.5	34
172.5	37
173.5	34
174.5	32
175.5	38
176.5	35
177.5	34
178.5	35
179.5	33
180.5	35
181.5	35
182.5	35
183.5	35
184.5	36
185.5	37
186.5	38
187.5	37
188.5	35
189.5	33
190.5	34
191.5	33
192.5	36
193.5	34
194.5	37
195.5	33
196.5	35
197.5	37
198.5	35
199.5	29
200.5	36
201.5	36
202.5	32
203.5	38
204.5	35
205.5	34
206.5	36
207.5	36
208.5	33
209.5	35
210.5	36
211.5	39
212.5	31
213.5	37
214.5	37
215.5	37
216.5	38
217.5	34
218.5	35
219.5	34
220.5	33
221.5	32
222.5	33
223.5	37
224.5	32
225.5	34
226.5	32
227.5	38
228.5	37
229.5	34
230.5	35
231.5	33
232.5	35
233.5	34
234.5	33
235.5	36
236.5	35
237.5	35
238.5	36
239.5	37
240.5	35
241.5	38
242.5	35
243.5	35
244.5	37
245.5	37
246.5	35
247.5	32
248.5	36
249.5	36
250.5	34
251.5	37
252.5	33
253.5	37
254.5	32
255.5	37
256.5	34
257.5	35
258.5	35
259.5	34
260.5	35
261.5	35
262.5	34
263.5	33
264.5	34
265.5	36
266.5	34
267.5	33
268.5	34
269.5	32
270.5	36
271.5	34
272.5	39
273.5	34
274.5	37
275.5	33
276.5	34
277.5	35
278.5	36
279.5	35
280.5	36
281.5	36
282.5	36
283.5	33
284.5	34
285.5	34
286.5	36
287.5	37
288.5	36
289.5	37
290.5	34
291.5	37
292.5	34
293.5	34
294.5	35
295.5	35
296.5	34
297.5	35
298.5	34
299.5	33
300.5	33
301.5	37
302.5	34
303.5	34
304.5	34
305.5	32
306.5	38
307.5	34
308.5	34
309.5	35
310.5	35
311.5	38
312.5	34
313.5	36
314.5	36
315.5	35
316.5	32
317.5	38
318.5	35
319.5	35
320.5	34
321.5	37
322.5	34
323.5	38
324.5	33
325.5	32
326.5	33
327.5	34
328.5	37
329.5	38
330.5	36
331.5	33
332.5	35
333.5	32
334.5	36
335.5	33
336.5	36
337.5	34
338.5	37
339.5	35
340.5	34
341.5	34
342.5	33
343.5	35
344.5	34
345.5	35
346.5	32
347.5	37
348.5	34
349.5	35
350.5	33
351.5	39
352.5	37
353.5	35
354.5	33
355.5	35
356.5	36
357.5	36
358.5	33
359.5	33
360.5	34
361.5	34
362.5	35
363.5	36
364.5	32
365.5	38
366.5	32
367.5	34
368.5	36
369.5	36
370.5	33
371.5	35
372.5	33
373.5	33
374.5	34
375.5	33
376.5	33
377.5	35
378.5	34
379.5	36
380.5	34
381.5	33
382.5	35
383.5	36
384.5	34
385.5	32
386.5	33
387.5	36
388.5	33
389.5	36
390.5	33
391.5	35
392.5	32
393.5	36
394.5	37
395.5	32
396.5	33
397.5	35
398.5	36
399.5	35
400.5	34
401.5	35
402.5	33
403.5	32
404.5	33
405.5	36
406.5	40
407.5	35
408.5	34
409.5	34
410.5	34
411.5	38
412.5	37
413.5	35
414.5	35
415.5	32
416.5	37
417.5	38
418.5	36
419.5	34
420.5	34
421.5	34
422.5	37
423.5	34
424.5	40
425.5	35
426.5	39
427.5	30
428.5	36
429.5	34
430.5	33
431.5	33
432.5	40
433.5	35
434.5	32
435.5	35
436.5	33
437.5	35
438.5	35
439.5	37
440.5	33
441.5	34
442.5	32
443.5	34
444.5	34
445.5	33
446.5	34
447.5	36
448.5	33
449.5	34
450.5	34
451.5	36
452.5	34
453.5	36
454.5	34
455.5	35
456.5	32
457.5	34
458.5	34
459.5	33
460.5	34
461.5	34
462.5	32
463.5	34
464.5	34
465.5	36
466.5	35
467.5	41
468.5	33
469.5	32
470.5	34
471.5	33
472.5	30
473.5	32
474.5	37
475.5	35
476.5	39
477.5	36
478.5	35
479.5	35
480.5	33
481.5	34
482.5	32
483.5	34
484.5	34
485.5	33
486.5	35
487.5	35
488.5	34
489.5	36
490.5	37
491.5	34
492.5	35
493.5	34
494.5	32
495.5	35
496.5	34
497.5	37
498.5	34
499.5	33
500.5	36
501.5	35
502.5	35
503.5	35
504.5	34
505.5	36
506.5	36
507.5	36
508.5	35
509.5	32
510.5	33
511.5	35
512.5	32
513.5	35
514.5	35
515.5	36
516.5	33
517.5	33
518.5	34
519.5	34
520.5	37
521.5	35
522.5	34
523.5	36
524.5	32
525.5	35
526.5	34
527.5	33
528.5	36
529.5	35
530.5	35
531.5	35
532.5	35
533.5	35
534.5	33
535.5	35
536.5	34
537.5	30
538.5	37
539.5	34
540.5	35
541.5	35
542.5	35
543.5	34
544.5	34
545.5	35
546.5	35
547.5	37
548.5	36
549.5	34
550.5	34
551.5	33
552.5	35
553.5	37
554.5	35
555.5	32
556.5	35
557.5	32
558.5	33
559.5	37
560.5	34
561.5	35
562.5	30
563.5	35
564.5	33
565.5	35
566.5	34
567.5	37
568.5	35
569.5	33
570.5	35
571.5	34
572.5	35
573.5	34
574.5	35
575.5	36
576.5	35
577.5	34
578.5	36
579.5	40
580.5	33
581.5	34
582.5	33
583.5	33
584.5	34
585.5	36
586.5	35
587.5	33
588.5	36
589.5	32
590.5	33
591.5	36
592.5	35
593.5	33
594.5	33
595.5	38
596.5	32
597.5	35
598.5	32
599.5	34
600.5	32
601.5	34
602.5	34
603.5	34
604.5	31
605.5	35
606.5	35
607.5	34
608.5	36
609.5	34
610.5	33
611.5	34
612.5	37
613.5	35
614.5	35
615.5	36
616.5	33
617.5	35
618.5	35
619.5	34
620.5	34
621.5	36
622.5	32
623.5	34
624.5	36
625.5	34
626.5	34
627.5	37
628.5	36
629.5	35
630.5	36
631.5	34
632.5	33
633.5	36
634.5	33
635.5	34
636.5	32
637.5	33
638.5	34
639.5	33
640.5	33
641.5	33
642.5	35
643.5	30
644.5	33
645.5	36
646.5	36
647.5	37
648.5	29
649.5	32
650.5	34
651.5	33
652.5	36
653.5	34
654.5	35
655.5	35
656.5	32
657.5	36
658.5	34
659.5	33
660.5	35
661.5	33
662.5	37
663.5	37
664.5	33
665.5	35
666.5	37
667.5	34
668.5	32
669.5	33
670.5	34
671.5	35
672.5	34
673.5	38
674.5	34
675.5	35
676.5	35
677.5	31
678.5	32
679.5	34
680.5	36
681.5	34
682.5	35
683.5	33
684.5	33
685.5	32
686.5	35
687.5	35
688.5	35
689.5	34
690.5	31
691.5	36
692.5	35
693.5	35
694.5	33
695.5	34
696.5	36
697.5	34
698.5	35
699.5	35
700.5	33
701.5	33
702.5	34
703.5	35
704.5	33
705.5	33
706.5	36
707.5	34
708.5	35
709.5	32
710.5	34
711.5	33
712.5	34
713.5	35
714.5	36
715.5	36
716.5	34
717.5	34
718.5	33
719.5	35
720.5	36
721.5	36
722.5	33
723.5	33
724.5	30
725.5	33
726.5	33
727.5	32
728.5	33
729.5	32
730.5	34
731.5	33
732.5	35
733.5	37
734.5	33
735.5	32
736.5	34
737.5	36
738.5	32
739.5	35
740.5	32
741.5	35
742.5	33
743.5	32
744.5	35
745.5	34
746.5	32
747.5	34
748.5	37
749.5	32
750.5	36
751.5	34
752.5	34
753.5	36
754.5	33
755.5	33
756.5	46
757.5	33
758.5	34
759.5	33
760.5	34
761.5	30
762.5	34
763.5	34
764.5	36
765.5	34
766.5	33
767.5	36
768.5	32
769.5	35
770.5	32
771.5	35
772.5	31
773.5	32
774.5	31
775.5	36
776.5	35
777.5	32
778.5	34
779.5	33
780.5	36
781.5	36
782.5	34
783.5	36
784.5	33
785.5	34
786.5	34
787.5	33
788.5	32
789.5	32
790.5	34
791.5	38
792.5	35
793.5	33
794.5	35
795.5	34
796.5	35
797.5	33
798.5	34
799.5	33
800.5	35
801.5	33
802.5	33
803.5	33
804.5	34
805.5	38
806.5	33
807.5	36
808.5	33
809.5	34
810.5	34
811.5	38
812.5	34
813.5	33
814.5	34
815.5	32
816.5	34
817.5	34
818.5	36
819.5	33
820.5	36
821.5	35
822.5	32
823.5	35
824.5	35
825.5	35
826.5	35
827.5	33
828.5	34
829.5	32
830.5	34
831.5	35
832.5	33
833.5	33
834.5	33
835.5	31
836.5	35
837.5	33
838.5	33
839.5	33
840.5	36
841.5	32
842.5	34
843.5	33
844.5	35
845.5	35
846.5	35
847.5	34
848.5	33
849.5	34
850.5	32
851.5	34
852.5	32
853.5	33
854.5	36
855.5	33
856.5	38
857.5	33
858.5	32
859.5	35
860.5	36
861.5	33
862.5	34
863.5	34
864.5	34
865.5	33
866.5	36
867.5	34
868.5	33
869.5	34
870.5	35
871.5	32
872.5	34
873.5	32
874.5	33
875.5	36
876.5	33
877.5	34
878.5	31
879.5	33
880.5	35
881.5	34
882.5	35
883.5	36
884.5	34
885.5	33
886.5	32
887.5	34
888.5	31
889.5	35
890.5	35
891.5	35
892.5	35
893.5	33
894.5	32
895.5	33
896.5	33
897.5	35
898.5	35
899.5	34
900.5	34
901.5	35
902.5	35
903.5	34
904.5	33
905.5	33
906.5	34
907.5	34
908.5	35
909.5	35
910.5	36
911.5	34
912.5	38
913.5	37
914.5	32
915.5	35
916.5	35
917.5	33
918.5	34
919.5	34
920.5	34
921.5	34
922.5	35
923.5	36
924.5	33
925.5	36
926.5	33
927.5	36
928.5	36
929.5	35
930.5	34
931.5	33
932.5	34
933.5	33
934.5	34
935.5	34
936.5	36
937.5	36
938.5	33
939.5	35
940.5	36
941.5	36
942.5	32
943.5	34
944.5	36
945.5	37
946.5	34
947.5	34
948.5	35
949.5	36
950.5	34
951.5	33
952.5	33
953.5	36
954.5	32
955.5	38
956.5	35
957.5	35
958.5	37
959.5	35
960.5	34
961.5	35
962.5	36
963.5	35
964.5	34
965.5	33
966.5	33
967.5	35
968.5	35
969.5	33
970.5	35
971.5	33
972.5	36
973.5	34
974.5	36
975.5	34
976.5	34
977.5	34
978.5	34
979.5	33
980.5	35
981.5	35
982.5	36
983.5	35
984.5	33
985.5	33
986.5	33
987.5	33
988.5	35
989.5	35
990.5	33
991.5	35
992.5	33
993.5	33
994.5	33
995.5	37
996.5	35
997.5	34
998.5	33
999.5	37
1000.5	33
1001.5	34
1002.5	33
1003.5	35
1004.5	38
1005.5	35
1006.5	34
1007.5	32
1008.5	33
1009.5	36
1010.5	35
1011.5	35
1012.5	36
1013.5	36
1014.5	35
1015.5	36
1016.5	37
1017.5	33
1018.5	35
1019.5	35
1020.5	35
1021.5	36
1022.5	33
1023.5	34
1024.5	33
1025.5	35
1026.5	32
1027.5	37
1028.5	34
1029.5	32
1030.5	38
1031.5	34
1032.5	36
1033.5	33
1034.5	32
1035.5	36
1036.5	32
1037.5	36
1038.5	33
1039.5	33
1040.5	33
1041.5	37
1042.5	36
1043.5	31
1044.5	34
1045.5	34
1046.5	32
1047.5	34
1048.5	33
1049.5	35
1050.5	35
1051.5	35
1052.5	38
1053.5	32
1054.5	33
1055.5	32
1056.5	34
1057.5	34
1058.5	34
1059.5	34
1060.5	38
1061.5	36
1062.5	35
1063.5	35
1064.5	32
1065.5	36
1066.5	33
1067.5	35
1068.5	33
1069.5	34
1070.5	33
1071.5	35
1072.5	36
1073.5	35
1074.5	34
1075.5	32
1076.5	35
1077.5	39
1078.5	34
1079.5	35
1080.5	31
1081.5	33
1082.5	32
1083.5	37
1084.5	34
1085.5	34
1086.5	35
1087.5	34
1088.5	34
1089.5	35
1090.5	35
1091.5	35
1092.5	34
1093.5	36
1094.5	33
1095.5	38
1096.5	35
1097.5	34
1098.5	33
1099.5	35
1100.5	34
1101.5	34
1102.5	34
1103.5	34
1104.5	35
1105.5	30
1106.5	38
1107.5	34
1108.5	32
1109.5	32
1110.5	36
1111.5	36
1112.5	35
1113.5	36
1114.5	33
1115.5	35
1116.5	38
1117.5	32
1118.5	33
1119.5	25
1120.5	33
1121.5	34
1122.5	36
1123.5	35
1124.5	35
1125.5	35
1126.5	34
1127.5	35
1128.5	37
1129.5	34
1130.5	34
1131.5	34
1132.5	34
1133.5	35
1134.5	36
1135.5	34
1136.5	34
1137.5	34
1138.5	33
1139.5	36
1140.5	33
1141.5	37
1142.5	36
1143.5	34
1144.5	37
1145.5	33
1146.5	32
1147.5	34
1148.5	32
1149.5	37
1150.5	34
1151.5	31
1152.5	35
1153.5	35
1154.5	38
1155.5	34
1156.5	33
1157.5	34
1158.5	34
1159.5	32
1160.5	35
1161.5	38
1162.5	36
1163.5	35
1164.5	33
1165.5	33
1166.5	33
1167.5	37
1168.5	35
1169.5	34
1170.5	35
1171.5	36
1172.5	34
1173.5	34
1174.5	34
1175.5	34
1176.5	32
1177.5	36
1178.5	36
1179.5	36
1180.5	33
1181.5	34
1182.5	33
1183.5	32
1184.5	34
1185.5	34
1186.5	32
1187.5	32
1188.5	34
1189.5	35
1190.5	33
1191.5	35
1192.5	34
1193.5	34
1194.5	32
1195.5	35
1196.5	34
1197.5	36
1198.5	34
1199.5	34
1200.5	33
1201.5	33
1202.5	33
1203.5	36
1204.5	35
1205.5	35
1206.5	33
1207.5	33
1208.5	37
1209.5	33
1210.5	34
1211.5	35
1212.5	33
1213.5	34
1214.5	34
1215.5	34
1216.5	37
1217.5	34
1218.5	34
1219.5	34
1220.5	35
1221.5	32
1222.5	32
1223.5	34
1224.5	34
1225.5	34
1226.5	35
1227.5	35
1228.5	33
1229.5	36
1230.5	33
1231.5	35
1232.5	32
1233.5	35
1234.5	34
1235.5	34
1236.5	33
1237.5	37
1238.5	33
1239.5	38
1240.5	32
1241.5	35
1242.5	35
1243.5	34
1244.5	34
1245.5	34
1246.5	33
1247.5	33
1248.5	35
1249.5	34
1250.5	36
1251.5	32
1252.5	34
1253.5	33
1254.5	33
1255.5	34
1256.5	36
1257.5	33
1258.5	32
1259.5	35
1260.5	33
1261.5	34
1262.5	35
1263.5	34
1264.5	36
1265.5	33
1266.5	32
1267.5	36
1268.5	36
1269.5	33
1270.5	38
1271.5	36
1272.5	34
1273.5	35
1274.5	35
1275.5	35
1276.5	33
1277.5	34
1278.5	36
1279.5	34
1280.5	33
1281.5	35
1282.5	31
1283.5	37
1284.5	33
1285.5	33
1286.5	32
1287.5	33
1288.5	39
1289.5	32
1290.5	35
1291.5	35
1292.5	35
1293.5	34
1294.5	32
1295.5	32
1296.5	36
1297.5	34
1298.5	32
1299.5	33
1300.5	36
1301.5	34
1302.5	34
1303.5	35
1304.5	33
1305.5	37
1306.5	36
1307.5	33
1308.5	34
1309.5	34
1310.5	34
1311.5	34
1312.5	33
1313.5	33
1314.5	31
1315.5	32
1316.5	36
1317.5	32
1318.5	35
1319.5	33
1320.5	34
1321.5	34
1322.5	33
1323.5	35
1324.5	36
1325.5	35
1326.5	35
1327.5	32
1328.5	34
1329.5	33
1330.5	33
1331.5	32
1332.5	34
1333.5	35
1334.5	35
1335.5	34
1336.5	34
1337.5	35
1338.5	33
1339.5	33
1340.5	36
1341.5	33
1342.5	30
1343.5	33
1344.5	35
1345.5	31
1346.5	34
1347.5	34
1348.5	33
1349.5	33
1350.5	34
1351.5	37
1352.5	34
1353.5	32
1354.5	35
1355.5	34
1356.5	32
1357.5	34
1358.5	31
1359.5	35
1360.5	36
1361.5	35
1362.5	34
1363.5	32
1364.5	35
1365.5	35
1366.5	34
1367.5	35
1368.5	34
1369.5	35
1370.5	34
1371.5	32
1372.5	34
1373.5	33
1374.5	35
1375.5	35
1376.5	34
1377.5	33
1378.5	33
1379.5	35
1380.5	33
1381.5	37
1382.5	35
1383.5	33
1384.5	36
1385.5	30
1386.5	35
1387.5	37
1388.5	32
1389.5	36
1390.5	33
1391.5	36
1392.5	34
1393.5	35
1394.5	34
1395.5	34
1396.5	33
1397.5	34
1398.5	34
1399.5	32
1400.5	34
1401.5	33
1402.5	34
1403.5	33
1404.5	35
1405.5	36
1406.5	34
1407.5	37
1408.5	35
1409.5	37
1410.5	35
1411.5	34
1412.5	35
1413.5	32
1414.5	32
1415.5	33
1416.5	34
1417.5	36
1418.5	33
1419.5	33
1420.5	36
1421.5	35
1422.5	36
1423.5	31
1424.5	34
1425.5	33
1426.5	34
1427.5	35
1428.5	35
1429.5	33
1430.5	35
1431.5	32
1432.5	32
1433.5	35
1434.5	37
1435.5	36
1436.5	34
1437.5	35
1438.5	33
1439.5	35
1440.5	34
1441.5	35
1442.5	35
1443.5	36
1444.5	33
1445.5	36
1446.5	36
1447.5	36
1448.5	32
1449.5	33
1450.5	33
1451.5	34
1452.5	34
1453.5	37
1454.5	36
1455.5	35
1456.5	32
1457.5	34
1458.5	35
1459.5	34
1460.5	30
1461.5	30
1462.5	34
1463.5	32
1464.5	33
1465.5	37
1466.5	34
1467.5	35
1468.5	34
1469.5	34
1470.5	35
1471.5	35
1472.5	35
1473.5	32
1474.5	32
1475.5	32
1476.5	33
1477.5	34
1478.5	32
1479.5	34
1480.5	35
1481.5	32
1482.5	36
1483.5	33
1484.5	33
1485.5	35
1486.5	37
1487.5	33
1488.5	33
1489.5	34
1490.5	32
1491.5	35
1492.5	33
1493.5	35
1494.5	33
1495.5	37
1496.5	34
1497.5	33
1498.5	33
1499.5	35
1500.5	33
1501.5	32
1502.5	33
1503.5	34
1504.5	34
1505.5	33
1506.5	37
1507.5	34
1508.5	35
1509.5	33
1510.5	34
1511.5	33
1512.5	32
1513.5	36
1514.5	33
1515.5	36
1516.5	34
1517.5	37
1518.5	34
1519.5	33
1520.5	33
1521.5	32
1522.5	34
1523.5	35
1524.5	36
1525.5	39
1526.5	32
1527.5	36
1528.5	34
1529.5	33
1530.5	32
1531.5	34
1532.5	38
1533.5	32
1534.5	34
1535.5	34
1536.5	30
1537.5	34
1538.5	34
1539.5	33
1540.5	35
1541.5	32
1542.5	34
1543.5	32
1544.5	33
1545.5	34
1546.5	35
1547.5	33
1548.5	34
1549.5	33
1550.5	34
1551.5	35
1552.5	33
1553.5	33
1554.5	33
1555.5	34
1556.5	35
1557.5	35
1558.5	36
1559.5	33
1560.5	32
1561.5	34
1562.5	35
1563.5	33
1564.5	32
1565.5	35
1566.5	35
1567.5	32
1568.5	34
1569.5	34
1570.5	33
1571.5	34
1572.5	33
1573.5	34
1574.5	33
1575.5	32
1576.5	32
1577.5	31
1578.5	35
1579.5	35
1580.5	30
1581.5	35
1582.5	31
1583.5	34
1584.5	33
1585.5	34
1586.5	34
1587.5	36
1588.5	32
1589.5	35
1590.5	36
1591.5	33
1592.5	35
1593.5	34
1594.5	34
1595.5	33
1596.5	35
1597.5	34
1598.5	33
1599.5	33
1600.5	32
1601.5	32
1602.5	30
1603.5	36
1604.5	33
1605.5	39
1606.5	35
1607.5	34
1608.5	33
1609.5	29
1610.5	32
1611.5	36
1612.5	33
1613.5	33
1614.5	35
1615.5	33
1616.5	33
1617.5	35
1618.5	34
1619.5	33
1620.5	32
1621.5	34
1622.5	33
1623.5	32
1624.5	32
1625.5	35
1626.5	33
1627.5	36
1628.5	32
1629.5	32
1630.5	33
1631.5	35
1632.5	34
1633.5	34
1634.5	32
1635.5	36
1636.5	35
1637.5	33
1638.5	35
1639.5	33
1640.5	32
1641.5	34
1642.5	34
1643.5	35
1644.5	34
1645.5	33
1646.5	30
1647.5	33
1648.5	37
1649.5	36
1650.5	31
1651.5	32
1652.5	35
1653.5	34
1654.5	34
1655.5	33
1656.5	34
1657.5	33
1658.5	29
1659.5	33
1660.5	33
1661.5	32
1662.5	33
1663.5	34
1664.5	30
1665.5	32
1666.5	34
1667.5	35
1668.5	36
1669.5	35
1670.5	33
1671.5	30
1672.5	34
1673.5	35
1674.5	34
1675.5	35
1676.5	32
1677.5	35
1678.5	32
1679.5	36
1680.5	34
1681.5	32
1682.5	32
1683.5	35
1684.5	32
1685.5	35
1686.5	33
1687.5	33
1688.5	34
1689.5	35
1690.5	33
1691.5	32
1692.5	32
1693.5	29
1694.5	35
1695.5	35
1696.5	33
1697.5	35
1698.5	38
1699.5	33
1700.5	33
1701.5	36
1702.5	33
1703.5	35
1704.5	33
1705.5	32
1706.5	32
1707.5	32
1708.5	32
1709.5	35
1710.5	32
1711.5	35
1712.5	32
1713.5	35
1714.5	34
1715.5	33
1716.5	36
1717.5	32
1718.5	32
1719.5	35
1720.5	35
1721.5	35
1722.5	34
1723.5	34
1724.5	34
1725.5	35
1726.5	34
1727.5	36
1728.5	33
1729.5	35
1730.5	34
1731.5	33
1732.5	35
1733.5	33
1734.5	32
1735.5	33
1736.5	34
1737.5	34
1738.5	35
1739.5	32
1740.5	34
1741.5	39
1742.5	33
1743.5	36
1744.5	32
1745.5	32
1746.5	33
1747.5	29
1748.5	33
1749.5	34
1750.5	34
1751.5	35
1752.5	34
1753.5	35
1754.5	34
1755.5	33
1756.5	35
1757.5	34
1758.5	30
1759.5	35
1760.5	32
1761.5	29
1762.5	34
1763.5	34
1764.5	39
1765.5	33
1766.5	36
1767.5	34
1768.5	33
1769.5	35
1770.5	32
1771.5	35
1772.5	33
1773.5	36
1774.5	32
1775.5	32
1776.5	36
1777.5	33
1778.5	33
1779.5	32
1780.5	33
1781.5	37
1782.5	34
1783.5	37
1784.5	32
1785.5	32
1786.5	33
1787.5	35
1788.5	34
1789.5	33
1790.5	34
1791.5	33
1792.5	32
1793.5	35
1794.5	34
1795.5	34
1796.5	34
1797.5	35
1798.5	32
1799.5	34
1800.5	37
1801.5	33
1802.5	32
1803.5	37
1804.5	33
1805.5	33
1806.5	30
1807.5	33
1808.5	34
1809.5	33
1810.5	30
1811.5	33
1812.5	34
1813.5	34
1814.5	37
1815.5	35
1816.5	33
1817.5	32
1818.5	33
1819.5	37
1820.5	34
1821.5	34
1822.5	32
1823.5	32
1824.5	37
1825.5	37
1826.5	32
1827.5	35
1828.5	33
1829.5	37
1830.5	32
1831.5	36
1832.5	34
1833.5	29
1834.5	36
1835.5	34
1836.5	34
1837.5	32
1838.5	35
1839.5	37
1840.5	35
1841.5	36
1842.5	34
1843.5	33
1844.5	32
1845.5	35
1846.5	35
1847.5	37
1848.5	30
1849.5	32
1850.5	34
1851.5	34
1852.5	33
1853.5	33
1854.5	32
1855.5	34
1856.5	36
1857.5	35
1858.5	33
1859.5	33
1860.5	35
1861.5	35
1862.5	33
1863.5	34
1864.5	34
1865.5	33
1866.5	34
1867.5	36
1868.5	39
1869.5	34
1870.5	32
1871.5	34
1872.5	36
1873.5	34
1874.5	32
1875.5	33
1876.5	35
1877.5	34
1878.5	30
1879.5	34
1880.5	32
1881.5	34
1882.5	32
1883.5	33
1884.5	35
1885.5	36
1886.5	35
1887.5	34
1888.5	33
1889.5	32
1890.5	32
1891.5	32
1892.5	35
1893.5	35
1894.5	35
1895.5	36
1896.5	34
1897.5	32
1898.5	35
1899.5	34
1900.5	33
1901.5	37
1902.5	37
1903.5	33
1904.5	37
1905.5	35
1906.5	33
1907.5	35
1908.5	37
1909.5	30
1910.5	34
1911.5	32
1912.5	35
1913.5	35
1914.5	34
1915.5	34
1916.5	33
1917.5	35
1918.5	34
1919.5	32
1920.5	34
1921.5	35
1922.5	35
1923.5	32
1924.5	35
1925.5	32
1926.5	33
1927.5	35
1928.5	33
1929.5	35
1930.5	33
1931.5	34
1932.5	35
1933.5	34
1934.5	34
1935.5	34
1936.5	33
1937.5	37
1938.5	34
1939.5	35
1940.5	33
1941.5	33
1942.5	36
1943.5	35
1944.5	32
1945.5	33
1946.5	33
1947.5	35
1948.5	34
1949.5	36
1950.5	34
1951.5	35
1952.5	32
1953.5	32
1954.5	37
1955.5	34
1956.5	36
1957.5	33
1958.5	33
1959.5	33
1960.5	32
1961.5	35
1962.5	33
1963.5	36
1964.5	34
1965.5	34
1966.5	33
1967.5	34
1968.5	33
1969.5	34
1970.5	33
1971.5	37
1972.5	38
1973.5	36
1974.5	34
1975.5	34
1976.5	32
1977.5	34
1978.5	35
1979.5	32
1980.5	35
1981.5	34
1982.5	35
1983.5	32
1984.5	36
1985.5	33
1986.5	37
1987.5	34
1988.5	38
1989.5	35
1990.5	33
1991.5	34
1992.5	36
1993.5	34
1994.5	35
1995.5	35
1996.5	35
1997.5	32
1998.5	33
1999.5	35
2000.5	33
2001.5	36
2002.5	33
2003.5	33
2004.5	35
2005.5	37
2006.5	37
2007.5	32
2008.5	37
2009.5	34
2010.5	34
2011.5	34
2012.5	36
2013.5	32
2014.5	34
2015.5	35
2016.5	32
2017.5	35
2018.5	33
2019.5	33
2020.5	33
2021.5	38
2022.5	37
2023.5	32
2024.5	33
2025.5	35
2026.5	32
2027.5	36
2028.5	35
2029.5	37
2030.5	32
2031.5	34
2032.5	32
2033.5	34
2034.5	36
2035.5	34
2036.5	35
2037.5	33
2038.5	35
2039.5	36
2040.5	32
2041.5	35
2042.5	35
2043.5	34
2044.5	35
2045.5	34
2046.5	34
2047.5	34
2048.5	35
2049.5	36
2050.5	34
2051.5	33
2052.5	34
2053.5	32
2054.5	32
2055.5	33
2056.5	34
2057.5	35
2058.5	31
2059.5	35
2060.5	35
2061.5	33
2062.5	34
2063.5	35
2064.5	33
2065.5	30
2066.5	34
2067.5	35
2068.5	34
2069.5	35
2070.5	33
2071.5	32
2072.5	34
2073.5	35
2074.5	35
2075.5	34
2076.5	32
2077.5	34
2078.5	34
2079.5	33
2080.5	36
2081.5	33
2082.5	33
2083.5	32
2084.5	39
2085.5	35
2086.5	33
2087.5	33
2088.5	35
2089.5	33
2090.5	30
2091.5	34
2092.5	37
2093.5	35
2094.5	34
2095.5	35
2096.5	35
2097.5	33
2098.5	33
2099.5	30
2100.5	35
2101.5	34
2102.5	34
2103.5	33
2104.5	33
2105.5	32
2106.5	34
2107.5	34
2108.5	34
2109.5	35
2110.5	34
2111.5	35
2112.5	32
2113.5	33
2114.5	35
2115.5	34
2116.5	36
2117.5	33
2118.5	34
2119.5	36
2120.5	32
2121.5	35
2122.5	32
2123.5	34
2124.5	34
2125.5	35
2126.5	35
2127.5	36
2128.5	32
2129.5	35
2130.5	33
2131.5	35
2132.5	35
2133.5	33
2134.5	33
2135.5	33
2136.5	32
2137.5	32
2138.5	37
2139.5	30
2140.5	33
2141.5	34
2142.5	33
2143.5	32
2144.5	32
2145.5	34
2146.5	34
2147.5	34
2148.5	33
2149.5	34
2150.5	32
2151.5	32
2152.5	35
2153.5	33
2154.5	33
2155.5	35
2156.5	32
2157.5	35
2158.5	35
2159.5	34
2160.5	34
2161.5	34
2162.5	34
2163.5	32
2164.5	32
2165.5	35
2166.5	36
2167.5	34
2168.5	35
2169.5	35
2170.5	35
2171.5	32
2172.5	34
2173.5	31
2174.5	32
2175.5	36
2176.5	34
2177.5	35
2178.5	32
2179.5	32
2180.5	32
2181.5	34
2182.5	33
2183.5	34
2184.5	35
2185.5	31
2186.5	32
2187.5	33
2188.5	36
2189.5	41
2190.5	32
2191.5	34
2192.5	33
2193.5	35
2194.5	34
2195.5	35
2196.5	32
2197.5	36
2198.5	34
2199.5	32
2200.5	32
2201.5	37
2202.5	33
2203.5	32
2204.5	36
2205.5	35
2206.5	35
2207.5	33
2208.5	32
2209.5	36
2210.5	34
2211.5	33
2212.5	33
2213.5	35
2214.5	32
2215.5	37
2216.5	35
2217.5	32
2218.5	35
2219.5	33
2220.5	35
2221.5	34
2222.5	32
2223.5	38
2224.5	34
2225.5	35
2226.5	33
2227.5	34
2228.5	34
2229.5	34
2230.5	33
2231.5	33
2232.5	34
2233.5	32
2234.5	35
2235.5	35
2236.5	37
2237.5	36
2238.5	33
2239.5	32
2240.5	33
2241.5	36
2242.5	33
2243.5	34
2244.5	34
2245.5	34
2246.5	32
2247.5	34
2248.5	32
2249.5	34
2250.5	36
2251.5	32
2252.5	33
2253.5	33
2254.5	31
2255.5	34
2256.5	35
2257.5	34
2258.5	37
2259.5	35
2260.5	32
2261.5	33
2262.5	34
2263.5	35
2264.5	34
2265.5	34
2266.5	34
2267.5	32
2268.5	35
2269.5	33
2270.5	34
2271.5	36
2272.5	37
2273.5	34
2274.5	35
2275.5	36
2276.5	34
2277.5	32
2278.5	32
2279.5	32
2280.5	34
2281.5	37
2282.5	34
2283.5	31
2284.5	32
2285.5	34
2286.5	34
2287.5	35
2288.5	33
2289.5	33
2290.5	33
2291.5	34
2292.5	34
2293.5	36
2294.5	34
2295.5	34
2296.5	35
2297.5	36
2298.5	34
2299.5	33
2300.5	32
2301.5	32
2302.5	35
2303.5	34
2304.5	33
2305.5	34
2306.5	32
2307.5	35
2308.5	34
2309.5	32
2310.5	35
2311.5	33
2312.5	30
2313.5	32
2314.5	35
2315.5	32
2316.5	32
2317.5	34
2318.5	34
2319.5	32
2320.5	31
2321.5	33
2322.5	33
2323.5	37
2324.5	33
2325.5	36
2326.5	32
2327.5	32
2328.5	33
2329.5	32
2330.5	32
2331.5	33
2332.5	33
2333.5	33
2334.5	36
2335.5	33
2336.5	33
2337.5	32
2338.5	34
2339.5	33
2340.5	34
2341.5	32
2342.5	35
2343.5	33
2344.5	32
2345.5	30
2346.5	36
2347.5	35
2348.5	30
2349.5	32
2350.5	32
2351.5	34
2352.5	33
2353.5	31
2354.5	34
2355.5	35
2356.5	34
2357.5	35
2358.5	33
2359.5	38
2360.5	32
2361.5	35
2362.5	34
2363.5	34
2364.5	32
2365.5	33
2366.5	39
2367.5	38
2368.5	35
2369.5	32
2370.5	32
2371.5	35
2372.5	33
2373.5	32
2374.5	33
2375.5	32
2376.5	32
2377.5	33
2378.5	33
2379.5	35
2380.5	32
2381.5	32
2382.5	32
2383.5	33
2384.5	33
2385.5	35
2386.5	35
2387.5	32
2388.5	33
2389.5	32
2390.5	32
2391.5	32
2392.5	33
2393.5	32
2394.5	36
2395.5	36
2396.5	34
2397.5	35
2398.5	32
2399.5	33
2400.5	35
2401.5	35
2402.5	33
2403.5	36
2404.5	34
2405.5	37
2406.5	33
2407.5	33
2408.5	34
2409.5	32
2410.5	32
2411.5	35
2412.5	34
2413.5	32
2414.5	33
2415.5	35
2416.5	35
2417.5	37
2418.5	29
2419.5	34
2420.5	35
2421.5	33
2422.5	32
2423.5	33
2424.5	29
2425.5	34
2426.5	34
2427.5	33
2428.5	33
2429.5	36
2430.5	34
2431.5	32
2432.5	33
2433.5	36
2434.5	35
2435.5	32
2436.5	32
2437.5	34
2438.5	35
2439.5	38
2440.5	33
2441.5	33
2442.5	35
2443.5	34
2444.5	35
2445.5	35
2446.5	34
2447.5	34
2448.5	27
2449.5	34
2450.5	33
2451.5	34
2452.5	30
2453.5	36
2454.5	35
2455.5	33
2456.5	33
2457.5	34
2458.5	32
2459.5	34
2460.5	33
2461.5	32
2462.5	31
2463.5	35
2464.5	35
2465.5	34
2466.5	32
2467.5	35
2468.5	35
2469.5	34
2470.5	33
2471.5	33
2472.5	33
2473.5	32
2474.5	33
2475.5	35
2476.5	35
2477.5	32
2478.5	34
2479.5	33
2480.5	36
2481.5	35
2482.5	32
2483.5	34
2484.5	32
2485.5	33
2486.5	35
2487.5	32
2488.5	35
2489.5	33
2490.5	32
2491.5	36
2492.5	34
2493.5	33
2494.5	33
2495.5	31
2496.5	35
2497.5	34
2498.5	33
2499.5	36
2500.5	33
2501.5	33
2502.5	37
2503.5	30
2504.5	32
2505.5	32
2506.5	33
2507.5	33
2508.5	35
2509.5	36
2510.5	34
2511.5	33
2512.5	35
2513.5	34
2514.5	36
2515.5	34
2516.5	32
2517.5	33
2518.5	32
2519.5	32
2520.5	34
2521.5	32
2522.5	31
2523.5	33
2524.5	33
2525.5	35
2526.5	33
2527.5	34
2528.5	34
2529.5	32
2530.5	37
2531.5	32
2532.5	31
2533.5	33
2534.5	34
2535.5	33
2536.5	35
2537.5	35
2538.5	34
2539.5	34
2540.5	31
2541.5	35
2542.5	33
2543.5	33
2544.5	33
2545.5	34
2546.5	35
2547.5	35
2548.5	32
2549.5	38
2550.5	35
2551.5	33
2552.5	32
2553.5	32
2554.5	33
2555.5	33
2556.5	33
2557.5	34
2558.5	35
2559.5	33
2560.5	33
2561.5	33
2562.5	33
2563.5	33
2564.5	34
2565.5	33
2566.5	34
2567.5	33
2568.5	32
2569.5	35
2570.5	31
2571.5	34
2572.5	36
2573.5	32
2574.5	38
2575.5	35
2576.5	34
2577.5	33
2578.5	34
2579.5	34
2580.5	34
2581.5	32
2582.5	33
2583.5	33
2584.5	32
2585.5	32
2586.5	33
2587.5	35
2588.5	35
2589.5	33
2590.5	33
2591.5	35
2592.5	35
2593.5	34
2594.5	33
2595.5	34
2596.5	35
2597.5	32
2598.5	33
2599.5	34
2600.5	33
2601.5	34
2602.5	34
2603.5	35
2604.5	33
2605.5	35
2606.5	35
2607.5	36
2608.5	34
2609.5	34
2610.5	35
2611.5	32
2612.5	34
2613.5	32
2614.5	34
2615.5	32
2616.5	36
2617.5	33
2618.5	32
2619.5	35
2620.5	33
2621.5	34
2622.5	34
2623.5	33
2624.5	32
2625.5	35
2626.5	32
2627.5	34
2628.5	33
2629.5	33
2630.5	32
2631.5	35
2632.5	32
2633.5	34
2634.5	33
2635.5	33
2636.5	34
2637.5	37
2638.5	35
2639.5	33
2640.5	32
2641.5	34
2642.5	31
2643.5	34
2644.5	32
2645.5	36
2646.5	35
2647.5	37
2648.5	32
2649.5	35
2650.5	33
2651.5	34
2652.5	33
2653.5	35
2654.5	35
2655.5	33
2656.5	33
2657.5	32
2658.5	33
2659.5	32
2660.5	35
2661.5	35
2662.5	35
2663.5	35
2664.5	32
2665.5	34
2666.5	33
2667.5	34
2668.5	32
2669.5	35
2670.5	32
2671.5	36
2672.5	30
2673.5	37
2674.5	33
2675.5	35
2676.5	34
2677.5	35
2678.5	32
2679.5	33
2680.5	34
2681.5	35
2682.5	35
2683.5	33
2684.5	34
2685.5	33
2686.5	32
2687.5	34
2688.5	33
2689.5	33
2690.5	34
2691.5	34
2692.5	33
2693.5	34
2694.5	31
2695.5	30
2696.5	34
2697.5	34
2698.5	34
2699.5	34
2700.5	34
2701.5	35
2702.5	32
2703.5	35
2704.5	32
2705.5	33
2706.5	35
2707.5	32
2708.5	32
2709.5	35
2710.5	33
2711.5	36
2712.5	30
2713.5	32
2714.5	33
2715.5	33
2716.5	31
2717.5	33
2718.5	35
2719.5	33
2720.5	33
2721.5	32
2722.5	34
2723.5	35
2724.5	32
2725.5	34
2726.5	33
2727.5	32
2728.5	32
2729.5	29
2730.5	33
2731.5	34
2732.5	32
2733.5	33
2734.5	33
2735.5	33
2736.5	33
2737.5	37
2738.5	35
2739.5	32
2740.5	34
2741.5	34
2742.5	34
2743.5	33
2744.5	32
2745.5	35
2746.5	32
2747.5	30
2748.5	33
2749.5	33
2750.5	30
2751.5	31
2752.5	35
2753.5	32
2754.5	33
2755.5	32
2756.5	33
2757.5	33
2758.5	33
2759.5	33
2760.5	35
2761.5	37
2762.5	33
2763.5	33
2764.5	35
2765.5	35
2766.5	33
2767.5	35
2768.5	30
2769.5	35
2770.5	32
2771.5	33
2772.5	33
2773.5	32
2774.5	33
2775.5	32
2776.5	34
2777.5	35
2778.5	34
2779.5	36
2780.5	35
2781.5	34
2782.5	33
2783.5	37
2784.5	34
2785.5	34
2786.5	30
2787.5	34
2788.5	32
2789.5	33
2790.5	34
2791.5	36
2792.5	34
2793.5	32
2794.5	33
2795.5	34
2796.5	32
2797.5	38
2798.5	33
2799.5	35
2800.5	36
2801.5	33
2802.5	32
2803.5	33
2804.5	33
2805.5	32
2806.5	35
2807.5	37
2808.5	34
2809.5	34
2810.5	29
2811.5	32
2812.5	33
2813.5	33
2814.5	32
2815.5	32
2816.5	33
2817.5	35
2818.5	34
2819.5	29
2820.5	32
2821.5	35
2822.5	32
2823.5	34
2824.5	30
2825.5	32
2826.5	32
2827.5	38
2828.5	32
2829.5	34
2830.5	34
2831.5	34
2832.5	35
2833.5	37
2834.5	33
2835.5	32
2836.5	32
2837.5	37
2838.5	36
2839.5	31
2840.5	35
2841.5	32
2842.5	32
2843.5	32
2844.5	32
2845.5	33
2846.5	33
2847.5	33
2848.5	37
2849.5	35
2850.5	32
2851.5	32
2852.5	29
2853.5	34
2854.5	37
2855.5	32
2856.5	37
2857.5	34
2858.5	35
2859.5	37
2860.5	32
2861.5	32
2862.5	32
2863.5	32
2864.5	32
2865.5	38
2866.5	33
2867.5	33
2868.5	33
2869.5	36
2870.5	35
2871.5	33
2872.5	32
2873.5	34
2874.5	35
2875.5	37
2876.5	35
2877.5	35
2878.5	32
2879.5	33
2880.5	30
2881.5	35
2882.5	34
2883.5	37
2884.5	32
2885.5	32
2886.5	33
2887.5	33
2888.5	34
2889.5	35
2890.5	33
2891.5	33
2892.5	33
2893.5	34
2894.5	33
2895.5	34
2896.5	34
2897.5	32
2898.5	33
2899.5	34
2900.5	34
2901.5	37
2902.5	34
2903.5	32
2904.5	32
2905.5	33
2906.5	32
2907.5	35
2908.5	34
2909.5	32
2910.5	35
2911.5	39
2912.5	35
2913.5	33
2914.5	32
2915.5	36
2916.5	33
2917.5	34
2918.5	36
2919.5	32
2920.5	32
2921.5	35
2922.5	34
2923.5	34
2924.5	35
2925.5	31
2926.5	34
2927.5	35
2928.5	33
2929.5	34
2930.5	34
2931.5	34
2932.5	35
2933.5	34
2934.5	37
2935.5	35
2936.5	33
2937.5	34
2938.5	33
2939.5	34
2940.5	34
2941.5	34
2942.5	33
2943.5	33
2944.5	33
2945.5	33
2946.5	30
2947.5	32
2948.5	32
2949.5	32
2950.5	33
2951.5	32
2952.5	33
2953.5	35
2954.5	32
2955.5	36
2956.5	33
2957.5	34
2958.5	33
2959.5	34
2960.5	32
2961.5	33
2962.5	37
2963.5	34
2964.5	34
2965.5	33
2966.5	34
2967.5	36
2968.5	34
2969.5	34
2970.5	32
2971.5	38
2972.5	36
2973.5	33
2974.5	35
2975.5	35
2976.5	30
2977.5	33
2978.5	34
2979.5	34
2980.5	35
2981.5	35
2982.5	35
2983.5	34
2984.5	34
2985.5	35
2986.5	33
2987.5	33
2988.5	35
2989.5	34
2990.5	35
2991.5	35
2992.5	37
2993.5	32
2994.5	33
2995.5	35
2996.5	35
2997.5	34
2998.5	36
2999.5	35
3000.5	32
3001.5	34
3002.5	33
3003.5	34
3004.5	35
3005.5	33
3006.5	39
3007.5	37
3008.5	33
3009.5	31
3010.5	34
3011.5	33
3012.5	35
3013.5	34
3014.5	33
3015.5	35
3016.5	34
3017.5	35
3018.5	32
3019.5	33
3020.5	32
3021.5	33
3022.5	34
3023.5	38
3024.5	33
3025.5	34
3026.5	30
3027.5	35
3028.5	32
3029.5	34
3030.5	32
3031.5	32
3032.5	36
3033.5	32
3034.5	35
3035.5	36
3036.5	32
3037.5	35
3038.5	33
3039.5	33
3040.5	34
3041.5	36
3042.5	30
3043.5	34
3044.5	33
3045.5	35
3046.5	35
3047.5	34
3048.5	32
3049.5	33
3050.5	33
3051.5	34
3052.5	33
3053.5	29
3054.5	32
3055.5	35
3056.5	37
3057.5	35
3058.5	34
3059.5	34
3060.5	34
3061.5	29
3062.5	32
3063.5	34
3064.5	34
3065.5	34
3066.5	35
3067.5	35
3068.5	36
3069.5	33
3070.5	34
3071.5	34
3072.5	36
3073.5	33
3074.5	36
3075.5	34
3076.5	33
3077.5	33
3078.5	34
3079.5	33
3080.5	33
3081.5	34
3082.5	33
3083.5	33
3084.5	33
3085.5	34
3086.5	33
3087.5	36
3088.5	35
3089.5	36
3090.5	32
3091.5	31
3092.5	32
3093.5	32
3094.5	35
3095.5	33
3096.5	38
3097.5	34
3098.5	32
3099.5	35
3100.5	35
3101.5	36
3102.5	34
3103.5	32
3104.5	33
3105.5	32
3106.5	32
3107.5	34
3108.5	34
3109.5	31
3110.5	34
3111.5	32
3112.5	33
3113.5	34
3114.5	33
3115.5	36
3116.5	34
3117.5	35
3118.5	37
3119.5	32
3120.5	32
3121.5	32
3122.5	36
3123.5	35
3124.5	33
3125.5	33
3126.5	35
3127.5	32
3128.5	34
3129.5	35
3130.5	32
3131.5	33
3132.5	34
3133.5	34
3134.5	30
3135.5	35
3136.5	36
3137.5	33
3138.5	32
3139.5	33
3140.5	33
3141.5	33
3142.5	31
3143.5	34
3144.5	36
3145.5	33
3146.5	35
3147.5	37
3148.5	33
3149.5	33
3150.5	33
3151.5	32
3152.5	34
3153.5	34
3154.5	32
3155.5	32
3156.5	32
3157.5	35
3158.5	35
3159.5	32
3160.5	34
3161.5	32
3162.5	32
3163.5	32
3164.5	37
3165.5	33
3166.5	32
3167.5	35
3168.5	35
3169.5	34
3170.5	35
3171.5	36
3172.5	32
3173.5	32
3174.5	33
3175.5	32
3176.5	34
3177.5	35
3178.5	33
3179.5	34
3180.5	32
3181.5	33
3182.5	33
3183.5	33
3184.5	31
3185.5	35
3186.5	36
3187.5	37
3188.5	34
3189.5	33
3190.5	33
3191.5	33
3192.5	34
3193.5	34
3194.5	32
3195.5	36
3196.5	32
3197.5	35
3198.5	31
3199.5	36
3200.5	33
3201.5	34
3202.5	32
3203.5	34
3204.5	32
3205.5	33
3206.5	35
3207.5	37
3208.5	32
3209.5	34
3210.5	33
3211.5	32
3212.5	34
3213.5	36
3214.5	34
3215.5	35
3216.5	33
3217.5	34
3218.5	36
3219.5	33
3220.5	35
3221.5	34
3222.5	33
3223.5	33
3224.5	33
3225.5	33
3226.5	35
3227.5	34
3228.5	33
3229.5	35
3230.5	37
3231.5	32
3232.5	35
3233.5	33
3234.5	35
3235.5	35
3236.5	33
3237.5	34
3238.5	32
3239.5	32
3240.5	34
3241.5	33
3242.5	36
3243.5	31
3244.5	36
3245.5	32
3246.5	36
3247.5	34
3248.5	32
3249.5	33
3250.5	32
3251.5	35
3252.5	33
3253.5	34
3254.5	33
3255.5	33
3256.5	35
3257.5	33
3258.5	38
3259.5	34
3260.5	33
3261.5	30
3262.5	33
3263.5	37
3264.5	31
3265.5	36
3266.5	33
3267.5	34
3268.5	32
3269.5	29
3270.5	33
3271.5	34
3272.5	35
3273.5	34
3274.5	32
3275.5	34
3276.5	33
3277.5	35
3278.5	34
3279.5	35
3280.5	33
3281.5	33
3282.5	33
3283.5	33
3284.5	33
3285.5	35
3286.5	33
3287.5	33
3288.5	36
3289.5	35
3290.5	37
3291.5	33
3292.5	32
3293.5	37
3294.5	33
3295.5	33
3296.5	35
3297.5	33
3298.5	32
3299.5	35
3300.5	32
3301.5	34
3302.5	33
3303.5	32
3304.5	34
3305.5	36
3306.5	32
3307.5	35
3308.5	32
3309.5	37
3310.5	35
3311.5	32
3312.5	32
3313.5	34
3314.5	32
3315.5	35
3316.5	34
3317.5	34
3318.5	34
3319.5	34
3320.5	30
3321.5	37
3322.5	36
3323.5	34
3324.5	35
3325.5	39
3326.5	35
3327.5	35
3328.5	34
3329.5	33
3330.5	34
3331.5	33
3332.5	34
3333.5	35
3334.5	33
3335.5	34
3336.5	34
3337.5	32
3338.5	36
3339.5	35
3340.5	34
3341.5	34
3342.5	30
3343.5	31
3344.5	32
3345.5	34
3346.5	33
3347.5	35
3348.5	36
3349.5	34
3350.5	34
3351.5	33
3352.5	35
3353.5	33
3354.5	34
3355.5	32
3356.5	31
3357.5	32
3358.5	33
3359.5	33
3360.5	34
3361.5	37
3362.5	34
3363.5	33
3364.5	34
3365.5	35
3366.5	32
3367.5	36
3368.5	35
3369.5	34
3370.5	36
3371.5	33
3372.5	37
3373.5	32
3374.5	33
3375.5	32
3376.5	34
3377.5	35
3378.5	35
3379.5	35
3380.5	31
3381.5	35
3382.5	35
3383.5	36
3384.5	38
3385.5	33
3386.5	34
3387.5	37
3388.5	36
3389.5	35
3390.5	37
3391.5	32
3392.5	35
3393.5	35
3394.5	32
3395.5	36
3396.5	34
3397.5	35
3398.5	38
3399.5	38
3400.5	36
3401.5	34
3402.5	33
3403.5	37
3404.5	36
3405.5	38
3406.5	37
3407.5	34
3408.5	41
3409.5	36
3410.5	34
3411.5	35
3412.5	30
3413.5	33
3414.5	35
3415.5	37
3416.5	37
3417.5	35
3418.5	36
3419.5	33
3420.5	33
3421.5	33
3422.5	32
3423.5	34
3424.5	32
3425.5	32
3426.5	36
3427.5	33
3428.5	35
3429.5	35
3430.5	35
3431.5	37
3432.5	39
3433.5	37
3434.5	37
3435.5	37
3436.5	40
3437.5	37
3438.5	41
3439.5	36
3440.5	40
3441.5	41
3442.5	39
3443.5	40
3444.5	41
3445.5	42
3446.5	40
3447.5	41
3448.5	40
3449.5	41
3450.5	40
3451.5	41
3452.5	43
3453.5	41
3454.5	40
3455.5	39
3456.5	38
3457.5	39
3458.5	40
3459.5	38
3460.5	36
3461.5	39
3462.5	36
3463.5	39
3464.5	35
3465.5	33
3466.5	37
3467.5	36
3468.5	34
3469.5	36
3470.5	36
3471.5	37
3472.5	34
3473.5	34
3474.5	35
3475.5	35
3476.5	37
3477.5	32
3478.5	32
3479.5	32
3480.5	32
3481.5	39
3482.5	32
3483.5	36
3484.5	34
3485.5	34
3486.5	31
3487.5	33
3488.5	32
3489.5	32
3490.5	33
3491.5	37
3492.5	34
3493.5	35
3494.5	34
3495.5	35
3496.5	36
3497.5	34
3498.5	35
3499.5	32
3500.5	33
3501.5	36
3502.5	35
3503.5	36
3504.5	31
3505.5	34
3506.5	32
3507.5	35
3508.5	32
3509.5	36
3510.5	34
3511.5	34
3512.5	35
3513.5	32
3514.5	36
3515.5	36
3516.5	32
3517.5	38
3518.5	33
3519.5	36
3520.5	35
3521.5	34
3522.5	34
3523.5	34
3524.5	37
3525.5	33
3526.5	33
3527.5	35
3528.5	35
3529.5	34
3530.5	35
3531.5	33
3532.5	35
3533.5	38
3534.5	33
3535.5	34
3536.5	35
3537.5	35
3538.5	33
3539.5	37
3540.5	35
3541.5	33
3542.5	32
3543.5	35
3544.5	35
3545.5	34
3546.5	35
3547.5	36
3548.5	32
3549.5	32
3550.5	35
3551.5	34
3552.5	35
3553.5	32
3554.5	34
3555.5	34
3556.5	35
3557.5	34
3558.5	35
3559.5	36
3560.5	33
3561.5	35
3562.5	35
3563.5	35
3564.5	34
3565.5	36
3566.5	39
3567.5	37
3568.5	36
3569.5	35
3570.5	38
3571.5	33
3572.5	32
3573.5	38
3574.5	35
3575.5	32
3576.5	38
3577.5	36
3578.5	35
3579.5	35
3580.5	37
3581.5	35
3582.5	37
3583.5	37
3584.5	32
3585.5	35
3586.5	34
3587.5	36
3588.5	35
3589.5	34
3590.5	36
3591.5	40
3592.5	33
3593.5	33
3594.5	36
3595.5	33
3596.5	36
3597.5	34
3598.5	33
3599.5	32
3600.5	33
3601.5	34
3602.5	35
3603.5	35
3604.5	36
3605.5	36
3606.5	37
3607.5	36
3608.5	36
3609.5	36
3610.5	35
3611.5	37
3612.5	37
3613.5	35
3614.5	39
3615.5	38
3616.5	39
3617.5	36
3618.5	36
3619.5	37
3620.5	38
3621.5	40
3622.5	39
3623.5	39
3624.5	39
3625.5	41
3626.5	37
3627.5	37
3628.5	35
3629.5	39
3630.5	38
3631.5	40
3632.5	34
3633.5	37
3634.5	39
3635.5	38
3636.5	35
3637.5	34
3638.5	37
3639.5	35
3640.5	35
3641.5	35
3642.5	33
3643.5	30
3644.5	39
3645.5	39
3646.5	33
3647.5	36
3648.5	34
3649.5	35
3650.5	34
3651.5	32
3652.5	37
3653.5	38
3654.5	36
3655.5	33
3656.5	35
3657.5	33
3658.5	35
3659.5	38
3660.5	34
3661.5	34
3662.5	33
3663.5	36
3664.5	35
3665.5	37
3666.5	36
3667.5	35
3668.5	35
3669.5	35
3670.5	36
3671.5	38
3672.5	36
3673.5	39
3674.5	34
3675.5	38
3676.5	37
3677.5	37
3678.5	33
3679.5	38
3680.5	33
3681.5	35
3682.5	36
3683.5	39
3684.5	36
3685.5	39
3686.5	32
3687.5	36
3688.5	35
3689.5	43
3690.5	39
3691.5	35
3692.5	38
3693.5	39
3694.5	38
3695.5	40
3696.5	40
3697.5	47
3698.5	47
3699.5	50
3700.5	58
3701.5	64
3702.5	69
3703.5	76
3704.5	85
3705.5	90
3706.5	100
3707.5	116
3708.5	132
3709.5	142
3710.5	161
3711.5	178
3712.5	201
3713.5	217
3714.5	234
3715.5	257
3716.5	268
3717.5	288
3718.5	303
3719.5	314
3720.5	319
3721.5	327
3722.5	331
3723.5	337
3724.5	339
3725.5	335
3726.5	325
3727.5	318
3728.5	301
3729.5	283
3730.5	264
3731.5	247
3732.5	222
3733.5	198
3734.5	182
3735.5	162
3736.5	135
3737.5	119
3738.5	102
3739.5	91
3740.5	82
3741.5	68
3742.5	56
3743.5	55
3744.5	49
3745.5	45
3746.5	40
3747.5	40
3748.5	38
3749.5	35
3750.5	38
3751.5	37
3752.5	35
3753.5	36
3754.5	36
3755.5	36
3756.5	36
3757.5	33
3758.5	37
3759.5	35
3760.5	37
3761.5	36
3762.5	34
3763.5	35
3764.5	37
3765.5	35
3766.5	36
3767.5	35
3768.5	37
3769.5	38
3770.5	37
3771.5	34
3772.5	37
3773.5	37
3774.5	38
3775.5	39
3776.5	36
3777.5	37
3778.5	39
3779.5	36
3780.5	37
3781.5	37
3782.5	36
3783.5	36
3784.5	37
3785.5	39
3786.5	39
3787.5	40
3788.5	40
3789.5	39
3790.5	41
3791.5	43
3792.5	45
3793.5	48
3794.5	49
3795.5	48
3796.5	53
3797.5	53
3798.5	55
3799.5	60
3800.5	61
3801.5	66
3802.5	72
3803.5	71
3804.5	76
3805.5	77
3806.5	80
3807.5	81
3808.5	83
3809.5	83
3810.5	88
3811.5	88
3812.5	85
3813.5	82
3814.5	83
3815.5	85
3816.5	79
3817.5	74
3818.5	76
3819.5	71
3820.5	62
3821.5	62
3822.5	59
3823.5	53
3824.5	51
3825.5	50
3826.5	47
3827.5	40
3828.5	43
3829.5	37
3830.5	38
3831.5	36
3832.5	36
3833.5	35
3834.5	34
3835.5	34
3836.5	35
3837.5	34
3838.5	34
3839.5	38
3840.5	35
3841.5	35
3842.5	34
3843.5	34
3844.5	37
3845.5	36
3846.5	36
3847.5	35
3848.5	33
3849.5	36
3850.5	33
3851.5	34
3852.5	30
3853.5	35
3854.5	37
3855.5	35
3856.5	39
3857.5	34
3858.5	37
3859.5	37
3860.5	39
3861.5	38
3862.5	39
3863.5	38
3864.5	39
3865.5	39
3866.5	38
3867.5	40
3868.5	38
3869.5	44
3870.5	36
3871.5	38
3872.5	43
3873.5	38
3874.5	37
3875.5	40
3876.5	39
3877.5	41
3878.5	40
3879.5	39
3880.5	40
3881.5	38
3882.5	36
3883.5	37
3884.5	36
3885.5	38
3886.5	40
3887.5	35
3888.5	36
3889.5	36
3890.5	33
3891.5	36
3892.5	37
3893.5	34
3894.5	34
3895.5	38
3896.5	37
3897.5	37
3898.5	36
3899.5	35
3900.5	34
3901.5	37
3902.5	34
3903.5	36
3904.5	36
3905.5	36
3906.5	35
3907.5	38
3908.5	35
3909.5	35
3910.5	36
3911.5	37
3912.5	35
3913.5	35
3914.5	33
3915.5	34
3916.5	35
3917.5	38
3918.5	34
3919.5	33
3920.5	35
3921.5	37
3922.5	35
3923.5	32
3924.5	35
3925.5	36
3926.5	34
3927.5	35
3928.5	35
3929.5	32
3930.5	32
3931.5	35
3932.5	36
3933.5	39
3934.5	33
3935.5	36
3936.5	35
3937.5	35
3938.5	35
3939.5	35
3940.5	36
3941.5	35
3942.5	33
3943.5	36
3944.5	37
3945.5	36
3946.5	36
3947.5	36
3948.5	35
3949.5	36
3950.5	38
3951.5	37
3952.5	34
3953.5	36
3954.5	35
3955.5	35
3956.5	35
3957.5	38
3958.5	37
3959.5	39
3960.5	35
3961.5	35
3962.5	37
3963.5	35
3964.5	37
3965.5	38
3966.5	38
3967.5	35
3968.5	42
3969.5	38
3970.5	45
3971.5	45
3972.5	48
3973.5	45
3974.5	51
3975.5	49
3976.5	58
3977.5	63
3978.5	61
3979.5	65
3980.5	72
3981.5	79
3982.5	91
3983.5	93
3984.5	104
3985.5	108
3986.5	123
3987.5	127
3988.5	129
3989.5	135
3990.5	142
3991.5	141
3992.5	148
3993.5	149
3994.5	146
3995.5	140
3996.5	140
3997.5	139
3998.5	128
3999.5	125
4000.5	112
4001.5	108
4002.5	102
4003.5	96
4004.5	90
4005.5	75
4006.5	75
4007.5	67
4008.5	56
4009.5	53
4010.5	50
4011.5	45
4012.5	42
4013.5	42
4014.5	35
4015.5	36
4016.5	37
4017.5	36
4018.5	39
4019.5	34
4020.5	36
4021.5	35
4022.5	34
4023.5	35
4024.5	33
4025.5	32
4026.5	38
4027.5	35
4028.5	37
4029.5	35
4030.5	35
4031.5	37
4032.5	35
4033.5	37
4034.5	36
4035.5	37
4036.5	35
4037.5	36
4038.5	37
4039.5	35
4040.5	36
4041.5	36
4042.5	35
4043.5	38
4044.5	38
4045.5	38
4046.5	40
4047.5	37
4048.5	38
4049.5	37
4050.5	39
4051.5	35
4052.5	37
4053.5	38
4054.5	36
4055.5	40
4056.5	35
4057.5	36
4058.5	38
4059.5	37
4060.5	39
4061.5	40
4062.5	39
4063.5	42
4064.5	43
4065.5	44
4066.5	45
4067.5	48
4068.5	48
4069.5	51
4070.5	52
4071.5	56
4072.5	57
4073.5	57
4074.5	56
4075.5	61
4076.5	59
4077.5	61
4078.5	58
4079.5	63
4080.5	63
4081.5	59
4082.5	62
4083.5	57
4084.5	59
4085.5	55
4086.5	57
4087.5	53
4088.5	54
4089.5	45
4090.5	48
4091.5	46
4092.5	44
4093.5	46
4094.5	41
4095.5	42
4096.5	41
4097.5	39
4098.5	36
4099.5	35
4100.5	35
4101.5	36
4102.5	35
4103.5	36
4104.5	33
4105.5	34
4106.5	41
4107.5	35
4108.5	36
4109.5	33
4110.5	39
4111.5	34
4112.5	37
4113.5	37
4114.5	37
4115.5	38
4116.5	35
4117.5	38
4118.5	37
4119.5	39
4120.5	37
4121.5	35
4122.5	35
4123.5	35
4124.5	34
4125.5	37
4126.5	36
4127.5	40
4128.5	36
4129.5	36
4130.5	35
4131.5	33
4132.5	36
4133.5	37
4134.5	35
4135.5	33
4136.5	35
4137.5	35
4138.5	34
4139.5	36
4140.5	38
4141.5	34
4142.5	35
4143.5	32
4144.5	37
4145.5	33
4146.5	35
4147.5	33
4148.5	36
4149.5	37
4150.5	34
4151.5	39
4152.5	33
4153.5	36
4154.5	35
4155.5	35
4156.5	35
4157.5	35
4158.5	36
4159.5	37
4160.5	36
4161.5	34
4162.5	35
4163.5	35
4164.5	37
4165.5	35
4166.5	37
4167.5	34
4168.5	31
4169.5	37
4170.5	36
4171.5	37
4172.5	39
4173.5	35
4174.5	34
4175.5	33
4176.5	33
4177.5	34
4178.5	33
4179.5	42
4180.5	34
4181.5	34
4182.5	36
4183.5	35
4184.5	32
4185.5	35
4186.5	36
4187.5	36
4188.5	37
4189.5	34
4190.5	32
4191.5	37
4192.5	37
4193.5	34
4194.5	32
4195.5	35
4196.5	37
4197.5	37
4198.5	32
4199.5	35
4200.5	34
4201.5	37
4202.5	35
4203.5	38
4204.5	35
4205.5	36
4206.5	38
4207.5	36
4208.5	38
4209.5	38
4210.5	39
4211.5	40
4212.5	41
4213.5	39
4214.5	40
4215.5	44
4216.5	45
4217.5	49
4218.5	49
4219.5	54
4220.5	55
4221.5	57
4222.5	55
4223.5	59
4224.5	60
4225.5	63
4226.5	66
4227.5	65
4228.5	67
4229.5	66
4230.5	63
4231.5	69
4232.5	67
4233.5	61
4234.5	64
4235.5	56
4236.5	56
4237.5	56
4238.5	54
4239.5	52
4240.5	46
4241.5	44
4242.5	45
4243.5	41
4244.5	40
4245.5	45
4246.5	36
4247.5	39
4248.5	35
4249.5	40
4250.5	33
4251.5	36
4252.5	34
4253.5	33
4254.5	37
4255.5	32
4256.5	34
4257.5	34
4258.5	36
4259.5	35
4260.5	37
4261.5	36
4262.5	29
4263.5	36
4264.5	35
4265.5	36
4266.5	35
4267.5	36
4268.5	34
4269.5	35
4270.5	35
4271.5	34
4272.5	39
4273.5	35
4274.5	36
4275.5	33
4276.5	35
4277.5	35
4278.5	35
4279.5	36
4280.5	39
4281.5	35
4282.5	35
4283.5	36
4284.5	30
4285.5	38
4286.5	35
4287.5	35
4288.5	37
4289.5	34
4290.5	37
4291.5	35
4292.5	34
4293.5	37
4294.5	35
4295.5	35
4296.5	37
4297.5	34
4298.5	34
4299.5	35
4300.5	36
4301.5	37
4302.5	36
4303.5	34
4304.5	34
4305.5	35
4306.5	34
4307.5	39
4308.5	36
4309.5	35
4310.5	35
4311.5	32
4312.5	37
4313.5	38
4314.5	35
4315.5	36
4316.5	36
4317.5	38
4318.5	40
4319.5	37
4320.5	41
4321.5	41
4322.5	42
4323.5	45
4324.5	42
4325.5	46
4326.5	48
4327.5	48
4328.5	51
4329.5	54
4330.5	57
4331.5	61
4332.5	70
4333.5	73
4334.5	76
4335.5	85
4336.5	88
4337.5	95
4338.5	104
4339.5	112
4340.5	118
4341.5	127
4342.5	132
4343.5	135
4344.5	141
4345.5	142
4346.5	143
4347.5	144
4348.5	146
4349.5	149
4350.5	145
4351.5	139
4352.5	128
4353.5	133
4354.5	122
4355.5	109
4356.5	97
4357.5	93
4358.5	87
4359.5	82
4360.5	70
4361.5	67
4362.5	54
4363.5	54
4364.5	46
4365.5	47
4366.5	43
4367.5	41
4368.5	40
4369.5	42
4370.5	40
4371.5	36
4372.5	37
4373.5	37
4374.5	36
4375.5	42
4376.5	39
4377.5	40
4378.5	41
4379.5	42
4380.5	41
4381.5	50
4382.5	50
4383.5	53
4384.5	50
4385.5	56
4386.5	60
4387.5	62
4388.5	73
4389.5	72
4390.5	81
4391.5	86
4392.5	96
4393.5	103
4394.5	111
4395.5	130
4396.5	137
4397.5	145
4398.5	153
4399.5	153
4400.5	166
4401.5	179
4402.5	181
4403.5	187
4404.5	183
4405.5	194
4406.5	183
4407.5	182
4408.5	178
4409.5	163
4410.5	155
4411.5	144
4412.5	135
4413.5	122
4414.5	118
4415.5	103
4416.5	89
4417.5	81
4418.5	72
4419.5	66
4420.5	59
4421.5	55
4422.5	53
4423.5	48
4424.5	45
4425.5	41
4426.5	41
4427.5	39
4428.5	38
4429.5	35
4430.5	35
4431.5	35
4432.5	35
4433.5	37
4434.5	32
4435.5	36
4436.5	37
4437.5	38
4438.5	41
4439.5	34
4440.5	37
4441.5	37
4442.5	35
4443.5	35
4444.5	37
4445.5	35
4446.5	37
4447.5	39
4448.5	36
4449.5	38
4450.5	38
4451.5	38
4452.5	37
4453.5	33
4454.5	34
4455.5	34
4456.5	36
4457.5	37
4458.5	38
4459.5	35
4460.5	35
4461.5	37
4462.5	37
4463.5	35
4464.5	36
4465.5	37
4466.5	37
4467.5	38
4468.5	37
4469.5	37
4470.5	40
4471.5	39
4472.5	37
4473.5	38
4474.5	39
4475.5	39
4476.5	39
4477.5	37
4478.5	43
4479.5	39
4480.5	42
4481.5	41
4482.5	40
4483.5	39
4484.5	40
4485.5	42
4486.5	41
4487.5	44
4488.5	44
4489.5	40
4490.5	43
4491.5	41
4492.5	42
4493.5	44
4494.5	42
4495.5	46
4496.5	46
4497.5	45
4498.5	47
4499.5	50
4500.5	54
4501.5	57
4502.5	59
4503.5	63
4504.5	68
4505.5	74
4506.5	83
4507.5	88
4508.5	96
4509.5	105
4510.5	118
4511.5	133
4512.5	148
4513.5	161
4514.5	178
4515.5	196
4516.5	206
4517.5	228
4518.5	248
4519.5	266
4520.5	275
4521.5	283
4522.5	299
4523.5	292
4524.5	313
4525.5	301
4526.5	297
4527.5	292
4528.5	285
4529.5	262
4530.5	248
4531.5	222
4532.5	208
4533.5	189
4534.5	169
4535.5	153
4536.5	133
4537.5	122
4538.5	107
4539.5	98
4540.5	81
4541.5	66
4542.5	60
4543.5	53
4544.5	50
4545.5	47
4546.5	44
4547.5	39
4548.5	40
4549.5	41
4550.5	38
4551.5	39
4552.5	41
4553.5	40
4554.5	40
4555.5	43
4556.5	44
4557.5	45
4558.5	43
4559.5	48
4560.5	48
4561.5	50
4562.5	57
4563.5	56
4564.5	62
4565.5	62
4566.5	63
4567.5	72
4568.5	77
4569.5	78
4570.5	83
4571.5	86
4572.5	92
4573.5	88
4574.5	92
4575.5	96
4576.5	102
4577.5	94
4578.5	94
4579.5	90
4580.5	88
4581.5	86
4582.5	82
4583.5	79
4584.5	73
4585.5	67
4586.5	65
4587.5	60
4588.5	58
4589.5	55
4590.5	49
4591.5	48
4592.5	40
4593.5	40
4594.5	38
4595.5	39
4596.5	37
4597.5	35
4598.5	38
4599.5	36
4600.5	35
4601.5	36
4602.5	34
4603.5	37
4604.5	35
4605.5	35
4606.5	35
4607.5	35
4608.5	37
4609.5	37
4610.5	34
4611.5	35
4612.5	34
4613.5	38
4614.5	37
4615.5	35
4616.5	37
4617.5	33
4618.5	40
4619.5	38
4620.5	37
4621.5	36
4622.5	37
4623.5	33
4624.5	35
4625.5	36
4626.5	35
4627.5	37
4628.5	38
4629.5	34
4630.5	35
4631.5	39
4632.5	33
4633.5	36
4634.5	36
4635.5	36
4636.5	32
4637.5	36
4638.5	38
4639.5	37
4640.5	37
4641.5	38
4642.5	34
4643.5	38
4644.5	39
4645.5	33
4646.5	34
4647.5	36
4648.5	35
4649.5	36
4650.5	35
4651.5	34
4652.5	35
4653.5	33
4654.5	37
4655.5	35
4656.5	35
4657.5	37
4658.5	36
4659.5	37
4660.5	34
4661.5	35
4662.5	39
4663.5	36
4664.5	36
4665.5	37
4666.5	39
4667.5	32
4668.5	40
4669.5	32
4670.5	41
4671.5	38
4672.5	35
4673.5	36
4674.5	38
4675.5	35
4676.5	36
4677.5	36
4678.5	35
4679.5	34
4680.5	37
4681.5	39
4682.5	38
4683.5	37
4684.5	39
4685.5	38
4686.5	41
4687.5	42
4688.5	43
4689.5	42
4690.5	43
4691.5	46
4692.5	48
4693.5	51
4694.5	53
4695.5	54
4696.5	53
4697.5	56
4698.5	61
4699.5	64
4700.5	65
4701.5	68
4702.5	74
4703.5	75
4704.5	79
4705.5	77
4706.5	78
4707.5	80
4708.5	80
4709.5	75
4710.5	82
4711.5	73
4712.5	74
4713.5	72
4714.5	68
4715.5	61
4716.5	61
4717.5	60
4718.5	56
4719.5	49
4720.5	49
4721.5	45
4722.5	46
4723.5	43
4724.5	38
4725.5	39
4726.5	39
4727.5	36
4728.5	32
4729.5	33
4730.5	37
4731.5	35
4732.5	35
4733.5	33
4734.5	37
4735.5	36
4736.5	36
4737.5	35
4738.5	37
4739.5	38
4740.5	35
4741.5	35
4742.5	35
4743.5	34
4744.5	34
4745.5	35
4746.5	35
4747.5	33
4748.5	38
4749.5	37
4750.5	37
4751.5	32
4752.5	34
4753.5	35
4754.5	34
4755.5	34
4756.5	37
4757.5	34
4758.5	34
4759.5	36
4760.5	36
4761.5	35
4762.5	36
4763.5	37
4764.5	33
4765.5	37
4766.5	33
4767.5	38
4768.5	36
4769.5	36
4770.5	34
4771.5	36
4772.5	37
4773.5	36
4774.5	38
4775.5	35
4776.5	34
4777.5	36
4778.5	40
4779.5	36
4780.5	35
4781.5	35
4782.5	38
4783.5	34
4784.5	36
4785.5	32
4786.5	35
4787.5	37
4788.5	35
4789.5	39
4790.5	36
4791.5	37
4792.5	35
4793.5	39
4794.5	39
4795.5	38
4796.5	42
4797.5	42
4798.5	40
4799.5	41
4800.5	39
4801.5	41
4802.5	41
4803.5	41
4804.5	47
4805.5	49
4806.5	53
4807.5	54
4808.5	53
4809.5	58
4810.5	59
4811.5	63
4812.5	69
4813.5	71
4814.5	77
4815.5	91
4816.5	89
4817.5	101
4818.5	109
4819.5	108
4820.5	118
4821.5	123
4822.5	124
4823.5	128
4824.5	128
4825.5	131
4826.5	129
4827.5	131
4828.5	134
4829.5	119
4830.5	113
4831.5	104
4832.5	102
4833.5	95
4834.5	87
4835.5	80
4836.5	75
4837.5	69
4838.5	65
4839.5	55
4840.5	53
4841.5	48
4842.5	42
4843.5	41
4844.5	39
4845.5	40
4846.5	33
4847.5	38
4848.5	35
4849.5	36
4850.5	38
4851.5	35
4852.5	35
4853.5	36
4854.5	34
4855.5	37
4856.5	37
4857.5	35
4858.5	37
4859.5	35
4860.5	32
4861.5	35
4862.5	36
4863.5	38
4864.5	36
4865.5	36
4866.5	39
4867.5	35
4868.5	36
4869.5	36
4870.5	37
4871.5	39
4872.5	35
4873.5	39
4874.5	35
4875.5	37
4876.5	35
4877.5	36
4878.5	35
4879.5	36
4880.5	40
4881.5	35
4882.5	36
4883.5	36
4884.5	38
4885.5	37
4886.5	41
4887.5	37
4888.5	37
4889.5	38
4890.5	38
4891.5	39
4892.5	41
4893.5	41
4894.5	43
4895.5	43
4896.5	40
4897.5	42
4898.5	46
4899.5	44
4900.5	49
4901.5	51
4902.5	52
4903.5	53
4904.5	56
4905.5	58
4906.5	62
4907.5	65
4908.5	66
4909.5	67
4910.5	70
4911.5	74
4912.5	72
4913.5	73
4914.5	79
4915.5	72
4916.5	72
4917.5	73
4918.5	75
4919.5	66
4920.5	69
4921.5	60
4922.5	62
4923.5	55
4924.5	54
4925.5	49
4926.5	53
4927.5	46
4928.5	45
4929.5	44
4930.5	43
4931.5	39
4932.5	39
4933.5	39
4934.5	38
4935.5	38
4936.5	34
4937.5	40
4938.5	39
4939.5	36
4940.5	39
4941.5	39
4942.5	40
4943.5	38
4944.5	39
4945.5	38
4946.5	38
4947.5	37
4948.5	39
4949.5	40
4950.5	40
4951.5	38
4952.5	43
4953.5	42
4954.5	43
4955.5	46
4956.5	49
4957.5	51
4958.5	50
4959.5	50
4960.5	57
4961.5	59
4962.5	60
4963.5	69
4964.5	69
4965.5	78
4966.5	81
4967.5	87
4968.5	94
4969.5	102
4970.5	112
4971.5	115
4972.5	132
4973.5	141
4974.5	148
4975.5	161
4976.5	172
4977.5	181
4978.5	188
4979.5	189
4980.5	199
4981.5	204
4982.5	211
4983.5	212
4984.5	203
4985.5	197
4986.5	186
4987.5	168
4988.5	168
4989.5	146
4990.5	138
4991.5	124
4992.5	114
4993.5	108
4994.5	91
4995.5	80
4996.5	70
4997.5	61
4998.5	59
4999.5	50
5000.5	51
5001.5	44
5002.5	39
5003.5	40
5004.5	38
5005.5	36
5006.5	40
5007.5	38
5008.5	39
5009.5	39
5010.5	35
5011.5	34
5012.5	33
5013.5	35
5014.5	40
5015.5	35
5016.5	37
5017.5	40
5018.5	40
5019.5	39
5020.5	37
5021.5	38
5022.5	37
5023.5	37
5024.5	38
5025.5	36
5026.5	34
5027.5	40
5028.5	38
5029.5	39
5030.5	36
5031.5	40
5032.5	36
5033.5	37
5034.5	36
5035.5	38
5036.5	37
5037.5	34
5038.5	37
5039.5	39
5040.5	39
5041.5	39
5042.5	37
5043.5	39
5044.5	38
5045.5	37
5046.5	39
5047.5	40
5048.5	37
5049.5	38
5050.5	44
5051.5	36
5052.5	40
5053.5	41
5054.5	39
5055.5	39
5056.5	40
5057.5	41
5058.5	40
5059.5	40
5060.5	45
5061.5	43
5062.5	42
5063.5	44
5064.5	48
5065.5	48
5066.5	49
5067.5	53
5068.5	53
5069.5	62
5070.5	63
5071.5	65
5072.5	67
5073.5	73
5074.5	80
5075.5	87
5076.5	91
5077.5	98
5078.5	109
5079.5	119
5080.5	130
5081.5	142
5082.5	165
5083.5	171
5084.5	180
5085.5	195
5086.5	197
5087.5	209
5088.5	206
5089.5	223
5090.5	226
5091.5	220
5092.5	220
5093.5	221
5094.5	213
5095.5	196
5096.5	188
5097.5	172
5098.5	174
5099.5	150
5100.5	151
5101.5	131
5102.5	130
5103.5	124
5104.5	109
5105.5	99
5106.5	98
5107.5	94
5108.5	98
5109.5	94
5110.5	96
5111.5	109
5112.5	123
5113.5	124
5114.5	145
5115.5	160
5116.5	174
5117.5	192
5118.5	210
5119.5	248
5120.5	280
5121.5	294
5122.5	335
5123.5	375
5124.5	414
5125.5	462
5126.5	493
5127.5	519
5128.5	561
5129.5	575
5130.5	590
5131.5	599
5132.5	636
5133.5	611
5134.5	613
5135.5	596
5136.5	590
5137.5	538
5138.5	498
5139.5	466
5140.5	421
5141.5	374
5142.5	344
5143.5	300
5144.5	266
5145.5	230
5146.5	190
5147.5	157
5148.5	134
5149.5	113
5150.5	88
5151.5	70
5152.5	62
5153.5	50
5154.5	45
5155.5	44
5156.5	40
5157.5	41
5158.5	38
5159.5	38
5160.5	39
5161.5	40
5162.5	40
5163.5	39
5164.5	39
5165.5	38
5166.5	39
5167.5	38
5168.5	35
5169.5	35
5170.5	37
5171.5	39
5172.5	38
5173.5	36
5174.5	37
5175.5	36
5176.5	38
5177.5	38
5178.5	36
5179.5	39
5180.5	39
5181.5	36
5182.5	39
5183.5	39
5184.5	35
5185.5	34
5186.5	35
5187.5	39
5188.5	38
5189.5	38
5190.5	35
5191.5	36
5192.5	39
5193.5	40
5194.5	38
5195.5	38
5196.5	38
5197.5	40
5198.5	38
5199.5	38
5200.5	34
5201.5	35
5202.5	35
5203.5	38
5204.5	35
5205.5	36
5206.5	36
5207.5	40
5208.5	38
5209.5	39
5210.5	37
5211.5	36
5212.5	37
5213.5	37
5214.5	43
5215.5	37
5216.5	36
5217.5	37
5218.5	39
5219.5	37
5220.5	40
5221.5	39
5222.5	37
5223.5	37
5224.5	36
5225.5	40
5226.5	35
5227.5	36
5228.5	37
5229.5	35
5230.5	36
5231.5	36
5232.5	38
5233.5	37
5234.5	36
5235.5	38
5236.5	34
5237.5	40
5238.5	37
5239.5	35
5240.5	37
5241.5	34
5242.5	35
5243.5	37
5244.5	38
5245.5	38
5246.5	37
5247.5	41
5248.5	35
5249.5	34
5250.5	36
5251.5	36
5252.5	39
5253.5	36
5254.5	35
5255.5	40
5256.5	36
5257.5	39
5258.5	34
5259.5	33
5260.5	35
5261.5	37
5262.5	37
5263.5	38
5264.5	33
5265.5	34
5266.5	36
5267.5	40
5268.5	37
5269.5	36
5270.5	35
5271.5	36
5272.5	36
5273.5	35
5274.5	33
5275.5	38
5276.5	35
5277.5	35
5278.5	37
5279.5	35
5280.5	36
5281.5	34
5282.5	37
5283.5	34
5284.5	34
5285.5	39
5286.5	35
5287.5	38
5288.5	39
5289.5	37
5290.5	34
5291.5	35
5292.5	37
5293.5	41
5294.5	38
5295.5	33
5296.5	36
5297.5	38
5298.5	34
5299.5	36
5300.5	38
5301.5	37
5302.5	37
5303.5	38
5304.5	38
5305.5	37
5306.5	38
5307.5	36
5308.5	38
5309.5	38
5310.5	37
5311.5	39
5312.5	39
5313.5	41
5314.5	37
5315.5	39
5316.5	42
5317.5	44
5318.5	43
5319.5	45
5320.5	43
5321.5	45
5322.5	48
5323.5	45
5324.5	49
5325.5	51
5326.5	52
5327.5	56
5328.5	57
5329.5	60
5330.5	61
5331.5	69
5332.5	74
5333.5	77
5334.5	80
5335.5	90
5336.5	98
5337.5	97
5338.5	114
5339.5	121
5340.5	129
5341.5	147
5342.5	163
5343.5	178
5344.5	197
5345.5	224
5346.5	241
5347.5	260
5348.5	268
5349.5	285
5350.5	300
5351.5	313
5352.5	326
5353.5	331
5354.5	342
5355.5	340
5356.5	327
5357.5	322
5358.5	315
5359.5	275
5360.5	266
5361.5	238
5362.5	220
5363.5	200
5364.5	179
5365.5	163
5366.5	142
5367.5	122
5368.5	106
5369.5	89
5370.5	74
5371.5	65
5372.5	55
5373.5	48
5374.5	48
5375.5	44
5376.5	39
5377.5	41
5378.5	41
5379.5	41
5380.5	40
5381.5	40
5382.5	42
5383.5	43
5384.5	44
5385.5	45
5386.5	46
5387.5	44
5388.5	47
5389.5	51
5390.5	51
5391.5	52
5392.5	53
5393.5	57
5394.5	61
5395.5	64
5396.5	71
5397.5	68
5398.5	75
5399.5	78
5400.5	86
5401.5	91
5402.5	87
5403.5	94
5404.5	96
5405.5	97
5406.5	97
5407.5	104
5408.5	101
5409.5	100
5410.5	102
5411.5	97
5412.5	93
5413.5	91
5414.5	84
5415.5	78
5416.5	73
5417.5	72
5418.5	62
5419.5	59
5420.5	59
5421.5	51
5422.5	46
5423.5	45
5424.5	41
5425.5	39
5426.5	36
5427.5	39
5428.5	36
5429.5	37
5430.5	34
5431.5	36
5432.5	36
5433.5	36
5434.5	32
5435.5	39
5436.5	39
5437.5	36
5438.5	34
5439.5	36
5440.5	34
5441.5	36
5442.5	39
5443.5	38
5444.5	38
5445.5	35
5446.5	35
5447.5	36
5448.5	39
5449.5	36
5450.5	35
5451.5	38
5452.5	37
5453.5	33
5454.5	38
5455.5	35
5456.5	34
5457.5	38
5458.5	38
5459.5	37
5460.5	35
5461.5	36
5462.5	36
5463.5	34
5464.5	38
5465.5	35
5466.5	37
5467.5	36
5468.5	35
5469.5	34
5470.5	36
5471.5	37
5472.5	35
5473.5	37
5474.5	35
5475.5	36
5476.5	37
5477.5	35
5478.5	34
5479.5	36
5480.5	36
5481.5	37
5482.5	39
5483.5	36
5484.5	33
5485.5	37
5486.5	34
5487.5	36
5488.5	37
5489.5	37
5490.5	39
5491.5	37
5492.5	30
5493.5	35
5494.5	36
5495.5	36
5496.5	37
5497.5	35
5498.5	37
5499.5	37
5500.5	37
5501.5	38
5502.5	38
5503.5	38
5504.5	37
5505.5	37
5506.5	38
5507.5	39
5508.5	42
5509.5	37
5510.5	40
5511.5	43
5512.5	42
5513.5	42
5514.5	43
5515.5	45
5516.5	47
5517.5	47
5518.5	49
5519.5	50
5520.5	55
5521.5	56
5522.5	60
5523.5	57
5524.5	66
5525.5	69
5526.5	69
5527.5	78
5528.5	82
5529.5	88
5530.5	98
5531.5	112
5532.5	113
5533.5	117
5534.5	128
5535.5	133
5536.5	138
5537.5	137
5538.5	146
5539.5	147
5540.5	143
5541.5	142
5542.5	155
5543.5	138
5544.5	139
5545.5	127
5546.5	114
5547.5	115
5548.5	104
5549.5	96
5550.5	87
5551.5	83
5552.5	73
5553.5	68
5554.5	59
5555.5	55
5556.5	51
5557.5	44
5558.5	40
5559.5	39
5560.5	36
5561.5	37
5562.5	38
5563.5	32
5564.5	35
5565.5	30
5566.5	34
5567.5	36
5568.5	37
5569.5	34
5570.5	33
5571.5	37
5572.5	32
5573.5	39
5574.5	34
5575.5	35
5576.5	35
5577.5	38
5578.5	35
5579.5	36
5580.5	32
5581.5	37
5582.5	35
5583.5	39
5584.5	34
5585.5	36
5586.5	33
5587.5	36
5588.5	34
5589.5	35
5590.5	34
5591.5	34
5592.5	34
5593.5	37
5594.5	38
5595.5	32
5596.5	38
5597.5	38
5598.5	33
5599.5	35
5600.5	34
5601.5	38
5602.5	36
5603.5	37
5604.5	32
5605.5	34
5606.5	38
5607.5	37
5608.5	33
5609.5	35
5610.5	35
5611.5	39
5612.5	35
5613.5	37
5614.5	32
5615.5	37
5616.5	34
5617.5	37
5618.5	38
5619.5	38
5620.5	39
5621.5	34
5622.5	32
5623.5	35
5624.5	37
5625.5	35
5626.5	37
5627.5	35
5628.5	34
5629.5	38
5630.5	37
5631.5	43
5632.5	38
5633.5	34
5634.5	33
5635.5	36
5636.5	38
5637.5	39
5638.5	37
5639.5	37
5640.5	36
5641.5	35
5642.5	36
5643.5	36
5644.5	37
5645.5	34
5646.5	35
5647.5	35
5648.5	37
5649.5	39
5650.5	38
5651.5	40
5652.5	37
5653.5	41
5654.5	40
5655.5	39
5656.5	40
5657.5	43
5658.5	40
5659.5	40
5660.5	42
5661.5	47
5662.5	45
5663.5	45
5664.5	48
5665.5	48
5666.5	49
5667.5	54
5668.5	57
5669.5	58
5670.5	62
5671.5	65
5672.5	70
5673.5	69
5674.5	82
5675.5	81
5676.5	88
5677.5	97
5678.5	103
5679.5	101
5680.5	123
5681.5	132
5682.5	143
5683.5	148
5684.5	173
5685.5	183
5686.5	195
5687.5	210
5688.5	214
5689.5	221
5690.5	227
5691.5	232
5692.5	237
5693.5	241
5694.5	248
5695.5	244
5696.5	241
5697.5	218
5698.5	208
5699.5	198
5700.5	183
5701.5	170
5702.5	156
5703.5	141
5704.5	136
5705.5	117
5706.5	100
5707.5	84
5708.5	73
5709.5	58
5710.5	49
5711.5	49
5712.5	42
5713.5	39
5714.5	38
5715.5	38
5716.5	37
5717.5	38
5718.5	38
5719.5	36
5720.5	38
5721.5	36
5722.5	37
5723.5	38
5724.5	39
5725.5	38
5726.5	36
5727.5	35
5728.5	35
5729.5	38
5730.5	39
5731.5	38
5732.5	40
5733.5	40
5734.5	40
5735.5	43
5736.5	41
5737.5	44
5738.5	46
5739.5	45
5740.5	45
5741.5	48
5742.5	46
5743.5	48
5744.5	55
5745.5	55
5746.5	57
5747.5	59
5748.5	62
5749.5	62
5750.5	67
5751.5	75
5752.5	85
5753.5	83
5754.5	91
5755.5	94
5756.5	103
5757.5	120
5758.5	122
5759.5	127
5760.5	139
5761.5	138
5762.5	141
5763.5	156
5764.5	152
5765.5	155
5766.5	151
5767.5	155
5768.5	151
5769.5	146
5770.5	140
5771.5	129
5772.5	123
5773.5	110
5774.5	107
5775.5	106
5776.5	90
5777.5	86
5778.5	77
5779.5	63
5780.5	55
5781.5	53
5782.5	46
5783.5	42
5784.5	40
5785.5	36
5786.5	37
5787.5	36
5788.5	33
5789.5	34
5790.5	34
5791.5	37
5792.5	35
5793.5	34
5794.5	32
5795.5	37
5796.5	34
5797.5	37
5798.5	36
5799.5	37
5800.5	35
5801.5	33
5802.5	32
5803.5	35
5804.5	33
5805.5	35
5806.5	32
5807.5	33
5808.5	35
5809.5	35
5810.5	33
5811.5	37
5812.5	37
5813.5	37
5814.5	35
5815.5	34
5816.5	34
5817.5	33
5818.5	36
5819.5	37
5820.5	33
5821.5	32
5822.5	32
5823.5	33
5824.5	32
5825.5	37
5826.5	34
5827.5	36
5828.5	35
5829.5	37
5830.5	36
5831.5	36
5832.5	33
5833.5	38
5834.5	35
5835.5	35
5836.5	35
5837.5	35
5838.5	35
5839.5	39
5840.5	35
5841.5	37
5842.5	33
5843.5	38
5844.5	35
5845.5	32
5846.5	34
5847.5	34
5848.5	38
5849.5	38
5850.5	36
5851.5	34
5852.5	34
5853.5	34
5854.5	35
5855.5	34
5856.5	33
5857.5	37
5858.5	32
5859.5	40
5860.5	34
5861.5	37
5862.5	34
5863.5	35
5864.5	35
5865.5	35
5866.5	35
5867.5	33
5868.5	35
5869.5	36
5870.5	34
5871.5	35
5872.5	34
5873.5	33
5874.5	32
5875.5	37
5876.5	34
5877.5	37
5878.5	37
5879.5	33
5880.5	34
5881.5	35
5882.5	34
5883.5	35
5884.5	37
5885.5	34
5886.5	33
5887.5	36
5888.5	32
5889.5	37
5890.5	32
5891.5	36
5892.5	36
5893.5	32
5894.5	33
5895.5	34
5896.5	32
5897.5	34
5898.5	32
5899.5	35
5900.5	35
5901.5	35
5902.5	32
5903.5	38
5904.5	33
5905.5	37
5906.5	36
5907.5	35
5908.5	38
5909.5	29
5910.5	34
5911.5	33
5912.5	38
5913.5	38
5914.5	30
5915.5	34
5916.5	34
5917.5	36
5918.5	38
5919.5	35
5920.5	38
5921.5	35
5922.5	34
5923.5	33
5924.5	38
5925.5	34
5926.5	35
5927.5	33
5928.5	38
5929.5	35
5930.5	32
5931.5	36
5932.5	35
5933.5	34
5934.5	33
5935.5	36
5936.5	37
5937.5	33
5938.5	36
5939.5	33
5940.5	35
5941.5	34
5942.5	34
5943.5	36
5944.5	34
5945.5	32
5946.5	37
5947.5	33
5948.5	32
5949.5	39
5950.5	35
5951.5	35
5952.5	38
5953.5	36
5954.5	36
5955.5	33
5956.5	35
5957.5	35
5958.5	33
5959.5	34
5960.5	36
5961.5	34
5962.5	34
5963.5	36
5964.5	35
5965.5	31
5966.5	38
5967.5	38
5968.5	36
5969.5	35
5970.5	37
5971.5	35
5972.5	37
5973.5	36
5974.5	36
5975.5	34
5976.5	35
5977.5	36
5978.5	34
5979.5	32
5980.5	37
5981.5	35
5982.5	34
5983.5	39
5984.5	36
5985.5	34
5986.5	36
5987.5	37
5988.5	37
5989.5	38
5990.5	37
5991.5	37
5992.5	36
5993.5	35
5994.5	34
5995.5	35
5996.5	35
5997.5	35
5998.5	33
5999.5	38
6000.5	36
6001.5	34
6002.5	35
6003.5	35
6004.5	33
6005.5	35
6006.5	36
6007.5	37
6008.5	34
6009.5	37
6010.5	37
6011.5	34
6012.5	35
6013.5	34
6014.5	35
6015.5	34
6016.5	33
6017.5	37
6018.5	38
6019.5	35
6020.5	37
6021.5	33
6022.5	35
6023.5	35
6024.5	37
6025.5	34
6026.5	37
6027.5	33
6028.5	34
6029.5	37
6030.5	33
6031.5	35
6032.5	37
6033.5	34
6034.5	35
6035.5	35
6036.5	35
6037.5	37
6038.5	32
6039.5	35
6040.5	33
6041.5	36
6042.5	37
6043.5	38
6044.5	34
6045.5	34
6046.5	34
6047.5	34
6048.5	34
6049.5	35
6050.5	32
6051.5	34
6052.5	32
6053.5	34
6054.5	37
6055.5	38
6056.5	33
6057.5	33
6058.5	33
6059.5	36
6060.5	34
6061.5	35
6062.5	31
6063.5	35
6064.5	36
6065.5	35
6066.5	33
6067.5	35
6068.5	33
6069.5	33
6070.5	35
6071.5	34
6072.5	36
6073.5	34
6074.5	34
6075.5	36
6076.5	34
6077.5	34
6078.5	37
6079.5	38
6080.5	35
6081.5	37
6082.5	38
6083.5	37
6084.5	32
6085.5	33
6086.5	35
6087.5	37
6088.5	35
6089.5	37
6090.5	38
6091.5	37
6092.5	35
6093.5	36
6094.5	39
6095.5	37
6096.5	38
6097.5	40
6098.5	38
6099.5	38
6100.5	40
6101.5	38
6102.5	40
6103.5	37
6104.5	40
6105.5	41
6106.5	36
6107.5	38
6108.5	43
6109.5	38
6110.5	43
6111.5	45
6112.5	47
6113.5	50
6114.5	48
6115.5	50
6116.5	53
6117.5	50
6118.5	54
6119.5	60
6120.5	63
6121.5	69
6122.5	70
6123.5	69
6124.5	75
6125.5	81
6126.5	89
6127.5	96
6128.5	104
6129.5	113
6130.5	119
6131.5	125
6132.5	131
6133.5	134
6134.5	146
6135.5	156
6136.5	155
6137.5	156
6138.5	151
6139.5	155
6140.5	158
6141.5	147
6142.5	140
6143.5	138
6144.5	130
6145.5	118
6146.5	111
6147.5	97
6148.5	87
6149.5	80
6150.5	75
6151.5	71
6152.5	64
6153.5	61
6154.5	54
6155.5	52
6156.5	48
6157.5	46
6158.5	42
6159.5	43
6160.5	39
6161.5	40
6162.5	34
6163.5	39
6164.5	36
6165.5	35
6166.5	35
6167.5	38
6168.5	34
6169.5	36
6170.5	38
6171.5	37
6172.5	34
6173.5	35
6174.5	34
6175.5	35
6176.5	33
6177.5	35
6178.5	35
6179.5	37
6180.5	33
6181.5	36
6182.5	33
6183.5	35
6184.5	35
6185.5	32
6186.5	36
6187.5	36
6188.5	34
6189.5	37
6190.5	32
6191.5	36
6192.5	34
6193.5	34
6194.5	31
6195.5	35
6196.5	34
6197.5	36
6198.5	33
6199.5	35
6200.5	33
6201.5	38
6202.5	35
6203.5	31
6204.5	36
6205.5	32
6206.5	35
6207.5	33
6208.5	33
6209.5	36
6210.5	35
6211.5	33
6212.5	33
6213.5	36
6214.5	32
6215.5	32
6216.5	32
6217.5	35
6218.5	34
6219.5	34
6220.5	34
6221.5	33
6222.5	33
6223.5	32
6224.5	34
6225.5	36
6226.5	35
6227.5	34
6228.5	34
6229.5	34
6230.5	33
6231.5	33
6232.5	34
6233.5	33
6234.5	36
6235.5	34
6236.5	33
6237.5	35
6238.5	36
6239.5	37
6240.5	34
6241.5	33
6242.5	34
6243.5	35
6244.5	34
6245.5	35
6246.5	35
6247.5	34
6248.5	33
6249.5	35
6250.5	33
6251.5	34
6252.5	33
6253.5	32
6254.5	36
6255.5	35
6256.5	34
6257.5	35
6258.5	35
6259.5	32
6260.5	35
6261.5	32
6262.5	35
6263.5	32
6264.5	36
6265.5	35
6266.5	33
6267.5	35
6268.5	34
6269.5	33
6270.5	33
6271.5	35
6272.5	34
6273.5	34
6274.5	33
6275.5	35
6276.5	38
6277.5	32
6278.5	32
6279.5	34
6280.5	37
6281.5	37
6282.5	32
6283.5	34
6284.5	34
6285.5	32
6286.5	35
6287.5	35
6288.5	34
6289.5	33
6290.5	37
6291.5	35
6292.5	34
6293.5	34
6294.5	34
6295.5	35
6296.5	35
6297.5	35
6298.5	33
6299.5	35
6300.5	37
6301.5	35
6302.5	33
6303.5	35
6304.5	34
6305.5	36
6306.5	33
6307.5	35
6308.5	32
6309.5	35
6310.5	33
6311.5	34
6312.5	32
6313.5	36
6314.5	34
6315.5	34
6316.5	35
6317.5	36
6318.5	36
6319.5	36
6320.5	33
6321.5	36
6322.5	32
6323.5	36
6324.5	35
6325.5	32
6326.5	29
6327.5	34
6328.5	34
6329.5	40
6330.5	34
6331.5	35
6332.5	33
6333.5	35
6334.5	34
6335.5	38
6336.5	33
6337.5	33
6338.5	36
6339.5	32
6340.5	38
6341.5	34
6342.5	38
6343.5	33
6344.5	34
6345.5	32
6346.5	31
6347.5	32
6348.5	35
6349.5	34
6350.5	35
6351.5	34
6352.5	32
6353.5	35
6354.5	34
6355.5	36
6356.5	32
6357.5	33
6358.5	34
6359.5	35
6360.5	35
6361.5	34
6362.5	35
6363.5	37
6364.5	34
6365.5	33
6366.5	36
6367.5	32
6368.5	33
6369.5	32
6370.5	34
6371.5	35
6372.5	34
6373.5	32
6374.5	32
6375.5	34
6376.5	32
6377.5	34
6378.5	36
6379.5	35
6380.5	34
6381.5	31
6382.5	34
6383.5	33
6384.5	33
6385.5	34
6386.5	32
6387.5	35
6388.5	31
6389.5	32
6390.5	35
6391.5	35
6392.5	36
6393.5	35
6394.5	37
6395.5	35
6396.5	34
6397.5	36
6398.5	35
6399.5	32
6400.5	34
6401.5	32
6402.5	35
6403.5	32
6404.5	36
6405.5	34
6406.5	34
6407.5	36
6408.5	34
6409.5	36
6410.5	33
6411.5	36
6412.5	32
6413.5	33
6414.5	37
6415.5	34
6416.5	35
6417.5	32
6418.5	35
6419.5	33
6420.5	34
6421.5	34
6422.5	34
6423.5	34
6424.5	35
6425.5	32
6426.5	34
6427.5	34
6428.5	35
6429.5	37
6430.5	35
6431.5	34
6432.5	36
6433.5	35
6434.5	34
6435.5	33
6436.5	33
6437.5	33
6438.5	34
6439.5	32
6440.5	35
6441.5	33
6442.5	37
6443.5	34
6444.5	34
6445.5	34
6446.5	36
6447.5	35
6448.5	34
6449.5	33
6450.5	32
6451.5	34
6452.5	34
6453.5	29
6454.5	32
6455.5	33
6456.5	33
6457.5	36
6458.5	32
6459.5	33
6460.5	33
6461.5	33
6462.5	34
6463.5	35
6464.5	32
6465.5	33
6466.5	34
6467.5	35
6468.5	34
6469.5	33
6470.5	33
6471.5	33
6472.5	35
6473.5	35
6474.5	32
6475.5	32
6476.5	34
6477.5	33
6478.5	34
6479.5	32
6480.5	33
6481.5	35
6482.5	32
6483.5	35
6484.5	34
6485.5	34
6486.5	35
6487.5	33
6488.5	34
6489.5	35
6490.5	33
6491.5	32
6492.5	32
6493.5	32
6494.5	32
6495.5	34
6496.5	32
6497.5	35
6498.5	33
6499.5	34
6500.5	34
6501.5	37
6502.5	35
6503.5	35
6504.5	33
6505.5	32
6506.5	35
6507.5	35
6508.5	35
6509.5	36
6510.5	34
6511.5	36
6512.5	34
6513.5	34
6514.5	32
6515.5	34
6516.5	34
6517.5	33
6518.5	32
6519.5	36
6520.5	36
6521.5	33
6522.5	34
6523.5	35
6524.5	32
6525.5	37
6526.5	34
6527.5	34
6528.5	34
6529.5	33
6530.5	31
6531.5	36
6532.5	35
6533.5	33
6534.5	32
6535.5	35
6536.5	35
6537.5	34
6538.5	33
6539.5	34
6540.5	33
6541.5	34
6542.5	34
6543.5	33
6544.5	35
6545.5	31
6546.5	33
6547.5	35
6548.5	33
6549.5	36
6550.5	37
6551.5	35
6552.5	34
6553.5	33
6554.5	35
6555.5	33
6556.5	37
6557.5	37
6558.5	38
6559.5	34
6560.5	35
6561.5	33
6562.5	36
6563.5	32
6564.5	36
6565.5	34
6566.5	37
6567.5	31
6568.5	35
6569.5	34
6570.5	34
6571.5	34
6572.5	33
6573.5	32
6574.5	32
6575.5	34
6576.5	35
6577.5	33
6578.5	35
6579.5	34
6580.5	35
6581.5	36
6582.5	32
6583.5	34
6584.5	32
6585.5	34
6586.5	34
6587.5	33
6588.5	33
6589.5	34
6590.5	33
6591.5	33
6592.5	34
6593.5	34
6594.5	34
6595.5	33
6596.5	35
6597.5	32
6598.5	29
6599.5	35
6600.5	33
6601.5	36
6602.5	34
6603.5	35
6604.5	37
6605.5	33
6606.5	35
6607.5	29
6608.5	34
6609.5	34
6610.5	34
6611.5	36
6612.5	32
6613.5	32
6614.5	32
6615.5	34
6616.5	33
6617.5	34
6618.5	33
6619.5	35
6620.5	35
6621.5	35
6622.5	34
6623.5	32
6624.5	35
6625.5	35
6626.5	35
6627.5	32
6628.5	34
6629.5	37
6630.5	34
6631.5	36
6632.5	31
6633.5	37
6634.5	35
6635.5	33
6636.5	32
6637.5	34
6638.5	35
6639.5	33
6640.5	35
6641.5	33
6642.5	34
6643.5	36
6644.5	35
6645.5	33
6646.5	34
6647.5	34
6648.5	35
6649.5	35
6650.5	36
6651.5	33
6652.5	34
6653.5	34
6654.5	34
6655.5	35
6656.5	33
6657.5	34
6658.5	33
6659.5	35
6660.5	37
6661.5	34
6662.5	34
6663.5	34
6664.5	38
6665.5	35
6666.5	34
6667.5	32
6668.5	32
6669.5	34
6670.5	32
6671.5	34
6672.5	32
6673.5	41
6674.5	34
6675.5	34
6676.5	33
6677.5	36
6678.5	33
6679.5	33
6680.5	32
6681.5	35
6682.5	32
6683.5	35
6684.5	33
6685.5	35
6686.5	33
6687.5	34
6688.5	36
6689.5	33
6690.5	35
6691.5	32
6692.5	32
6693.5	33
6694.5	30
6695.5	36
6696.5	33
6697.5	34
6698.5	33
6699.5	33
6700.5	32
6701.5	34
6702.5	34
6703.5	34
6704.5	35
6705.5	34
6706.5	32
6707.5	35
6708.5	32
6709.5	32
6710.5	33
6711.5	35
6712.5	34
6713.5	34
6714.5	34
6715.5	34
6716.5	35
6717.5	35
6718.5	34
6719.5	36
6720.5	34
6721.5	35
6722.5	36
6723.5	34
6724.5	33
6725.5	32
6726.5	31
6727.5	36
6728.5	35
6729.5	35
6730.5	34
6731.5	32
6732.5	32
6733.5	31
6734.5	33
6735.5	33
6736.5	32
6737.5	33
6738.5	33
6739.5	33
6740.5	33
6741.5	34
6742.5	30
6743.5	35
6744.5	34
6745.5	37
6746.5	35
6747.5	32
6748.5	33
6749.5	32
6750.5	34
6751.5	35
6752.5	37
6753.5	34
6754.5	37
6755.5	33
6756.5	32
6757.5	35
6758.5	31
6759.5	34
6760.5	35
6761.5	33
6762.5	34
6763.5	34
6764.5	33
6765.5	33
6766.5	32
6767.5	34
6768.5	35
6769.5	35
6770.5	36
6771.5	33
6772.5	36
6773.5	35
6774.5	35
6775.5	32
6776.5	33
6777.5	33
6778.5	34
6779.5	37
6780.5	38
6781.5	35
6782.5	33
6783.5	35
6784.5	35
6785.5	38
6786.5	32
6787.5	33
6788.5	35
6789.5	33
6790.5	32
6791.5	32
6792.5	33
6793.5	34
6794.5	32
6795.5	33
6796.5	33
6797.5	34
6798.5	35
6799.5	33
6800.5	34
6801.5	35
6802.5	34
6803.5	36
6804.5	36
6805.5	38
6806.5	35
6807.5	33
6808.5	33
6809.5	34
6810.5	33
6811.5	34
6812.5	39
6813.5	34
6814.5	34
6815.5	32
6816.5	32
6817.5	31
6818.5	33
6819.5	33
6820.5	35
6821.5	32
6822.5	34
6823.5	32
6824.5	34
6825.5	34
6826.5	34
6827.5	36
6828.5	35
6829.5	35
6830.5	32
6831.5	34
6832.5	33
6833.5	37
6834.5	34
6835.5	36
6836.5	35
6837.5	36
6838.5	37
6839.5	34
6840.5	32
6841.5	34
6842.5	32
6843.5	36
6844.5	33
6845.5	36
6846.5	33
6847.5	35
6848.5	35
6849.5	36
6850.5	34
6851.5	34
6852.5	34
6853.5	32
6854.5	35
6855.5	35
6856.5	32
6857.5	35
6858.5	34
6859.5	34
6860.5	32
6861.5	32
6862.5	35
6863.5	32
6864.5	34
6865.5	33
6866.5	30
6867.5	32
6868.5	35
6869.5	32
6870.5	34
6871.5	34
6872.5	32
6873.5	36
6874.5	32
6875.5	35
6876.5	32
6877.5	34
6878.5	33
6879.5	35
6880.5	35
6881.5	33
6882.5	35
6883.5	34
6884.5	34
6885.5	37
6886.5	35
6887.5	34
6888.5	33
6889.5	37
6890.5	32
6891.5	33
6892.5	35
6893.5	34
6894.5	34
6895.5	34
6896.5	32
6897.5	33
6898.5	32
6899.5	35
6900.5	32
6901.5	36
6902.5	34
6903.5	37
6904.5	33
6905.5	33
6906.5	29
6907.5	35
6908.5	33
6909.5	32
6910.5	34
6911.5	33
6912.5	33
6913.5	33
6914.5	33
6915.5	33
6916.5	35
6917.5	33
6918.5	33
6919.5	34
6920.5	35
6921.5	34
6922.5	36
6923.5	37
6924.5	33
6925.5	36
6926.5	37
6927.5	33
6928.5	34
6929.5	35
6930.5	34
6931.5	32
6932.5	33
6933.5	35
6934.5	34
6935.5	33
6936.5	34
6937.5	34
6938.5	33
6939.5	34
6940.5	34
6941.5	35
6942.5	33
6943.5	35
6944.5	32
6945.5	33
6946.5	35
6947.5	35
6948.5	35
6949.5	35
6950.5	35
6951.5	30
6952.5	34
6953.5	32
6954.5	38
6955.5	34
6956.5	35
6957.5	33
6958.5	35
6959.5	35
6960.5	33
6961.5	33
6962.5	34
6963.5	36
6964.5	34
6965.5	32
6966.5	36
6967.5	34
6968.5	38
6969.5	35
6970.5	37
6971.5	35
6972.5	35
6973.5	34
6974.5	35
6975.5	35
6976.5	35
6977.5	33
6978.5	35
6979.5	31
6980.5	35
6981.5	35
6982.5	34
6983.5	36
6984.5	35
6985.5	34
6986.5	33
6987.5	34
6988.5	33
6989.5	35
6990.5	35
6991.5	33
6992.5	35
6993.5	34
6994.5	35
6995.5	34
6996.5	35
6997.5	33
6998.5	35
6999.5	36
7000.5	33
7001.5	33
7002.5	33
7003.5	35
7004.5	33
7005.5	32
7006.5	35
7007.5	34
7008.5	35
7009.5	33
7010.5	39
7011.5	33
7012.5	33
7013.5	39
7014.5	33
7015.5	34
7016.5	38
7017.5	32
7018.5	34
7019.5	34
7020.5	34
7021.5	35
7022.5	34
7023.5	36
7024.5	32
7025.5	36
7026.5	33
7027.5	35
7028.5	35
7029.5	36
7030.5	31
7031.5	33
7032.5	34
7033.5	32
7034.5	35
7035.5	32
7036.5	32
7037.5	36
7038.5	35
7039.5	36
7040.5	35
7041.5	33
7042.5	34
7043.5	37
7044.5	34
7045.5	33
7046.5	34
7047.5	35
7048.5	34
7049.5	34
7050.5	34
7051.5	32
7052.5	34
7053.5	33
7054.5	34
7055.5	36
7056.5	34
7057.5	34
7058.5	32
7059.5	38
7060.5	32
7061.5	36
7062.5	36
7063.5	36
7064.5	37
7065.5	32
7066.5	36
7067.5	32
7068.5	35
7069.5	35
7070.5	35
7071.5	33
7072.5	34
7073.5	32
7074.5	35
7075.5	33
7076.5	32
7077.5	35
7078.5	34
7079.5	34
7080.5	35
7081.5	33
7082.5	32
7083.5	32
7084.5	34
7085.5	32
7086.5	32
7087.5	34
7088.5	32
7089.5	35
7090.5	33
7091.5	34
7092.5	34
7093.5	35
7094.5	34
7095.5	34
7096.5	34
7097.5	33
7098.5	36
7099.5	37
7100.5	36
7101.5	36
7102.5	33
7103.5	32
7104.5	33
7105.5	32
7106.5	32
7107.5	31
7108.5	32
7109.5	34
7110.5	34
7111.5	35
7112.5	36
7113.5	34
7114.5	34
7115.5	32
7116.5	32
7117.5	37
7118.5	34
7119.5	33
7120.5	34
7121.5	36
7122.5	33
7123.5	32
7124.5	34
7125.5	36
7126.5	34
7127.5	34
7128.5	32
7129.5	35
7130.5	32
7131.5	34
7132.5	33
7133.5	34
7134.5	32
7135.5	37
7136.5	33
7137.5	36
7138.5	32
7139.5	36
7140.5	33
7141.5	35
7142.5	33
7143.5	34
7144.5	34
7145.5	34
7146.5	33
7147.5	33
7148.5	33
7149.5	33
7150.5	34
7151.5	33
7152.5	38
7153.5	34
7154.5	32
7155.5	33
7156.5	33
7157.5	34
7158.5	31
7159.5	30
7160.5	35
7161.5	36
7162.5	35
7163.5	34
7164.5	35
7165.5	32
7166.5	35
7167.5	34
7168.5	35
7169.5	32
7170.5	33
7171.5	32
7172.5	35
7173.5	35
7174.5	34
7175.5	33
7176.5	34
7177.5	32
7178.5	33
7179.5	37
7180.5	33
7181.5	35
7182.5	34
7183.5	35
7184.5	35
7185.5	36
7186.5	32
7187.5	33
7188.5	36
7189.5	36
7190.5	36
7191.5	38
7192.5	36
7193.5	34
7194.5	32
7195.5	36
7196.5	34
7197.5	33
7198.5	35
7199.5	32
7200.5	34
7201.5	34
7202.5	36
7203.5	37
7204.5	33
7205.5	33
7206.5	35
7207.5	34
7208.5	32
7209.5	35
7210.5	35
7211.5	35
7212.5	32
7213.5	35
7214.5	34
7215.5	36
7216.5	33
7217.5	35
7218.5	33
7219.5	37
7220.5	31
7221.5	35
7222.5	35
7223.5	32
7224.5	34
7225.5	32
7226.5	34
7227.5	35
7228.5	32
7229.5	33
7230.5	36
7231.5	32
7232.5	32
7233.5	32
7234.5	33
7235.5	35
7236.5	33
7237.5	32
7238.5	32
7239.5	37
7240.5	33
7241.5	33
7242.5	34
7243.5	35
7244.5	35
7245.5	33
7246.5	35
7247.5	34
7248.5	33
7249.5	33
7250.5	32
7251.5	32
7252.5	33
7253.5	33
7254.5	33
7255.5	34
7256.5	33
7257.5	36
7258.5	30
7259.5	33
7260.5	36
7261.5	33
7262.5	33
7263.5	34
7264.5	36
7265.5	35
7266.5	35
7267.5	36
7268.5	31
7269.5	34
7270.5	32
7271.5	32
7272.5	34
7273.5	33
7274.5	34
7275.5	32
7276.5	36
7277.5	33
7278.5	34
7279.5	33
7280.5	34
7281.5	35
7282.5	34
7283.5	32
7284.5	33
7285.5	32
7286.5	35
7287.5	34
7288.5	31
7289.5	38
7290.5	33
7291.5	36
7292.5	34
7293.5	35
7294.5	33
7295.5	32
7296.5	37
7297.5	33
7298.5	34
7299.5	33
7300.5	32
7301.5	33
7302.5	35
7303.5	34
7304.5	33
7305.5	32
7306.5	32
7307.5	33
7308.5	32
7309.5	33
7310.5	40
7311.5	36
7312.5	33
7313.5	34
7314.5	34
7315.5	35
7316.5	34
7317.5	36
7318.5	33
7319.5	35
7320.5	34
7321.5	33
7322.5	33
7323.5	35
7324.5	35
7325.5	35
7326.5	34
7327.5	34
7328.5	33
7329.5	39
7330.5	33
7331.5	34
7332.5	39
7333.5	32
7334.5	32
7335.5	33
7336.5	35
7337.5	35
7338.5	32
7339.5	33
7340.5	33
7341.5	33
7342.5	35
7343.5	37
7344.5	37
7345.5	35
7346.5	36
7347.5	34
7348.5	33
7349.5	37
7350.5	32
7351.5	32
7352.5	33
7353.5	32
7354.5	34
7355.5	35
7356.5	36
7357.5	35
7358.5	34
7359.5	35
7360.5	32
7361.5	33
7362.5	35
7363.5	36
7364.5	33
7365.5	34
7366.5	35
7367.5	34
7368.5	32
7369.5	32
7370.5	35
7371.5	34
7372.5	33
7373.5	30
7374.5	32
7375.5	35
7376.5	34
7377.5	37
7378.5	35
7379.5	37
7380.5	32
7381.5	36
7382.5	32
7383.5	33
7384.5	35
7385.5	36
7386.5	35
7387.5	35
7388.5	32
7389.5	35
7390.5	32
7391.5	33
7392.5	32
7393.5	34
7394.5	34
7395.5	32
7396.5	36
7397.5	35
7398.5	32
7399.5	34
7400.5	34
7401.5	33
7402.5	34
7403.5	34
7404.5	35
7405.5	34
7406.5	33
7407.5	35
7408.5	34
7409.5	34
7410.5	38
7411.5	34
7412.5	34
7413.5	35
7414.5	33
7415.5	32
7416.5	35
7417.5	34
7418.5	34
7419.5	32
7420.5	33
7421.5	36
7422.5	35
7423.5	33
7424.5	37
7425.5	34
7426.5	33
7427.5	33
7428.5	32
7429.5	32
7430.5	32
7431.5	33
7432.5	36
7433.5	35
7434.5	33
7435.5	32
7436.5	33
7437.5	34
7438.5	30
7439.5	35
7440.5	35
7441.5	31
7442.5	34
7443.5	33
7444.5	34
7445.5	32
7446.5	32
7447.5	32
7448.5	35
7449.5	35
7450.5	34
7451.5	33
7452.5	37
7453.5	39
7454.5	35
7455.5	34
7456.5	33
7457.5	33
7458.5	37
7459.5	35
7460.5	32
7461.5	36
7462.5	31
7463.5	35
7464.5	32
7465.5	36
7466.5	33
7467.5	34
7468.5	35
7469.5	33
7470.5	36
7471.5	37
7472.5	37
7473.5	33
7474.5	31
7475.5	33
7476.5	34
7477.5	35
7478.5	34
7479.5	32
7480.5	33
7481.5	33
7482.5	35
7483.5	34
7484.5	33
7485.5	35
7486.5	33
7487.5	35
7488.5	32
7489.5	33
7490.5	33
7491.5	35
7492.5	36
7493.5	32
7494.5	32
7495.5	35
7496.5	34
7497.5	35
7498.5	35
7499.5	35
7500.5	34
7501.5	32
7502.5	32
7503.5	33
7504.5	35
7505.5	32
7506.5	34
7507.5	34
7508.5	32
7509.5	37
7510.5	37
7511.5	35
7512.5	33
7513.5	34
7514.5	33
7515.5	35
7516.5	33
7517.5	32
7518.5	32
7519.5	33
7520.5	32
7521.5	35
7522.5	32
7523.5	30
7524.5	33
7525.5	33
7526.5	34
7527.5	33
7528.5	33
7529.5	33
7530.5	35
7531.5	37
7532.5	34
7533.5	35
7534.5	32
7535.5	34
7536.5	34
7537.5	34
7538.5	30
7539.5	35
7540.5	32
7541.5	35
7542.5	34
7543.5	32
7544.5	30
7545.5	34
7546.5	33
7547.5	34
7548.5	35
7549.5	34
7550.5	34
7551.5	35
7552.5	33
7553.5	34
7554.5	33
7555.5	35
7556.5	32
7557.5	34
7558.5	34
7559.5	37
7560.5	36
7561.5	34
7562.5	34
7563.5	33
7564.5	32
7565.5	35
7566.5	35
7567.5	34
7568.5	34
7569.5	32
7570.5	37
7571.5	33
7572.5	34
7573.5	33
7574.5	34
7575.5	32
7576.5	29
7577.5	32
7578.5	34
7579.5	35
7580.5	37
7581.5	34
7582.5	38
7583.5	33
7584.5	33
7585.5	36
7586.5	32
7587.5	35
7588.5	36
7589.5	34
7590.5	35
7591.5	35
7592.5	35
7593.5	33
7594.5	33
7595.5	34
7596.5	36
7597.5	32
7598.5	32
7599.5	35
7600.5	33
7601.5	37
7602.5	35
7603.5	34
7604.5	33
7605.5	33
7606.5	38
7607.5	34
7608.5	33
7609.5	36
7610.5	32
7611.5	32
7612.5	32
7613.5	33
7614.5	39
7615.5	35
7616.5	32
7617.5	36
7618.5	34
7619.5	34
7620.5	32
7621.5	33
7622.5	29
7623.5	35
7624.5	34
7625.5	32
7626.5	34
7627.5	34
7628.5	34
7629.5	35
7630.5	35
7631.5	33
7632.5	34
7633.5	40
7634.5	37
7635.5	34
7636.5	33
7637.5	34
7638.5	33
7639.5	34
7640.5	33
7641.5	36
7642.5	34
7643.5	36
7644.5	34
7645.5	33
7646.5	35
7647.5	35
7648.5	34
7649.5	26
7650.5	34
7651.5	32
7652.5	34
7653.5	34
7654.5	34
7655.5	34
7656.5	32
7657.5	34
7658.5	36
7659.5	33
7660.5	33
7661.5	38
7662.5	32
7663.5	32
7664.5	32
7665.5	32
7666.5	33
7667.5	35
7668.5	33
7669.5	35
7670.5	35
7671.5	36
7672.5	38
7673.5	34
7674.5	35
7675.5	33
7676.5	35
7677.5	34
7678.5	32
7679.5	34
7680.5	35
7681.5	33
7682.5	32
7683.5	32
7684.5	33
7685.5	37
7686.5	36
7687.5	34
7688.5	34
7689.5	35
7690.5	34
7691.5	33
7692.5	34
7693.5	37
7694.5	34
7695.5	35
7696.5	35
7697.5	33
7698.5	35
7699.5	35
7700.5	34
7701.5	33
7702.5	34
7703.5	33
7704.5	33
7705.5	35
7706.5	34
7707.5	34
7708.5	34
7709.5	34
7710.5	34
7711.5	34
7712.5	34
7713.5	35
7714.5	34
7715.5	40
7716.5	36
7717.5	34
7718.5	33
7719.5	34
7720.5	32
7721.5	33
7722.5	33
7723.5	35
7724.5	33
7725.5	36
7726.5	37
7727.5	33
7728.5	33
7729.5	34
7730.5	35
7731.5	32
7732.5	33
7733.5	35
7734.5	32
7735.5	32
7736.5	35
7737.5	32
7738.5	34
7739.5	34
7740.5	33
7741.5	35
7742.5	34
7743.5	34
7744.5	33
7745.5	37
7746.5	34
7747.5	34
7748.5	34
7749.5	35
7750.5	36
7751.5	31
7752.5	32
7753.5	34
7754.5	36
7755.5	33
7756.5	33
7757.5	32
7758.5	33
7759.5	34
7760.5	33
7761.5	35
7762.5	35
7763.5	37
7764.5	32
7765.5	33
7766.5	33
7767.5	32
7768.5	33
7769.5	36
7770.5	35
7771.5	34
7772.5	32
7773.5	35
7774.5	32
7775.5	33
7776.5	30
7777.5	35
7778.5	35
7779.5	33
7780.5	32
7781.5	36
7782.5	35
7783.5	35
7784.5	32
7785.5	32
7786.5	34
7787.5	35
7788.5	38
7789.5	35
7790.5	35
7791.5	34
7792.5	34
7793.5	34
7794.5	33
7795.5	36
7796.5	34
7797.5	32
7798.5	33
7799.5	33
7800.5	35
7801.5	34
7802.5	34
7803.5	32
7804.5	33
7805.5	34
7806.5	33
7807.5	33
7808.5	36
7809.5	36
7810.5	33
7811.5	36
7812.5	33
7813.5	32
7814.5	35
7815.5	33
7816.5	32
7817.5	33
7818.5	33
7819.5	36
7820.5	33
7821.5	32
7822.5	32
7823.5	35
7824.5	33
7825.5	34
7826.5	32
7827.5	35
7828.5	34
7829.5	32
7830.5	32
7831.5	34
7832.5	36
7833.5	34
7834.5	34
7835.5	35
7836.5	35
7837.5	33
7838.5	37
7839.5	33
7840.5	34
7841.5	32
7842.5	35
7843.5	34
7844.5	32
7845.5	34
7846.5	32
7847.5	35
7848.5	32
7849.5	35
7850.5	34
7851.5	35
7852.5	35
7853.5	34
7854.5	37
7855.5	32
7856.5	37
7857.5	32
7858.5	32
7859.5	34
7860.5	34
7861.5	34
7862.5	33
7863.5	35
7864.5	34
7865.5	34
7866.5	32
7867.5	35
7868.5	33
7869.5	35
7870.5	36
7871.5	32
7872.5	33
7873.5	32
7874.5	33
7875.5	35
7876.5	33
7877.5	34
7878.5	33
7879.5	33
7880.5	30
7881.5	35
7882.5	32
7883.5	37
7884.5	33
7885.5	34
7886.5	32
7887.5	31
7888.5	35
7889.5	34
7890.5	34
7891.5	34
7892.5	32
7893.5	34
7894.5	33
7895.5	32
7896.5	32
7897.5	33
7898.5	35
7899.5	34
7900.5	32
7901.5	35
7902.5	36
7903.5	32
7904.5	34
7905.5	33
7906.5	33
7907.5	37
7908.5	32
7909.5	34
7910.5	36
7911.5	32
7912.5	34
7913.5	33
7914.5	35
7915.5	35
7916.5	33
7917.5	33
7918.5	33
7919.5	33
7920.5	32
7921.5	32
7922.5	34
7923.5	36
7924.5	33