1 1034
2 1031
3 1031
4 1031
5 1032
6 1033
7 1033
8 1033
9 1032
10 1033
11 1033
12 1032
13 1032
14 1032
15 1033
16 1032
17 1034
18 1032
19 1034
20 1033
21 1032
22 1031
23 1033
24 1032
25 1032
26 1032
27 1033
28 1032
29 1033
30 1031
31 1033
32 1033
33 1033
34 1033
35 1033
36 1032
37 1032
38 1033
39 1032
40 1032
41 1032
42 1032
43 1033
44 1033
45 1032
46 1033
47 1034
48 1033
49 1032
50 1032
51 1031
52 1033
53 1032
54 1032
55 1033
56 1032
57 1033
58 1032
59 1032
60 1031
61 1032
62 1032
63 1032
64 1033
65 1033
66 1032
67 1032
68 1033
69 1033
70 1033
71 1033
72 1033
73 1033
74 1034
75 1033
76 1032
77 1032
78 1033
79 1033
80 1033
81 1032
82 1034
83 1031
84 1033
85 1033
86 1032
87 1032
88 1032
89 1032
90 1032
91 1033
92 1033
93 1032
94 1032
95 1033
96 1033
97 1033
98 1032
99 1031
100 1032
101 1032
102 1032
103 1032
104 1032
105 1033
106 1033
107 1032
108 1033
109 1033
110 1034
111 1033
112 1032
113 1031
114 1031
115 1032
116 1031
117 1032
118 1032
119 1033
120 1033
121 1032
122 1032
123 1031
124 1032
125 1032
126 1032
127 1033
128 1031
129 1033
130 1033
131 1033
132 1032
133 1033
134 1032
135 1032
136 1033
137 1033
138 1033
139 1032
140 1033
141 1031
142 1031
143 1032
144 1033
145 1033
146 1033
147 1032
148 1033
149 1032
150 1033
151 1032
152 1032
153 1033
154 1032
155 1033
156 1033
157 1033
158 1033
159 1032
160 1032
161 1032
162 1031
163 1032
164 1033
165 1032
166 1033
167 1032
168 1032
169 1033
170 1032
171 1032
172 1032
173 1032
174 1032
175 1033
176 1033
177 1032
178 1033
179 1033
180 1033
181 1033
182 1033
183 1033
184 1032
185 1034
186 1032
187 1032
188 1033
189 1033
190 1031
191 1033
192 1032
193 1033
194 1033
195 1033
196 1033
197 1033
198 1033
199 1032
200 1033
201 1033
202 1032
203 1033
204 1033
205 1033
206 1031
207 1033
208 1032
209 1032
210 1033
211 1033
212 1033
213 1032
214 1032
215 1032
216 1033
217 1032
218 1033
219 1033
220 1032
221 1033
222 1033
223 1033
224 1033
225 1032
226 1032
227 1032
228 1034
229 1033
230 1031
231 1033
232 1033
233 1034
234 1033
235 1033
236 1033
237 1032
238 1033
239 1032
240 1033
241 1032
242 1033
243 1033
244 1032
245 1034
246 1032
247 1032
248 1032
249 1033
250 1034
251 1033
252 1033
253 1032
254 1032
255 1032
256 1033
257 1033
258 1033
259 1033
260 1032
261 1032
262 1034
263 1033
264 1032
265 1032
266 1034
267 1033
268 1033
269 1032
270 1033
271 1033
272 1032
273 1033
274 1031
275 1033
276 1033
277 1032
278 1032
279 1033
280 1033
281 1033
282 1032
283 1032
284 1033
285 1033
286 1033
287 1033
288 1032
289 1032
290 1032
291 1033
292 1032
293 1032
294 1032
295 1032
296 1033
297 1033
298 1034
299 1033
300 1032
301 1033
302 1033
303 1033
304 1033
305 1032
306 1033
307 1032
308 1033
309 1032
310 1032
311 1032
312 1033
313 1034
314 1031
315 1031
316 1033
317 1033
318 1033
319 1031
320 1033
321 1033
322 1032
323 1033
324 1033
325 1032
326 1032
327 1032
328 1033
329 1032
330 1032
331 1032
332 1032
333 1034
334 1034
335 1032
336 1032
337 1032
338 1033
339 1033
340 1038
341 1048
342 1058
343 1071
344 1084
345 1094
346 1104
347 1114
348 1122
349 1127
350 1133
351 1137
352 1139
353 1140
354 1141
355 1140
356 1140
357 1139
358 1138
359 1137
360 1135
361 1133
362 1131
363 1127
364 1125
365 1122
366 1118
367 1116
368 1112
369 1110
370 1107
371 1103
372 1101
373 1098
374 1095
375 1093
376 1090
377 1088
378 1087
379 1084
380 1082
381 1080
382 1077
383 1076
384 1073
385 1072
386 1070
387 1068
388 1067
389 1065
390 1063
391 1061
392 1059
393 1059
394 1057
395 1055
396 1053
397 1053
398 1052
399 1051
400 1050
401 1050
402 1048
403 1047
404 1047
405 1047
406 1045
407 1044
408 1045
409 1043
410 1042
411 1043
412 1042
413 1042
414 1041
415 1041
416 1040
417 1039
418 1038
419 1038
420 1038
421 1038
422 1038
423 1038
424 1037
425 1038
426 1036
427 1036
428 1036
429 1035
430 1035
431 1035
432 1035
433 1035
434 1035
435 1035
436 1035
437 1035
438 1034
439 1034
440 1034
441 1034
442 1035
443 1035
444 1034
445 1034
446 1035
447 1034
448 1034
449 1034
450 1034
451 1034
452 1034
453 1034
454 1034
455 1034
456 1033
457 1033
458 1032
459 1033
460 1033
461 1034
462 1034
463 1034
464 1033
465 1033
466 1033
467 1033
468 1034
469 1034
470 1033
471 1033
472 1033
473 1033
474 1033
475 1033
476 1032
477 1033
478 1032
479 1034
480 1034
481 1034
482 1033
483 1034
484 1033
485 1032
486 1032
487 1033
488 1032
489 1033
490 1033
491 1033
492 1032
493 1032
494 1032
495 1033
496 1033
497 1033
498 1033
499 1033
500 1033
501 1033
502 1033
503 1032
504 1033
505 1033
506 1033
507 1033
508 1033
509 1034
510 1033
511 1033
512 1033
513 1033
514 1033
515 1033
516 1033
517 1034
518 1033
519 1032
520 1033
521 1033
522 1033
523 1032
524 1032
525 1032
526 1033
527 1033
528 1032
529 1034
530 1033
531 1032
532 1033
533 1032
534 1033
535 1033
536 1033
537 1033
538 1033
539 1033
540 1033
541 1033
542 1033
543 1033
544 1033
545 1033
546 1032
547 1032
548 1032
549 1033
550 1032
551 1032
552 1033
553 1033
554 1032
555 1034
556 1033
557 1032
558 1032
559 1032
560 1033
561 1032
562 1033
563 1033
564 1033
565 1033
566 1034
567 1033
568 1032
569 1031
570 1032
571 1033
572 1033
573 1033
574 1032
575 1031
576 1033
577 1032
578 1033
579 1033
580 1033
581 1033
582 1033
583 1034
584 1033
585 1032
586 1032
587 1033
588 1033
589 1032
590 1033
591 1033
592 1031
593 1033
594 1033
595 1032
596 1032
597 1032
598 1032
599 1032
600 1033
601 1033
602 1032
603 1032
604 1033
605 1033
606 1033
607 1033
608 1033
609 1033
610 1032
611 1033
612 1033
613 1032
614 1032
615 1032
616 1032
617 1032
618 1033
619 1033
620 1034
621 1032
622 1032
623 1032
624 1032
625 1033
626 1033
627 1032
628 1033
629 1033
630 1033
631 1033
632 1033
633 1032
634 1032
635 1033
636 1032
637 1034
638 1033
639 1032
640 1033
641 1032
642 1033
643 1032
644 1033
645 1034
646 1033
647 1033
648 1032
649 1032
650 1033
651 1032
652 1031
653 1032
654 1032
655 1033
656 1033
657 1033
658 1033
659 1032
660 1032
661 1033
662 1032
663 1031
664 1032
665 1033
666 1033
667 1032
668 1033
669 1033
670 1032
671 1033
672 1032
673 1032
674 1033
675 1033
676 1033
677 1033
678 1033
679 1032
680 1031
681 1031
682 1032
683 1033
684 1033
685 1032
686 1032
687 1031
688 1032
689 1032
690 1031
691 1032
692 1034
693 1033
694 1033
695 1032
696 1032
697 1032
698 1033
699 1033
700 1033
701 1033
702 1033
703 1032
704 1031
705 1033
706 1031
707 1032
708 1032
709 1032
710 1031
711 1031
712 1032
713 1033
714 1032
715 1032
716 1033
717 1033
718 1033
719 1033
720 1033
721 1032
722 1033
723 1033
724 1032
725 1031
726 1033
727 1032
728 1032
729 1033
730 1032
731 1033
732 1033
733 1033
734 1032
735 1032
736 1032
737 1033
738 1033
739 1033
740 1033
741 1032
742 1031
743 1031
744 1033
745 1032
746 1031
747 1031
748 1031
749 1031
750 1033
751 1032
752 1032
753 1032
754 1032
755 1033
756 1033
757 1031
758 1033
759 1032
760 1034
761 1033
762 1031
763 1032
764 1032
765 1033
766 1033
767 1033
768 1032
769 1033
770 1033
771 1033
772 1032
773 1032
774 1033
775 1031
776 1032
777 1032
778 1031
779 1031
780 1032
781 1032
782 1033
783 1033
784 1032
785 1032
786 1032
787 1031
788 1032
789 1033
790 1033
791 1033
792 1032
793 1033
794 1033
795 1033
796 1032
797 1032
798 1033
799 1033
800 1032
801 1032
802 1032
803 1032
804 1031
805 1032
806 1031
807 1033
808 1032
809 1032
810 1033
811 1032
812 1032
813 1033
814 1033
815 1033
816 1032
817 1032
818 1033
819 1031
820 1034
821 1033
822 1033
823 1033
824 1033
825 1032
826 1033
827 1032
828 1033
829 1033
830 1033
831 1033
832 1034
833 1032
834 1033
835 1032
836 1032
837 1032
838 1034
839 1032
840 1033
841 1033
842 1033
843 1033
844 1032
845 1032
846 1032
847 1033
848 1032
849 1032
850 1032
851 1033
852 1033
853 1032
854 1033
855 1032
856 1031
857 1032
858 1032
859 1032
860 1032
861 1032
862 1033
863 1032
864 1033
865 1033
866 1033
867 1033
868 1032
869 1033
870 1032
871 1031
872 1032
873 1032
874 1032
875 1033
876 1033
877 1032
878 1033
879 1033
880 1033
881 1032
882 1031
883 1032
884 1032
885 1032
886 1032
887 1033
888 1033
889 1033
890 1033
891 1037
892 1035
893 1034
894 1034
895 1028
896 1030
897 1031
898 1032
899 1031
900 1032
901 1032
902 1032
903 1032
904 1032
905 1033
906 1032
907 1033
908 1033
909 1032
910 1031
911 1032
912 1032
913 1033
914 1032
915 1032
916 1033
917 1033
918 1032
919 1032
920 1033
921 1031
922 1033
923 1033
924 1032
925 1033
926 1033
927 1031
928 1031
929 1033
930 1032
931 1032
932 1033
933 1033
934 1032
935 1032
936 1032
937 1031
938 1031
939 1032
940 1033
941 1032
942 1032
943 1033
944 1033
945 1032
946 1031
947 1033
948 1032
949 1032
950 1033
951 1032
952 1033
953 1033
954 1033
955 1033
956 1032
957 1033
958 1032
959 1032
960 1034
961 1032
962 1032
963 1032
964 1032
965 1032
966 1032
967 1031
968 1032
969 1033
970 1033
971 1033
972 1033
973 1032
974 1032
975 1032
976 1032
977 1032
978 1034
979 1033
980 1033
981 1032
982 1032
983 1032
984 1033
985 1032
986 1033
987 1033
988 1032
989 1033
990 1033
991 1032
992 1032
993 1032
994 1032
995 1032
996 1031
997 1033
998 1033
999 1034
1000 1033
1001 1032
1002 1033
1003 1032
1004 1032
1005 1031
1006 1033
1007 1033
1008 1031
1009 1033
1010 1033
1011 1033
1012 1032
1013 1033
1014 1032
1015 1032
1016 1032
1017 1034
1018 1033
1019 1032
1020 1032
1021 1032
1022 1032
1023 1032
1024 1033
1025 1033
1026 1032
1027 1031
1028 1032
1029 1032
1030 1032
1031 1032
1032 1031
1033 1033
1034 1033
1035 1033
1036 1033
1037 1032
1038 1032
1039 1033
1040 1033
1041 1032
1042 1033
1043 1032
1044 1033
1045 1032
1046 1032
1047 1032
1048 1033
1049 1032
1050 1032
1051 1032
1052 1032
1053 1031
1054 1031
1055 1033
1056 1032
1057 1032
1058 1032
1059 1033
1060 1032
1061 1033
1062 1033
1063 1032
1064 1032
1065 1032
1066 1031
1067 1032
1068 1032
1069 1033
1070 1032
1071 1033
1072 1033
1073 1032
1074 1031
1075 1032
1076 1033
1077 1031
1078 1033
1079 1032
1080 1033
1081 1033
1082 1033
1083 1033
1084 1032
1085 1033
1086 1032
1087 1033
1088 1033
1089 1032
1090 1033
1091 1033
1092 1032
1093 1032
1094 1031
1095 1032
1096 1032
1097 1032
1098 1031
1099 1033
1100 1033
1101 1032
1102 1032
1103 1032
1104 1032
1105 1032
1106 1033
1107 1033
1108 1032
1109 1033
1110 1033
1111 1032
1112 1032
1113 1032
1114 1031
1115 1032
1116 1032
1117 1033
1118 1033
1119 1033
1120 1034
1121 1032
1122 1032
1123 1032
1124 1032
1125 1032
1126 1032
1127 1033
1128 1032
1129 1033
1130 1031
1131 1032
1132 1032
1133 1033
1134 1032
1135 1032
1136 1033
1137 1032
1138 1032
1139 1032
1140 1033
1141 1032
1142 1032
1143 1033
1144 1033
1145 1032
1146 1031
1147 1033
1148 1033
1149 1032
1150 1033
1151 1031
1152 1032
1153 1032
1154 1032
1155 1032
1156 1031
1157 1032
1158 1032
1159 1033
1160 1032
1161 1032
1162 1032
1163 1031
1164 1033
1165 1033
1166 1033
1167 1033
1168 1033
1169 1030
1170 1031
1171 1032
1172 1032
1173 1032
1174 1033
1175 1032
1176 1031
1177 1031
1178 1032
1179 1032
1180 1033
1181 1032
1182 1033
1183 1033
1184 1033
1185 1033
1186 1033
1187 1032
1188 1032
1189 1032
1190 1031
1191 1033
1192 1033
1193 1033
1194 1033
1195 1031
1196 1031
1197 1033
1198 1032
1199 1033
1200 1034
1201 1032
1202 1033
1203 1032
1204 1033
1205 1033
1206 1031
1207 1033
1208 1033
1209 1032
1210 1032
1211 1033
1212 1032
1213 1031
1214 1032
1215 1032
1216 1032
1217 1034
1218 1033
1219 1033
1220 1033
1221 1033
1222 1033
1223 1033
1224 1032
1225 1033
1226 1033
1227 1032
1228 1033
1229 1032
1230 1033
1231 1031
1232 1031
1233 1032
1234 1033
1235 1032
1236 1033
1237 1033
1238 1033
1239 1032
1240 1032
1241 1031
1242 1032
1243 1031
1244 1031
1245 1032
1246 1033
1247 1032
1248 1032
1249 1032
1250 1032
1251 1032
1252 1031
1253 1033
1254 1032
1255 1033
1256 1031
1257 1033
1258 1033
1259 1032
1260 1032
1261 1032
1262 1032
1263 1033
1264 1033
1265 1032
1266 1032
1267 1032
1268 1031
1269 1032
1270 1033
1271 1033
1272 1033
1273 1032
1274 1033
1275 1033
1276 1032
1277 1032
1278 1032
1279 1032
1280 1032
1281 1033
1282 1033
1283 1032
1284 1032
1285 1033
1286 1031
1287 1031
1288 1032
1289 1032
1290 1033
1291 1033
1292 1033
1293 1032
1294 1034
1295 1041
1296 1050
1297 1063
1298 1077
1299 1087
1300 1099
1301 1109
1302 1116
1303 1125
1304 1130
1305 1135
1306 1137
1307 1139
1308 1141
1309 1141
1310 1141
1311 1141
1312 1139
1313 1137
1314 1136
1315 1133
1316 1131
1317 1128
1318 1126
1319 1124
1320 1121
1321 1118
1322 1113
1323 1111
1324 1108
1325 1104
1326 1103
1327 1100
1328 1097
1329 1095
1330 1092
1331 1089
1332 1086
1333 1085
1334 1082
1335 1081
1336 1078
1337 1076
1338 1075
1339 1072
1340 1071
1341 1069
1342 1067
1343 1065
1344 1063
1345 1061
1346 1061
1347 1059
1348 1059
1349 1057
1350 1054
1351 1053
1352 1052
1353 1052
1354 1050
1355 1049
1356 1048
1357 1047
1358 1046
1359 1045
1360 1045
1361 1044
1362 1044
1363 1043
1364 1041
1365 1042
1366 1042
1367 1039
1368 1039
1369 1039
1370 1039
1371 1038
1372 1039
1373 1037
1374 1037
1375 1036
1376 1037
1377 1036
1378 1037
1379 1037
1380 1035
1381 1035
1382 1036
1383 1035
1384 1035
1385 1035
1386 1035
1387 1035
1388 1035
1389 1034
1390 1034
1391 1035
1392 1035
1393 1034
1394 1035
1395 1034
1396 1034
1397 1034
1398 1034
1399 1033
1400 1032
1401 1033
1402 1033
1403 1033
1404 1034
1405 1033
1406 1033
1407 1033
1408 1033
1409 1033
1410 1032
1411 1033
1412 1033
1413 1034
1414 1034
1415 1033
1416 1033
1417 1033
1418 1033
1419 1033
1420 1033
1421 1032
1422 1032
1423 1032
1424 1032
1425 1033
1426 1033
1427 1033
1428 1032
1429 1033
1430 1032
1431 1032
1432 1031
1433 1033
1434 1033
1435 1033
1436 1032
1437 1032
1438 1032
1439 1033
1440 1035
1441 1032
1442 1033
1443 1032
1444 1033
1445 1032
1446 1032
1447 1033
1448 1032
1449 1033
1450 1032
1451 1032
1452 1032
1453 1031
1454 1031
1455 1032
1456 1032
1457 1033
1458 1032
1459 1032
1460 1033
1461 1033
1462 1031
1463 1031
1464 1032
1465 1032
1466 1033
1467 1033
1468 1032
1469 1033
1470 1031
1471 1031
1472 1031
1473 1031
1474 1031
1475 1033
1476 1033
1477 1032
1478 1032
1479 1033
1480 1032
1481 1033
1482 1033
1483 1033
1484 1032
1485 1032
1486 1033
1487 1033
1488 1032
1489 1033
1490 1031
1491 1033
1492 1032
1493 1032
1494 1032
1495 1032
1496 1032
1497 1032
1498 1034
1499 1033
1500 1032
1501 1032
1502 1031
1503 1031
1504 1033
1505 1032
1506 1031
1507 1033
1508 1032
1509 1031
1510 1032
1511 1032
1512 1033
1513 1032
1514 1031
1515 1032
1516 1032
1517 1033
1518 1032
1519 1032
1520 1031
1521 1032
1522 1031
1523 1032
1524 1032
1525 1034
1526 1031
1527 1031
1528 1031
1529 1032
1530 1031
1531 1032
1532 1033
1533 1032
1534 1032
1535 1033
1536 1032
1537 1031
1538 1031
1539 1031
1540 1032
1541 1032
1542 1033
1543 1032
1544 1032
1545 1033
1546 1032
1547 1033
1548 1033
1549 1033
1550 1033
1551 1031
1552 1031
1553 1031
1554 1031
1555 1031
1556 1031
1557 1031
1558 1033
1559 1032
1560 1032
1561 1032
1562 1032
1563 1032
1564 1033
1565 1032
1566 1031
1567 1031
1568 1032
1569 1033
1570 1033
1571 1032
1572 1032
1573 1031
1574 1031
1575 1032
1576 1032
1577 1032
1578 1033
1579 1033
1580 1032
1581 1031
1582 1031
1583 1031
1584 1031
1585 1032
1586 1032
1587 1032
1588 1032
1589 1032
1590 1032
1591 1032
1592 1031
1593 1031
1594 1031
1595 1032
1596 1032
1597 1033
1598 1032
1599 1033
1600 1033
1601 1032
1602 1032
1603 1031
1604 1032
1605 1032
1606 1033
1607 1032
1608 1031
1609 1031
1610 1033
1611 1032
1612 1031
1613 1031
1614 1031
1615 1034
1616 1033
1617 1031
1618 1031
1619 1032
1620 1033
1621 1031
1622 1031
1623 1032
1624 1033
1625 1032
1626 1032
1627 1031
1628 1031
1629 1032
1630 1031
1631 1031
1632 1030
1633 1033
1634 1033
1635 1032
1636 1032
1637 1031
1638 1031
1639 1031
1640 1032
1641 1033
1642 1033
1643 1032
1644 1034
1645 1032
1646 1031
1647 1032
1648 1032
1649 1032
1650 1031
1651 1033
1652 1032
1653 1031
1654 1033
1655 1032
1656 1031
1657 1032
1658 1032
1659 1032
1660 1033
1661 1033
1662 1032
1663 1032
1664 1032
1665 1032
1666 1031
1667 1032
1668 1031
1669 1032
1670 1032
1671 1031
1672 1031
1673 1031
1674 1032
1675 1032
1676 1033
1677 1032
1678 1033
1679 1032
1680 1032
1681 1032
1682 1031
1683 1032
1684 1032
1685 1032
1686 1032
1687 1032
1688 1033
1689 1032
1690 1032
1691 1032
1692 1031
1693 1031
1694 1033
1695 1031
1696 1032
1697 1032
1698 1033
1699 1032
1700 1031
1701 1033
1702 1032
1703 1032
1704 1032
1705 1031
1706 1031
1707 1031
1708 1032
1709 1032
1710 1031
1711 1031
1712 1031
1713 1032
1714 1032
1715 1031
1716 1031
1717 1032
1718 1032
1719 1031
1720 1032
1721 1031
1722 1032
1723 1032
1724 1032
1725 1033
1726 1033
1727 1032
1728 1031
1729 1032
1730 1031
1731 1031
1732 1031
1733 1032
1734 1031
1735 1031
1736 1032
1737 1032
1738 1032
1739 1032
1740 1032
1741 1032
1742 1032
1743 1032
1744 1031
1745 1032
1746 1033
1747 1033
1748 1032
1749 1031
1750 1032
1751 1031
1752 1032
1753 1032
1754 1033
1755 1032
1756 1032
1757 1032
1758 1031
1759 1032
1760 1032
1761 1032
1762 1032
1763 1032
1764 1032
1765 1031
1766 1032
1767 1031
1768 1033
1769 1033
1770 1032
1771 1032
1772 1031
1773 1032
1774 1033
1775 1032
1776 1033
1777 1031
1778 1031
1779 1031
1780 1032
1781 1032
1782 1032
1783 1032
1784 1032
1785 1033
1786 1031
1787 1033
1788 1033
1789 1032
1790 1032
1791 1033
1792 1033
1793 1032
1794 1032
1795 1033
1796 1031
1797 1031
1798 1032
1799 1032
1800 1032
1801 1031
1802 1032
1803 1032
1804 1032
1805 1031
1806 1032
1807 1031
1808 1032
1809 1033
1810 1032
1811 1032
1812 1032
1813 1033
1814 1033
1815 1031
1816 1032
1817 1032
1818 1032
1819 1032
1820 1033
1821 1031
1822 1031
1823 1032
1824 1032
1825 1033
1826 1031
1827 1032
1828 1032
1829 1033
1830 1033
1831 1032
1832 1033
1833 1032
1834 1032
1835 1032
1836 1031
1837 1033
1838 1033
1839 1033
1840 1032
1841 1032
1842 1031
1843 1031
1844 1033
1845 1038
1846 1035
1847 1033
1848 1033
1849 1032
1850 1026
1851 1030
1852 1030
1853 1031
1854 1031
1855 1032
1856 1032
1857 1032
1858 1033
1859 1032
1860 1032
1861 1032
1862 1032
1863 1031
1864 1032
1865 1032
1866 1032
1867 1032
1868 1032
1869 1031
1870 1033
1871 1031
1872 1032
1873 1032
1874 1033
1875 1032
1876 1032
1877 1032
1878 1032
1879 1031
1880 1031
1881 1031
1882 1032
1883 1032
1884 1034
1885 1033
1886 1032
1887 1032
1888 1032
1889 1031
1890 1032
1891 1032
1892 1032
1893 1032
1894 1032
1895 1032
1896 1033
1897 1032
1898 1033
1899 1032
1900 1032
1901 1032
1902 1032
1903 1031
1904 1033
1905 1033
1906 1032
1907 1032
1908 1033
1909 1032
1910 1033
1911 1033
1912 1033
1913 1032
1914 1032
1915 1031
1916 1033
1917 1033
1918 1032
1919 1033
1920 1033
1921 1032
1922 1032
1923 1032
1924 1032
1925 1032
1926 1032
1927 1033
1928 1032
1929 1033
1930 1033
1931 1032
1932 1031
1933 1033
1934 1032
1935 1031
1936 1031
1937 1033
1938 1031
1939 1031
1940 1031
1941 1032
1942 1032
1943 1032
1944 1032
1945 1032
1946 1031
1947 1032
1948 1033
1949 1032
1950 1032
1951 1033
1952 1031
1953 1032
1954 1032
1955 1032
1956 1031
1957 1033
1958 1033
1959 1031
1960 1032
1961 1032
1962 1032
1963 1031
1964 1031
1965 1032
1966 1033
1967 1032
1968 1032
1969 1031
1970 1032
1971 1033
1972 1032
1973 1031
1974 1031
1975 1032
1976 1031
1977 1032
1978 1032
1979 1032
1980 1032
1981 1031
1982 1033
1983 1032
1984 1031
1985 1033
1986 1032
1987 1033
1988 1032
1989 1031
1990 1032
1991 1031
1992 1031
1993 1032
1994 1033
1995 1032
1996 1032
1997 1033
1998 1032
1999 1031
2000 1031
2001 1031
2002 1031
2003 1033
2004 1033
2005 1032
2006 1032
2007 1032
2008 1033
2009 1032
2010 1032
2011 1033
2012 1032
2013 1032
2014 1032
2015 1032
2016 1032
2017 1031
2018 1031
2019 1032
2020 1031
2021 1032
2022 1031
2023 1033
2024 1033
2025 1032
2026 1032
2027 1032
2028 1030
2029 1031
2030 1032
2031 1032
2032 1033
2033 1033
2034 1033
2035 1032
2036 1031
2037 1031
2038 1031
2039 1031
2040 1031
2041 1032
2042 1032
2043 1032
2044 1032
2045 1033
2046 1032
2047 1033
