1 1026
2 1025
3 1026
4 1026
5 1026
6 1026
7 1026
8 1025
9 1025
10 1026
11 1024
12 1025
13 1025
14 1024
15 1024
16 1024
17 1024
18 1025
19 1024
20 1026
21 1025
22 1025
23 1026
24 1025
25 1025
26 1025
27 1025
28 1025
29 1025
30 1025
31 1025
32 1026
33 1025
34 1026
35 1025
36 1025
37 1026
38 1026
39 1025
40 1025
41 1026
42 1026
43 1025
44 1025
45 1025
46 1026
47 1026
48 1025
49 1025
50 1025
51 1025
52 1026
53 1025
54 1025
55 1025
56 1025
57 1025
58 1026
59 1026
60 1027
61 1026
62 1026
63 1025
64 1025
65 1026
66 1025
67 1025
68 1025
69 1025
70 1025
71 1025
72 1025
73 1025
74 1025
75 1026
76 1025
77 1026
78 1025
79 1025
80 1026
81 1026
82 1026
83 1026
84 1025
85 1026
86 1026
87 1025
88 1025
89 1026
90 1025
91 1024
92 1026
93 1025
94 1025
95 1027
96 1026
97 1025
98 1025
99 1026
100 1026
101 1026
102 1026
103 1025
104 1026
105 1026
106 1025
107 1026
108 1026
109 1025
110 1025
111 1025
112 1025
113 1026
114 1026
115 1025
116 1026
117 1026
118 1025
119 1026
120 1026
121 1026
122 1026
123 1025
124 1026
125 1025
126 1025
127 1025
128 1026
129 1026
130 1025
131 1025
132 1024
133 1026
134 1025
135 1025
136 1026
137 1026
138 1026
139 1025
140 1026
141 1025
142 1026
143 1025
144 1025
145 1025
146 1025
147 1025
148 1026
149 1026
150 1025
151 1025
152 1026
153 1026
154 1025
155 1026
156 1027
157 1025
158 1026
159 1025
160 1025
161 1026
162 1025
163 1026
164 1025
165 1024
166 1025
167 1025
168 1025
169 1025
170 1026
171 1026
172 1025
173 1025
174 1026
175 1025
176 1026
177 1026
178 1025
179 1025
180 1025
181 1025
182 1026
183 1025
184 1026
185 1026
186 1026
187 1026
188 1026
189 1024
190 1026
191 1025
192 1025
193 1026
194 1025
195 1025
196 1025
197 1025
198 1026
199 1025
200 1026
201 1026
202 1026
203 1026
204 1026
205 1025
206 1025
207 1025
208 1025
209 1026
210 1026
211 1026
212 1026
213 1025
214 1026
215 1026
216 1025
217 1025
218 1026
219 1026
220 1025
221 1026
222 1025
223 1025
224 1026
225 1025
226 1025
227 1026
228 1025
229 1026
230 1026
231 1024
232 1025
233 1026
234 1027
235 1026
236 1025
237 1025
238 1026
239 1025
240 1026
241 1026
242 1026
243 1026
244 1027
245 1025
246 1025
247 1026
248 1026
249 1027
250 1025
251 1025
252 1025
253 1025
254 1025
255 1026
256 1027
257 1026
258 1026
259 1026
260 1025
261 1026
262 1026
263 1026
264 1026
265 1026
266 1026
267 1026
268 1026
269 1026
270 1026
271 1025
272 1025
273 1026
274 1026
275 1025
276 1026
277 1026
278 1027
279 1026
280 1026
281 1026
282 1025
283 1025
284 1025
285 1025
286 1025
287 1025
288 1025
289 1025
290 1026
291 1026
292 1026
293 1025
294 1026
295 1025
296 1026
297 1025
298 1025
299 1027
300 1025
301 1025
302 1025
303 1025
304 1025
305 1026
306 1027
307 1025
308 1026
309 1026
310 1027
311 1027
312 1031
313 1039
314 1048
315 1062
316 1075
317 1086
318 1094
319 1103
320 1109
321 1116
322 1121
323 1125
324 1126
325 1128
326 1127
327 1128
328 1128
329 1127
330 1125
331 1123
332 1122
333 1118
334 1115
335 1113
336 1109
337 1107
338 1103
339 1101
340 1098
341 1094
342 1091
343 1087
344 1087
345 1083
346 1080
347 1077
348 1073
349 1071
350 1068
351 1065
352 1063
353 1061
354 1059
355 1055
356 1052
357 1050
358 1048
359 1047
360 1044
361 1044
362 1039
363 1038
364 1036
365 1035
366 1034
367 1031
368 1031
369 1030
370 1028
371 1027
372 1026
373 1024
374 1024
375 1023
376 1021
377 1021
378 1020
379 1020
380 1019
381 1018
382 1017
383 1017
384 1016
385 1016
386 1016
387 1015
388 1014
389 1013
390 1013
391 1013
392 1012
393 1012
394 1012
395 1011
396 1012
397 1011
398 1013
399 1012
400 1011
401 1010
402 1011
403 1010
404 1011
405 1011
406 1011
407 1010
408 1010
409 1010
410 1010
411 1010
412 1009
413 1009
414 1010
415 1010
416 1009
417 1010
418 1010
419 1010
420 1010
421 1009
422 1009
423 1010
424 1009
425 1009
426 1009
427 1010
428 1010
429 1011
430 1010
431 1011
432 1011
433 1010
434 1011
435 1012
436 1011
437 1011
438 1012
439 1011
440 1010
441 1011
442 1012
443 1011
444 1011
445 1011
446 1011
447 1011
448 1011
449 1011
450 1011
451 1011
452 1012
453 1012
454 1012
455 1012
456 1013
457 1012
458 1012
459 1013
460 1013
461 1012
462 1012
463 1013
464 1012
465 1012
466 1014
467 1014
468 1013
469 1012
470 1012
471 1012
472 1013
473 1014
474 1013
475 1014
476 1013
477 1013
478 1014
479 1013
480 1014
481 1014
482 1014
483 1014
484 1014
485 1016
486 1014
487 1015
488 1015
489 1015
490 1015
491 1015
492 1016
493 1015
494 1015
495 1014
496 1014
497 1016
498 1015
499 1016
500 1016
501 1015
502 1015
503 1016
504 1015
505 1016
506 1016
507 1015
508 1017
509 1016
510 1016
511 1015
512 1016
513 1017
514 1016
515 1016
516 1016
517 1016
518 1016
519 1016
520 1017
521 1017
522 1018
523 1018
524 1017
525 1017
526 1018
527 1017
528 1019
529 1018
530 1018
531 1018
532 1017
533 1018
534 1018
535 1016
536 1017
537 1018
538 1019
539 1017
540 1019
541 1019
542 1018
543 1019
544 1020
545 1019
546 1018
547 1018
548 1018
549 1018
550 1019
551 1019
552 1018
553 1018
554 1019
555 1018
556 1019
557 1019
558 1018
559 1019
560 1019
561 1019
562 1018
563 1019
564 1020
565 1018
566 1020
567 1019
568 1020
569 1019
570 1020
571 1020
572 1019
573 1019
574 1019
575 1020
576 1020
577 1020
578 1020
579 1020
580 1021
581 1020
582 1020
583 1020
584 1020
585 1021
586 1020
587 1020
588 1019
589 1019
590 1019
591 1020
592 1020
593 1020
594 1020
595 1021
596 1021
597 1020
598 1021
599 1021
600 1020
601 1020
602 1021
603 1021
604 1021
605 1021
606 1022
607 1021
608 1021
609 1020
610 1022
611 1021
612 1021
613 1021
614 1021
615 1022
616 1021
617 1021
618 1021
619 1022
620 1022
621 1021
622 1022
623 1021
624 1021
625 1022
626 1022
627 1022
628 1022
629 1022
630 1021
631 1021
632 1021
633 1021
634 1021
635 1021
636 1021
637 1021
638 1021
639 1022
640 1022
641 1021
642 1022
643 1023
644 1022
645 1022
646 1023
647 1023
648 1022
649 1023
650 1022
651 1023
652 1022
653 1022
654 1022
655 1022
656 1023
657 1022
658 1022
659 1022
660 1023
661 1022
662 1023
663 1023
664 1023
665 1023
666 1022
667 1023
668 1022
669 1023
670 1023
671 1023
672 1022
673 1023
674 1022
675 1022
676 1023
677 1023
678 1023
679 1022
680 1023
681 1022
682 1022
683 1022
684 1023
685 1023
686 1024
687 1024
688 1023
689 1022
690 1023
691 1023
692 1024
693 1023
694 1024
695 1024
696 1023
697 1023
698 1023
699 1023
700 1023
701 1023
702 1023
703 1023
704 1024
705 1024
706 1023
707 1024
708 1023
709 1023
710 1024
711 1023
712 1023
713 1023
714 1024
715 1023
716 1024
717 1024
718 1024
719 1023
720 1023
721 1023
722 1023
723 1024
724 1024
725 1024
726 1024
727 1024
728 1024
729 1025
730 1024
731 1024
732 1023
733 1024
734 1023
735 1024
736 1024
737 1024
738 1025
739 1024
740 1023
741 1024
742 1025
743 1024
744 1025
745 1024
746 1024
747 1024
748 1024
749 1023
750 1024
751 1025
752 1024
753 1024
754 1024
755 1024
756 1024
757 1024
758 1024
759 1024
760 1024
761 1024
762 1024
763 1024
764 1024
765 1025
766 1024
767 1024
768 1024
769 1024
770 1025
771 1024
772 1024
773 1024
774 1024
775 1024
776 1024
777 1024
778 1024
779 1025
780 1023
781 1025
782 1024
783 1024
784 1025
785 1024
786 1024
787 1024
788 1025
789 1024
790 1024
791 1025
792 1025
793 1025
794 1024
795 1024
796 1024
797 1025
798 1024
799 1025
800 1025
801 1025
802 1025
803 1024
804 1025
805 1026
806 1024
807 1024
808 1025
809 1024
810 1026
811 1026
812 1026
813 1025
814 1024
815 1025
816 1025
817 1024
818 1025
819 1025
820 1024
821 1024
822 1025
823 1025
824 1025
825 1025
826 1023
827 1024
828 1025
829 1026
830 1025
831 1025
832 1025
833 1025
834 1025
835 1025
836 1025
837 1026
838 1025
839 1025
840 1024
841 1024
842 1024
843 1025
844 1024
845 1025
846 1025
847 1025
848 1025
849 1025
850 1025
851 1025
852 1025
853 1024
854 1026
855 1025
856 1025
857 1025
858 1025
859 1023
860 1024
861 1024
862 1025
863 1025
864 1026
865 1026
866 1026
867 1025
868 1025
869 1025
870 1025
871 1025
872 1026
873 1025
874 1026
875 1025
876 1024
877 1024
878 1025
879 1025
880 1025
881 1025
882 1025
883 1024
884 1025
885 1026
886 1025
887 1025
888 1026
889 1026
890 1026
891 1033
892 1028
893 1028
894 1027
895 1027
896 1020
897 1022
898 1024
899 1024
900 1025
901 1025
902 1025
903 1026
904 1025
905 1024
906 1025
907 1025
908 1026
909 1026
910 1026
911 1026
912 1026
913 1026
914 1026
915 1024
916 1025
917 1024
918 1025
919 1025
920 1025
921 1025
922 1026
923 1024
924 1025
925 1024
926 1026
927 1025
928 1025
929 1025
930 1024
931 1026
932 1026
933 1026
934 1026
935 1026
936 1025
937 1025
938 1025
939 1026
940 1025
941 1026
942 1026
943 1025
944 1026
945 1025
946 1026
947 1025
948 1026
949 1026
950 1026
951 1025
952 1026
953 1025
954 1025
955 1026
956 1025
957 1026
958 1025
959 1024
960 1025
961 1025
962 1025
963 1024
964 1026
965 1025
966 1025
967 1025
968 1025
969 1026
970 1026
971 1025
972 1025
973 1026
974 1026
975 1026
976 1026
977 1025
978 1025
979 1026
980 1025
981 1025
982 1026
983 1025
984 1026
985 1026
986 1024
987 1025
988 1026
989 1025
990 1026
991 1026
992 1026
993 1025
994 1025
995 1026
996 1026
997 1026
998 1026
999 1026
1000 1026
1001 1026
1002 1024
1003 1024
1004 1025
1005 1025
1006 1025
1007 1025
1008 1026
1009 1026
1010 1025
1011 1026
1012 1025
1013 1026
1014 1027
1015 1026
1016 1026
1017 1026
1018 1025
1019 1027
1020 1026
1021 1025
1022 1025
1023 1026
1024 1026
1025 1025
1026 1024
1027 1025
1028 1025
1029 1026
1030 1026
1031 1026
1032 1026
1033 1026
1034 1026
1035 1027
1036 1025
1037 1026
1038 1026
1039 1026
1040 1026
1041 1025
1042 1026
1043 1026
1044 1025
1045 1025
1046 1025
1047 1026
1048 1025
1049 1027
1050 1025
1051 1026
1052 1026
1053 1026
1054 1026
1055 1025
1056 1027
1057 1026
1058 1027
1059 1025
1060 1026
1061 1027
1062 1026
1063 1026
1064 1025
1065 1027
1066 1026
1067 1026
1068 1026
1069 1026
1070 1026
1071 1026
1072 1026
1073 1027
1074 1027
1075 1027
1076 1027
1077 1027
1078 1026
1079 1026
1080 1026
1081 1026
1082 1026
1083 1026
1084 1026
1085 1026
1086 1027
1087 1025
1088 1026
1089 1026
1090 1025
1091 1026
1092 1026
1093 1026
1094 1026
1095 1026
1096 1026
1097 1026
1098 1026
1099 1025
1100 1026
1101 1026
1102 1026
1103 1026
1104 1026
1105 1026
1106 1025
1107 1025
1108 1026
1109 1025
1110 1026
1111 1026
1112 1026
1113 1025
1114 1026
1115 1026
1116 1026
1117 1026
1118 1026
1119 1026
1120 1026
1121 1026
1122 1025
1123 1025
1124 1026
1125 1026
1126 1025
1127 1025
1128 1027
1129 1026
1130 1026
1131 1026
1132 1026
1133 1026
1134 1025
1135 1027
1136 1026
1137 1026
1138 1026
1139 1026
1140 1026
1141 1026
1142 1026
1143 1025
1144 1025
1145 1026
1146 1025
1147 1025
1148 1025
1149 1026
1150 1026
1151 1025
1152 1026
1153 1026
1154 1026
1155 1026
1156 1026
1157 1027
1158 1025
1159 1025
1160 1025
1161 1026
1162 1026
1163 1026
1164 1026
1165 1026
1166 1026
1167 1025
1168 1026
1169 1025
1170 1026
1171 1026
1172 1025
1173 1026
1174 1027
1175 1025
1176 1026
1177 1026
1178 1025
1179 1026
1180 1026
1181 1025
1182 1026
1183 1026
1184 1026
1185 1027
1186 1027
1187 1026
1188 1026
1189 1026
1190 1026
1191 1026
1192 1026
1193 1026
1194 1026
1195 1027
1196 1026
1197 1026
1198 1026
1199 1025
1200 1026
1201 1027
1202 1027
1203 1025
1204 1026
1205 1026
1206 1026
1207 1025
1208 1026
1209 1025
1210 1026
1211 1026
1212 1026
1213 1026
1214 1026
1215 1027
1216 1026
1217 1024
1218 1025
1219 1026
1220 1025
1221 1027
1222 1026
1223 1026
1224 1026
1225 1025
1226 1026
1227 1026
1228 1025
1229 1026
1230 1026
1231 1026
1232 1026
1233 1026
1234 1026
1235 1025
1236 1027
1237 1026
1238 1026
1239 1026
1240 1025
1241 1026
1242 1026
1243 1026
1244 1026
1245 1026
1246 1026
1247 1026
1248 1026
1249 1026
1250 1027
1251 1026
1252 1026
1253 1027
1254 1026
1255 1026
1256 1026
1257 1026
1258 1025
1259 1025
1260 1025
1261 1026
1262 1026
1263 1025
1264 1025
1265 1025
1266 1029
1267 1035
1268 1043
1269 1054
1270 1068
1271 1080
1272 1089
1273 1098
1274 1107
1275 1113
1276 1118
1277 1123
1278 1125
1279 1127
1280 1128
1281 1129
1282 1128
1283 1127
1284 1126
1285 1125
1286 1123
1287 1121
1288 1117
1289 1114
1290 1112
1291 1108
1292 1106
1293 1102
1294 1099
1295 1096
1296 1093
1297 1089
1298 1087
1299 1085
1300 1083
1301 1078
1302 1076
1303 1072
1304 1071
1305 1067
1306 1065
1307 1062
1308 1060
1309 1057
1310 1053
1311 1052
1312 1049
1313 1047
1314 1045
1315 1043
1316 1041
1317 1039
1318 1039
1319 1037
1320 1034
1321 1033
1322 1032
1323 1031
1324 1028
1325 1027
1326 1026
1327 1025
1328 1023
1329 1024
1330 1022
1331 1023
1332 1022
1333 1020
1334 1020
1335 1019
1336 1018
1337 1017
1338 1017
1339 1016
1340 1016
1341 1016
1342 1014
1343 1014
1344 1014
1345 1013
1346 1013
1347 1012
1348 1013
1349 1011
1350 1012
1351 1011
1352 1011
1353 1011
1354 1011
1355 1010
1356 1011
1357 1011
1358 1011
1359 1010
1360 1010
1361 1010
1362 1011
1363 1011
1364 1009
1365 1010
1366 1010
1367 1011
1368 1010
1369 1010
1370 1010
1371 1011
1372 1009
1373 1009
1374 1010
1375 1010
1376 1010
1377 1010
1378 1010
1379 1010
1380 1010
1381 1011
1382 1010
1383 1011
1384 1010
1385 1010
1386 1010
1387 1009
1388 1010
1389 1011
1390 1011
1391 1010
1392 1011
1393 1012
1394 1011
1395 1011
1396 1011
1397 1012
1398 1011
1399 1011
1400 1012
1401 1012
1402 1012
1403 1012
1404 1011
1405 1012
1406 1012
1407 1012
1408 1012
1409 1012
1410 1011
1411 1012
1412 1012
1413 1012
1414 1012
1415 1013
1416 1012
1417 1012
1418 1013
1419 1012
1420 1012
1421 1013
1422 1012
1423 1014
1424 1014
1425 1013
1426 1014
1427 1014
1428 1014
1429 1013
1430 1014
1431 1013
1432 1014
1433 1014
1434 1014
1435 1014
1436 1014
1437 1013
1438 1014
1439 1015
1440 1015
1441 1014
1442 1015
1443 1015
1444 1014
1445 1015
1446 1016
1447 1015
1448 1015
1449 1014
1450 1015
1451 1015
1452 1015
1453 1016
1454 1016
1455 1016
1456 1016
1457 1015
1458 1015
1459 1016
1460 1016
1461 1016
1462 1016
1463 1016
1464 1017
1465 1016
1466 1016
1467 1016
1468 1017
1469 1017
1470 1017
1471 1016
1472 1017
1473 1016
1474 1017
1475 1017
1476 1017
1477 1017
1478 1017
1479 1018
1480 1017
1481 1017
1482 1017
1483 1018
1484 1017
1485 1017
1486 1017
1487 1017
1488 1018
1489 1018
1490 1017
1491 1018
1492 1018
1493 1018
1494 1018
1495 1018
1496 1019
1497 1018
1498 1019
1499 1018
1500 1020
1501 1019
1502 1019
1503 1018
1504 1018
1505 1019
1506 1018
1507 1018
1508 1019
1509 1019
1510 1019
1511 1019
1512 1019
1513 1019
1514 1018
1515 1019
1516 1018
1517 1019
1518 1018
1519 1019
1520 1019
1521 1019
1522 1019
1523 1020
1524 1019
1525 1019
1526 1019
1527 1021
1528 1020
1529 1019
1530 1020
1531 1020
1532 1020
1533 1020
1534 1019
1535 1020
1536 1020
1537 1021
1538 1021
1539 1020
1540 1020
1541 1020
1542 1020
1543 1020
1544 1020
1545 1020
1546 1021
1547 1020
1548 1020
1549 1021
1550 1020
1551 1022
1552 1021
1553 1020
1554 1020
1555 1021
1556 1020
1557 1020
1558 1022
1559 1021
1560 1021
1561 1021
1562 1022
1563 1021
1564 1020
1565 1021
1566 1020
1567 1021
1568 1021
1569 1020
1570 1020
1571 1021
1572 1022
1573 1021
1574 1021
1575 1021
1576 1021
1577 1021
1578 1021
1579 1022
1580 1022
1581 1021
1582 1021
1583 1021
1584 1021
1585 1022
1586 1023
1587 1021
1588 1022
1589 1021
1590 1021
1591 1021
1592 1021
1593 1022
1594 1022
1595 1022
1596 1021
1597 1022
1598 1021
1599 1021
1600 1022
1601 1021
1602 1021
1603 1021
1604 1023
1605 1023
1606 1023
1607 1023
1608 1023
1609 1021
1610 1022
1611 1023
1612 1022
1613 1023
1614 1022
1615 1022
1616 1023
1617 1022
1618 1023
1619 1022
1620 1023
1621 1023
1622 1022
1623 1022
1624 1022
1625 1022
1626 1022
1627 1022
1628 1023
1629 1022
1630 1022
1631 1022
1632 1022
1633 1022
1634 1022
1635 1023
1636 1023
1637 1022
1638 1023
1639 1023
1640 1024
1641 1023
1642 1023
1643 1023
1644 1023
1645 1024
1646 1023
1647 1023
1648 1022
1649 1024
1650 1023
1651 1022
1652 1023
1653 1023
1654 1023
1655 1023
1656 1023
1657 1024
1658 1023
1659 1023
1660 1023
1661 1023
1662 1023
1663 1023
1664 1024
1665 1024
1666 1024
1667 1023
1668 1023
1669 1023
1670 1025
1671 1024
1672 1023
1673 1022
1674 1023
1675 1023
1676 1024
1677 1025
1678 1025
1679 1024
1680 1024
1681 1024
1682 1024
1683 1024
1684 1024
1685 1023
1686 1024
1687 1023
1688 1023
1689 1024
1690 1024
1691 1024
1692 1024
1693 1023
1694 1024
1695 1024
1696 1023
1697 1024
1698 1024
1699 1024
1700 1023
1701 1024
1702 1024
1703 1024
1704 1024
1705 1025
1706 1023
1707 1024
1708 1024
1709 1024
1710 1025
1711 1024
1712 1024
1713 1024
1714 1024
1715 1024
1716 1024
1717 1024
1718 1023
1719 1025
1720 1024
1721 1024
1722 1023
1723 1024
1724 1024
1725 1024
1726 1025
1727 1024
1728 1024
1729 1024
1730 1024
1731 1025
1732 1024
1733 1025
1734 1024
1735 1024
1736 1024
1737 1024
1738 1024
1739 1024
1740 1024
1741 1023
1742 1023
1743 1024
1744 1024
1745 1025
1746 1024
1747 1025
1748 1024
1749 1025
1750 1024
1751 1024
1752 1024
1753 1024
1754 1024
1755 1025
1756 1024
1757 1024
1758 1025
1759 1024
1760 1025
1761 1025
1762 1024
1763 1025
1764 1024
1765 1026
1766 1026
1767 1026
1768 1025
1769 1025
1770 1025
1771 1024
1772 1025
1773 1025
1774 1024
1775 1025
1776 1025
1777 1025
1778 1024
1779 1025
1780 1024
1781 1024
1782 1025
1783 1024
1784 1025
1785 1024
1786 1024
1787 1024
1788 1025
1789 1025
1790 1025
1791 1026
1792 1024
1793 1024
1794 1024
1795 1025
1796 1025
1797 1025
1798 1024
1799 1024
1800 1024
1801 1025
1802 1025
1803 1025
1804 1025
1805 1025
1806 1024
1807 1024
1808 1024
1809 1024
1810 1025
1811 1025
1812 1025
1813 1024
1814 1024
1815 1025
1816 1025
1817 1025
1818 1024
1819 1025
1820 1026
1821 1024
1822 1024
1823 1025
1824 1025
1825 1024
1826 1026
1827 1024
1828 1025
1829 1026
1830 1024
1831 1025
1832 1025
1833 1025
1834 1025
1835 1024
1836 1025
1837 1025
1838 1025
1839 1025
1840 1025
1841 1025
1842 1025
1843 1025
1844 1025
1845 1029
1846 1028
1847 1027
1848 1025
1849 1026
1850 1020
1851 1022
1852 1023
1853 1024
1854 1024
1855 1024
1856 1024
1857 1025
1858 1025
1859 1024
1860 1025
1861 1025
1862 1025
1863 1025
1864 1025
1865 1024
1866 1024
1867 1024
1868 1025
1869 1025
1870 1025
1871 1025
1872 1025
1873 1025
1874 1026
1875 1024
1876 1025
1877 1024
1878 1025
1879 1025
1880 1024
1881 1024
1882 1025
1883 1025
1884 1025
1885 1026
1886 1024
1887 1026
1888 1026
1889 1025
1890 1025
1891 1025
1892 1025
1893 1024
1894 1025
1895 1025
1896 1026
1897 1025
1898 1026
1899 1025
1900 1025
1901 1026
1902 1025
1903 1025
1904 1025
1905 1025
1906 1025
1907 1025
1908 1026
1909 1026
1910 1025
1911 1025
1912 1026
1913 1024
1914 1025
1915 1025
1916 1025
1917 1025
1918 1026
1919 1025
1920 1025
1921 1025
1922 1026
1923 1026
1924 1026
1925 1026
1926 1025
1927 1025
1928 1025
1929 1025
1930 1025
1931 1026
1932 1025
1933 1025
1934 1025
1935 1026
1936 1026
1937 1026
1938 1025
1939 1026
1940 1024
1941 1025
1942 1025
1943 1026
1944 1026
1945 1026
1946 1026
1947 1025
1948 1025
1949 1025
1950 1025
1951 1025
1952 1025
1953 1025
1954 1026
1955 1026
1956 1025
1957 1025
1958 1025
1959 1026
1960 1025
1961 1026
1962 1026
1963 1025
1964 1025
1965 1025
1966 1025
1967 1025
1968 1026
1969 1025
1970 1026
1971 1026
1972 1026
1973 1025
1974 1025
1975 1026
1976 1025
1977 1025
1978 1026
1979 1026
1980 1025
1981 1025
1982 1026
1983 1026
1984 1025
1985 1026
1986 1025
1987 1025
1988 1025
1989 1025
1990 1025
1991 1025
1992 1026
1993 1025
1994 1026
1995 1024
1996 1024
1997 1025
1998 1026
1999 1027
2000 1027
2001 1025
2002 1026
2003 1025
2004 1024
2005 1025
2006 1024
2007 1025
2008 1025
2009 1025
2010 1025
2011 1025
2012 1026
2013 1026
2014 1025
2015 1026
2016 1025
2017 1026
2018 1026
2019 1025
2020 1026
2021 1025
2022 1025
2023 1025
2024 1026
2025 1026
2026 1025
2027 1025
2028 1026
2029 1026
2030 1024
2031 1025
2032 1025
2033 1025
2034 1025
2035 1025
2036 1026
2037 1025
2038 1025
2039 1025
2040 1026
2041 1026
2042 1026
2043 1026
2044 1025
2045 1026
2046 1025
2047 1025
