1 2023
2 2022
3 2027
4 2024
5 2024
6 2024
7 2024
8 2023
9 2023
10 2023
11 2023
12 2023
13 2023
14 2023
15 2022
16 2023
17 2022
18 1254
19 976
20 862
21 817
22 796
23 788
24 783
25 781
26 780
27 779
28 781
29 780
30 779
31 779
32 778
33 779
34 779
35 779
36 777
37 779
38 778
39 778
40 777
41 776
42 776
43 776
44 776
45 776
46 777
47 776
48 776
49 775
50 776
51 775
52 775
53 775
54 775
55 775
56 775
57 775
58 774
59 774
60 775
61 775
62 775
63 775
64 775
65 774
66 775
67 774
68 775
69 775
70 776
71 776
72 775
73 775
74 775
75 775
76 774
77 775
78 776
79 776
80 775
81 776
82 776
83 775
84 775
85 774
86 775
87 775
88 776
89 777
90 777
91 775
92 775
93 774
94 774
95 775
96 775
97 775
98 776
99 777
100 776
101 775
102 775
103 775
104 775
105 775
106 776
107 776
108 776
109 775
110 775
111 774
112 775
113 844
114 1512
115 1795
116 1920
117 1973
118 1996
119 2007
120 2012
121 2016
122 2018
123 2018
124 2019
125 2018
126 2020
127 2020
128 2020
129 2020
130 2020
131 2021
132 2022
133 2021
134 2021
135 2020
136 2020
137 2021
138 2021
139 2021
140 2021
141 2022
142 2022
143 2021
144 2022
145 2022
146 2021
147 2022
148 2022
149 2023
150 2022
151 2022
152 2022
153 2021
154 2021
155 2022
156 2022
157 2022
158 2023
159 2024
160 2023
161 2023
162 2022
163 2023
164 2022
165 2023
166 2022
167 2022
168 2023
169 2023
170 2022
171 2022
172 2022
173 2023
174 2023
175 2023
176 2023
177 2023
178 2023
179 2023
180 2023
181 2024
182 2024
183 2023
184 2024
185 2023
186 2023
187 2023
188 2022
189 2023
190 2023
191 2023
192 2023
193 2024
194 2023
195 2023
196 2024
197 2023
198 2023
199 2023
200 2023
201 2023
202 2023
203 2021
204 2022
205 2023
206 2023
207 2023
208 2023
209 1234
210 969
211 859
212 814
213 794
214 787
215 783
216 781
217 781
218 780
219 780
220 779
221 780
222 778
223 778
224 779
225 778
226 779
227 779
228 779
229 778
230 776
231 777
232 777
233 777
234 778
235 777
236 776
237 777
238 778
239 775
240 776
241 777
242 776
243 776
244 776
245 774
246 773
247 775
248 774
249 775
250 775
251 774
252 775
253 775
254 775
255 775
256 774
257 775
258 775
259 775
260 775
261 776
262 775
263 776
264 775
265 775
266 775
267 775
268 775
269 776
270 775
271 775
272 775
273 776
274 774
275 775
276 774
277 775
278 776
279 776
280 775
281 776
282 776
283 775
284 776
285 775
286 775
287 775
288 775
289 775
290 775
291 775
292 775
293 775
294 775
295 777
296 776
297 775
298 775
299 775
300 775
301 775
302 775
303 775
304 844
305 1512
306 1797
307 1919
308 1976
309 1997
310 2007
311 2013
312 2017
313 2016
314 2018
315 2019
316 2020
317 2020
318 2021
319 2019
320 2019
321 2020
322 2019
323 2020
324 2021
325 2022
326 2022
327 2021
328 2022
329 2021
330 2021
331 2021
332 2021
333 2021
334 2021
335 2023
336 2023
337 2022
338 2023
339 2022
340 2023
341 2022
342 2022
343 2022
344 2023
345 2022
346 2023
347 2023
348 2022
349 2022
350 2023
351 2022
352 2022
353 2022
354 2023
355 2023
356 2023
357 2023
358 2023
359 2023
360 2021
361 2023
362 2023
363 2023
364 2023
365 2023
366 2023
367 2023
368 2023
369 2023
370 2022
371 2023
372 2023
373 2023
374 2023
375 2022
376 2023
377 2024
378 2024
379 2023
380 2023
381 2023
382 2023
383 2023
384 2023
385 2023
386 2023
387 2023
388 2023
389 2023
390 2024
391 2023
392 2023
393 2022
394 2022
395 2024
396 2023
397 2023
398 2024
399 2024
400 1230
401 966
402 859
403 815
404 796
405 787
406 781
407 781
408 780
409 780
410 779
411 779
412 779
413 779
414 779
415 779
416 779
417 779
418 779
419 777
420 778
421 777
422 777
423 777
424 777
425 777
426 776
427 777
428 777
429 777
430 777
431 777
432 775
433 774
434 776
435 775
436 775
437 775
438 775
439 775
440 774
441 775
442 775
443 776
444 775
445 774
446 777
447 775
448 775
449 775
450 776
451 775
452 775
453 775
454 776
455 775
456 776
457 775
458 775
459 776
460 775
461 776
462 777
463 775
464 775
465 776
466 775
467 775
468 776
469 775
470 775
471 775
472 775
473 776
474 775
475 775
476 777
477 775
478 776
479 775
480 775
481 775
482 775
483 775
484 774
485 775
486 775
487 775
488 775
489 777
490 775
491 775
492 776
493 775
494 776
495 845
496 1512
497 1797
498 1920
499 1973
500 1996
501 2007
502 2012
503 2017
504 2017
505 2019
506 2019
507 2019
508 2018
509 2020
510 2019
511 2020
512 2021
513 2020
514 2020
515 2021
516 2020
517 2020
518 2021
519 2021
520 2022
521 2022
522 2021
523 2021
524 2022
525 2022
526 2022
527 2021
528 2021
529 2022
530 2023
531 2022
532 2023
533 2022
534 2023
535 2025
536 2023
537 2023
538 2024
539 2022
540 2023
541 2023
542 2022
543 2022
544 2022
545 2023
546 2023
547 2023
548 2023
549 2024
550 2023
551 2023
552 2023
553 2022
554 2021
555 2022
556 2023
557 2023
558 2023
559 2024
560 2023
561 2022
562 2023
563 2023
564 2023
565 2023
566 2024
567 2023
568 2023
569 2023
570 2024
571 2024
572 2024
573 2023
574 2023
575 2023
576 2023
577 2023
578 2024
579 2023
580 2024
581 2023
582 2022
583 2023
584 2025
585 2023
586 2024
587 2024
588 2024
589 2023
590 2023
591 1228
592 966
593 857
594 814
595 795
596 786
597 782
598 780
599 779
600 780
601 780
602 779
603 779
604 779
605 779
606 778
607 779
608 779
609 778
610 778
611 776
612 777
613 777
614 777
615 777
616 776
617 776
618 776
619 777
620 776
621 776
622 776
623 776
624 775
625 775
626 775
627 774
628 775
629 775
630 776
631 775
632 775
633 775
634 776
635 775
636 775
637 775
638 775
639 776
640 775
641 776
642 775
643 775
644 777
645 776
646 776
647 776
648 775
649 775
650 776
651 776
652 776
653 775
654 776
655 776
656 776
657 776
658 774
659 775
660 775
661 775
662 776
663 775
664 777
665 776
666 776
667 776
668 775
669 775
670 774
671 775
672 775
673 776
674 776
675 775
676 776
677 775
678 776
679 777
680 775
681 775
682 775
683 776
684 774
685 775
686 1130
687 1635
688 1850
689 1943
690 1984
691 2002
692 2011
693 2013
694 2017
695 2017
696 2019
697 2020
698 2020
699 2021
700 2020
701 2020
702 2021
703 2021
704 2020
705 2021
706 2020
707 2022
708 2021
709 2021
710 2022
711 2022
712 2021
713 2023
714 2022
715 2021
716 2021
717 2022
718 2021
719 2023
720 2022
721 2023
722 2023
723 2023
724 2023
725 2022
726 2023
727 2023
728 2023
729 2023
730 2022
731 2022
732 2023
733 2023
734 2024
735 2022
736 2022
737 2023
738 2023
739 2023
740 2022
741 2023
742 2023
743 2023
744 2022
745 2023
746 2022
747 2022
748 2023
749 2022
750 2023
751 2023
752 2023
753 2024
754 2023
755 2023
756 2023
757 2023
758 2022
759 2023
760 2024
761 2023
762 2022
763 2023
764 2024
765 2023
766 2023
767 2022
768 2022
769 2023
770 2024
771 2024
772 2023
773 2024
774 2023
775 2023
776 2023
777 2024
778 2023
779 2022
780 2023
781 1974
782 1257
783 979
784 862
785 816
786 796
787 787
788 783
789 782
790 780
791 779
792 779
793 780
794 779
795 779
796 779
797 779
798 778
799 778
800 778
801 778
802 778
803 778
804 777
805 778
806 778
807 776
808 777
809 777
810 776
811 775
812 776
813 775
814 775
815 777
816 776
817 776
818 775
819 775
820 775
821 775
822 775
823 775
824 776
825 775
826 775
827 775
828 775
829 775
830 775
831 775
832 775
833 775
834 777
835 775
836 775
837 775
838 775
839 775
840 776
841 776
842 775
843 775
844 775
845 776
846 775
847 777
848 774
849 775
850 775
851 775
852 775
853 776
854 777
855 776
856 775
857 775
858 774
859 776
860 775
861 777
862 776
863 775
864 775
865 775
866 776
867 776
868 775
869 775
870 775
871 775
872 775
873 775
874 774
875 776
876 775
877 1482
878 1784
879 1914
880 1971
881 1995
882 2006
883 2012
884 2013
885 2016
886 2018
887 2019
888 2019
889 2018
890 2020
891 2020
892 2020
893 2025
894 2023
895 2022
896 2021
897 2020
898 2015
899 2019
900 2020
901 2020
902 2022
903 2021
904 2021
905 2022
906 2022
907 2021
908 2021
909 2021
910 2020
911 2021
912 2021
913 2022
914 2023
915 2022
916 2023
917 2023
918 2022
919 2023
920 2023
921 2023
922 2022
923 2022
924 2022
925 2022
926 2023
927 2023
928 2022
929 2023
930 2022
931 2023
932 2023
933 2023
934 2022
935 2023
936 2023
937 2023
938 2022
939 2023
940 2023
941 2023
942 2023
943 2023
944 2023
945 2023
946 2023
947 2023
948 2023
949 2023
950 2023
951 2022
952 2023
953 2022
954 2022
955 2023
956 2023
957 2024
958 2023
959 2023
960 2024
961 2024
962 2024
963 2024
964 2023
965 2023
966 2025
967 2023
968 2023
969 2024
970 2024
971 2023
972 1957
973 1264
974 980
975 864
976 817
977 795
978 787
979 782
980 781
981 780
982 780
983 779
984 778
985 778
986 778
987 778
988 778
989 779
990 777
991 778
992 778
993 779
994 778
995 777
996 778
997 778
998 776
999 776
1000 777
1001 776
1002 775
1003 775
1004 775
1005 776
1006 774
1007 776
1008 777
1009 776
1010 775
1011 776
1012 776
1013 775
1014 775
1015 775
1016 775
1017 776
1018 775
1019 775
1020 776
1021 775
1022 775
1023 776
1024 775
1025 775
1026 775
1027 775
1028 774
1029 775
1030 776
1031 775
1032 775
1033 775
1034 776
1035 776
1036 777
1037 777
1038 775
1039 774
1040 775
1041 776
1042 777
1043 777
1044 776
1045 775
1046 775
1047 775
1048 775
1049 776
1050 775
1051 774
1052 776
1053 775
1054 775
1055 775
1056 775
1057 775
1058 775
1059 775
1060 775
1061 775
1062 774
1063 775
1064 776
1065 774
1066 775
1067 774
1068 1538
1069 1807
1070 1923
1071 1974
1072 1996
1073 2007
1074 2012
1075 2016
1076 2018
1077 2018
1078 2019
1079 2019
1080 2020
1081 2020
1082 2020
1083 2021
1084 2019
1085 2020
1086 2021
1087 2021
1088 2021
1089 2021
1090 2021
1091 2022
1092 2021
1093 2021
1094 2021
1095 2021
1096 2022
1097 2021
1098 2021
1099 2022
1100 2022
1101 2024
1102 2022
1103 2023
1104 2023
1105 2022
1106 2021
1107 2021
1108 2023
1109 2021
1110 2021
1111 2023
1112 2022
1113 2024
1114 2024
1115 2024
1116 2023
1117 2023
1118 2023
1119 2023
1120 2024
1121 2023
1122 2024
1123 2023
1124 2024
1125 2024
1126 2023
1127 2024
1128 2023
1129 2023
1130 2022
1131 2022
1132 2023
1133 2024
1134 2023
1135 2022
1136 2023
1137 2023
1138 2021
1139 2023
1140 2023
1141 2024
1142 2023
1143 2023
1144 2023
1145 2024
1146 2024
1147 2025
1148 2024
1149 2023
1150 2024
1151 2023
1152 2024
1153 2024
1154 2023
1155 2023
1156 2023
1157 2023
1158 2024
1159 2024
1160 2023
1161 2024
1162 2024
1163 1955
1164 1265
1165 981
1166 864
1167 818
1168 796
1169 787
1170 783
1171 782
1172 780
1173 780
1174 780
1175 779
1176 779
1177 779
1178 778
1179 778
1180 778
1181 777
1182 778
1183 777
1184 777
1185 777
1186 777
1187 777
1188 778
1189 777
1190 775
1191 776
1192 775
1193 775
1194 774
1195 775
1196 775
1197 775
1198 774
1199 775
1200 775
1201 775
1202 775
1203 776
1204 775
1205 774
1206 773
1207 774
1208 775
1209 775
1210 774
1211 775
1212 775
1213 774
1214 775
1215 775
1216 774
1217 775
1218 775
1219 775
1220 775
1221 775
1222 775
1223 775
1224 777
1225 776
1226 775
1227 775
1228 776
1229 776
1230 776
1231 776
1232 775
1233 775
1234 775
1235 775
1236 774
1237 775
1238 775
1239 775
1240 775
1241 775
1242 774
1243 774
1244 775
1245 775
1246 776
1247 775
1248 774
1249 775
1250 775
1251 775
1252 775
1253 775
1254 775
1255 775
1256 775
1257 775
1258 774
1259 1546
1260 1812
1261 1927
1262 1977
1263 1997
1264 2007
1265 2013
1266 2016
1267 2018
1268 2019
1269 2021
1270 2019
1271 2020
1272 2020
1273 2020
1274 2020
1275 2020
1276 2020
1277 2021
1278 2021
1279 2021
1280 2022
1281 2021
1282 2021
1283 2020
1284 2021
1285 2021
1286 2021
1287 2021
1288 2022
1289 2022
1290 2023
1291 2023
1292 2020
1293 2021
1294 2022
1295 2023
1296 2022
1297 2023
1298 2022
1299 2023
1300 2022
1301 2023
1302 2023
1303 2022
1304 2023
1305 2023
1306 2023
1307 2023
1308 2022
1309 2022
1310 2024
1311 2024
1312 2023
1313 2024
1314 2023
1315 2024
1316 2023
1317 2023
1318 2023
1319 2023
1320 2023
1321 2022
1322 2022
1323 2023
1324 2022
1325 2023
1326 2023
1327 2023
1328 2023
1329 2023
1330 2024
1331 2023
1332 2023
1333 2023
1334 2023
1335 2022
1336 2023
1337 2024
1338 2022
1339 2022
1340 2022
1341 2023
1342 2023
1343 2024
1344 2024
1345 2024
1346 2023
1347 2023
1348 2022
1349 2022
1350 2023
1351 2023
1352 2022
1353 2023
1354 1954
1355 1265
1356 980
1357 864
1358 817
1359 796
1360 787
1361 783
1362 782
1363 780
1364 780
1365 779
1366 779
1367 778
1368 779
1369 779
1370 777
1371 778
1372 778
1373 778
1374 777
1375 778
1376 777
1377 778
1378 777
1379 778
1380 777
1381 776
1382 776
1383 775
1384 776
1385 776
1386 775
1387 777
1388 775
1389 775
1390 774
1391 775
1392 774
1393 775
1394 774
1395 776
1396 775
1397 775
1398 775
1399 775
1400 774
1401 774
1402 775
1403 776
1404 775
1405 775
1406 776
1407 775
1408 776
1409 776
1410 775
1411 775
1412 775
1413 775
1414 775
1415 775
1416 776
1417 775
1418 776
1419 776
1420 777
1421 776
1422 776
1423 775
1424 775
1425 775
1426 775
1427 774
1428 776
1429 776
1430 775
1431 775
1432 776
1433 775
1434 775
1435 777
1436 775
1437 777
1438 775
1439 775
1440 774
1441 775
1442 775
1443 775
1444 775
1445 775
1446 776
1447 775
1448 776
1449 775
1450 1548
1451 1812
1452 1926
1453 1977
1454 1998
1455 2008
1456 2012
1457 2016
1458 2018
1459 2021
1460 2020
1461 2019
1462 2019
1463 2019
1464 2021
1465 2020
1466 2020
1467 2021
1468 2019
1469 2021
1470 2020
1471 2021
1472 2022
1473 2021
1474 2021
1475 2022
1476 2021
1477 2020
1478 2020
1479 2021
1480 2021
1481 2022
1482 2023
1483 2022
1484 2022
1485 2022
1486 2023
1487 2021
1488 2022
1489 2023
1490 2023
1491 2023
1492 2023
1493 2023
1494 2023
1495 2022
1496 2023
1497 2022
1498 2023
1499 2023
1500 2023
1501 2023
1502 2024
1503 2023
1504 2023
1505 2022
1506 2023
1507 2023
1508 2023
1509 2023
1510 2022
1511 2022
1512 2023
1513 2023
1514 2022
1515 2022
1516 2021
1517 2022
1518 2023
1519 2022
1520 2023
1521 2023
1522 2023
1523 2023
1524 2023
1525 2023
1526 2024
1527 2022
1528 2024
1529 2023
1530 2023
1531 2023
1532 2025
1533 2024
1534 2023
1535 2024
1536 2024
1537 2024
1538 2024
1539 2023
1540 2023
1541 2024
1542 2023
1543 2023
1544 2023
1545 1955
1546 1266
1547 980
1548 865
1549 816
1550 796
1551 787
1552 783
1553 781
1554 782
1555 779
1556 780
1557 779
1558 779
1559 779
1560 778
1561 778
1562 777
1563 777
1564 777
1565 778
1566 778
1567 778
1568 777
1569 777
1570 775
1571 776
1572 775
1573 775
1574 775
1575 776
1576 775
1577 776
1578 777
1579 775
1580 775
1581 775
1582 775
1583 774
1584 775
1585 775
1586 775
1587 774
1588 775
1589 775
1590 775
1591 774
1592 775
1593 775
1594 775
1595 775
1596 775
1597 775
1598 775
1599 774
1600 773
1601 775
1602 774
1603 775
1604 774
1605 775
1606 775
1607 775
1608 776
1609 775
1610 775
1611 775
1612 775
1613 775
1614 775
1615 775
1616 775
1617 775
1618 774
1619 775
1620 776
1621 776
1622 775
1623 775
1624 775
1625 775
1626 774
1627 774
1628 775
1629 774
1630 775
1631 776
1632 774
1633 775
1634 775
1635 775
1636 776
1637 776
1638 775
1639 775
1640 776
1641 1540
1642 1807
1643 1924
1644 1976
1645 1998
1646 2006
1647 2012
1648 2016
1649 2016
1650 2016
1651 2017
1652 2018
1653 2020
1654 2019
1655 2020
1656 2020
1657 2020
1658 2020
1659 2019
1660 2019
1661 2020
1662 2021
1663 2021
1664 2021
1665 2021
1666 2021
1667 2022
1668 2022
1669 2022
1670 2022
1671 2022
1672 2022
1673 2022
1674 2023
1675 2023
1676 2022
1677 2022
1678 2023
1679 2023
1680 2022
1681 2023
1682 2023
1683 2022
1684 2022
1685 2022
1686 2023
1687 2023
1688 2023
1689 2021
1690 2022
1691 2023
1692 2023
1693 2023
1694 2023
1695 2022
1696 2022
1697 2022
1698 2022
1699 2022
1700 2022
1701 2023
1702 2023
1703 2023
1704 2023
1705 2023
1706 2023
1707 2024
1708 2023
1709 2022
1710 2023
1711 2023
1712 2023
1713 2023
1714 2023
1715 2023
1716 2024
1717 2024
1718 2024
1719 2023
1720 2023
1721 2023
1722 2022
1723 2023
1724 2023
1725 2022
1726 2023
1727 2023
1728 2024
1729 2024
1730 2023
1731 2024
1732 2024
1733 2024
1734 2024
1735 2024
1736 1447
1737 1057
1738 895
1739 830
1740 803
1741 790
1742 785
1743 782
1744 781
1745 781
1746 780
1747 779
1748 779
1749 778
1750 779
1751 779
1752 778
1753 778
1754 778
1755 778
1756 778
1757 778
1758 778
1759 777
1760 777
1761 778
1762 776
1763 777
1764 777
1765 775
1766 775
1767 775
1768 775
1769 775
1770 776
1771 775
1772 776
1773 776
1774 776
1775 776
1776 776
1777 775
1778 775
1779 775
1780 774
1781 775
1782 775
1783 774
1784 775
1785 775
1786 776
1787 775
1788 775
1789 775
1790 775
1791 775
1792 775
1793 775
1794 775
1795 776
1796 775
1797 775
1798 775
1799 775
1800 775
1801 774
1802 775
1803 775
1804 775
1805 775
1806 776
1807 775
1808 775
1809 775
1810 775
1811 775
1812 775
1813 776
1814 775
1815 775
1816 775
1817 775
1818 776
1819 776
1820 775
1821 774
1822 774
1823 775
1824 775
1825 775
1826 774
1827 775
1828 775
1829 775
1830 775
1831 834
1832 1514
1833 1798
1834 1920
1835 1974
1836 1997
1837 2008
1838 2012
1839 2015
1840 2017
1841 2020
1842 2019
1843 2019
1844 2019
1845 2019
1846 2020
1847 2021
1848 2027
1849 2023
1850 2021
1851 2021
1852 2021
1853 2015
1854 2020
1855 2021
1856 2020
1857 2021
1858 2020
1859 2021
1860 2020
1861 2021
1862 2022
1863 2021
1864 2021
1865 2022
1866 2023
1867 2023
1868 2023
1869 2022
1870 2022
1871 2021
1872 2023
1873 2023
1874 2023
1875 2023
1876 2024
1877 2023
1878 2023
1879 2024
1880 2023
1881 2023
1882 2023
1883 2023
1884 2022
1885 2022
1886 2022
1887 2023
1888 2023
1889 2024
1890 2023
1891 2022
1892 2023
1893 2023
1894 2023
1895 2023
1896 2024
1897 2023
1898 2022
1899 2022
1900 2023
1901 2023
1902 2024
1903 2023
1904 2023
1905 2023
1906 2023
1907 2023
1908 2024
1909 2024
1910 2023
1911 2024
1912 2024
1913 2023
1914 2023
1915 2023
1916 2021
1917 2022
1918 2024
1919 2023
1920 2023
1921 2023
1922 2022
1923 2023
1924 2023
1925 2025
1926 2023
1927 1271
1928 982
1929 865
1930 817
1931 796
1932 788
1933 783
1934 780
1935 780
1936 780
1937 779
1938 779
1939 780
1940 779
1941 780
1942 779
1943 779
1944 778
1945 778
1946 778
1947 778
1948 777
1949 777
1950 777
1951 777
1952 777
1953 777
1954 776
1955 776
1956 776
1957 776
1958 776
1959 775
1960 777
1961 775
1962 775
1963 775
1964 775
1965 774
1966 775
1967 775
1968 775
1969 775
1970 775
1971 774
1972 775
1973 774
1974 775
1975 775
1976 775
1977 775
1978 775
1979 776
1980 775
1981 775
1982 775
1983 777
1984 778
1985 776
1986 776
1987 776
1988 776
1989 775
1990 775
1991 776
1992 775
1993 776
1994 776
1995 776
1996 774
1997 776
1998 775
1999 775
2000 776
2001 775
2002 775
2003 776
2004 775
2005 775
2006 776
2007 777
2008 775
2009 775
2010 774
2011 774
2012 776
2013 775
2014 775
2015 774
2016 775
2017 775
2018 774
2019 775
2020 775
2021 775
2022 842
2023 1512
2024 1796
2025 1919
2026 1974
2027 1996
2028 2007
2029 2011
2030 2014
2031 2018
2032 2020
2033 2020
2034 2020
2035 2020
2036 2020
2037 2021
2038 2020
2039 2020
2040 2020
2041 2021
2042 2021
2043 2021
2044 2020
2045 2021
2046 2021
2047 2021
