1 1031
2 1035
3 1032
4 1032
5 1032
6 1031
7 1032
8 1032
9 1032
10 1032
11 1031
12 1032
13 1031
14 1031
15 1031
16 1031
17 1031
18 1032
19 1032
20 1033
21 1032
22 1032
23 1031
24 1031
25 1031
26 1031
27 1031
28 1032
29 1031
30 1031
31 1031
32 1031
33 1031
34 1031
35 1031
36 1031
37 1031
38 1032
39 1032
40 1031
41 1031
42 1031
43 1031
44 1031
45 1031
46 1031
47 1031
48 1031
49 1031
50 1032
51 1031
52 1031
53 1032
54 1031
55 1031
56 1032
57 1031
58 1031
59 1031
60 1030
61 1031
62 1031
63 1032
64 1031
65 1032
66 1032
67 1031
68 1031
69 1031
70 1032
71 1031
72 1031
73 1031
74 1031
75 1031
76 1031
77 1031
78 1030
79 1031
80 1031
81 1032
82 1031
83 1033
84 1032
85 1033
86 1030
87 1032
88 1031
89 1031
90 1031
91 1031
92 1031
93 1031
94 1031
95 1031
96 1031
97 1031
98 1030
99 1030
100 1031
101 1031
102 1031
103 1031
104 1032
105 1031
106 1031
107 1032
108 1031
109 1031
110 1032
111 1031
112 1031
113 1031
114 1031
115 1030
116 1030
117 1031
118 1031
119 1031
120 1030
121 1030
122 1031
123 1031
124 1031
125 1031
126 1030
127 1031
128 1031
129 1031
130 1031
131 1030
132 1031
133 1030
134 1031
135 1030
136 1031
137 1031
138 1031
139 1031
140 1031
141 1031
142 1031
143 1031
144 1031
145 1031
146 1031
147 1031
148 1031
149 1031
150 1032
151 1031
152 1031
153 1031
154 1030
155 1030
156 1031
157 1031
158 1031
159 1031
160 1031
161 1031
162 1031
163 1031
164 1030
165 1031
166 1031
167 1031
168 1032
169 1032
170 1031
171 1030
172 1030
173 1031
174 1032
175 1031
176 1031
177 1031
178 1031
179 1031
180 1031
181 1031
182 1031
183 1030
184 1031
185 1031
186 1031
187 1031
188 1032
189 1031
190 1030
191 1031
192 1031
193 1031
194 1031
195 1031
196 1031
197 1031
198 1031
199 1030
200 1031
201 1031
202 1031
203 1031
204 1032
205 1031
206 1031
207 1031
208 1031
209 1032
210 1032
211 1031
212 1031
213 1031
214 1031
215 1032
216 1031
217 1031
218 1030
219 1030
220 1031
221 1032
222 1031
223 1032
224 1031
225 1031
226 1030
227 1030
228 1031
229 1031
230 1031
231 1031
232 1031
233 1031
234 1031
235 1031
236 1031
237 1031
238 1031
239 1031
240 1031
241 1032
242 1032
243 1032
244 1031
245 1031
246 1031
247 1031
248 1031
249 1031
250 1030
251 1031
252 1031
253 1031
254 1032
255 1031
256 1031
257 1031
258 1032
259 1032
260 1032
261 1031
262 1031
263 1031
264 1031
265 1031
266 1031
267 1031
268 1031
269 1031
270 1031
271 1031
272 1031
273 1032
274 1031
275 1031
276 1031
277 1031
278 1032
279 1032
280 1031
281 1032
282 1031
283 1031
284 1031
285 1033
286 1037
287 1043
288 1053
289 1067
290 1080
291 1091
292 1101
293 1111
294 1118
295 1125
296 1130
297 1134
298 1137
299 1138
300 1139
301 1139
302 1140
303 1139
304 1139
305 1137
306 1135
307 1132
308 1130
309 1127
310 1124
311 1122
312 1117
313 1115
314 1112
315 1110
316 1107
317 1102
318 1101
319 1098
320 1095
321 1092
322 1088
323 1087
324 1086
325 1084
326 1081
327 1078
328 1076
329 1074
330 1073
331 1070
332 1068
333 1067
334 1065
335 1063
336 1061
337 1060
338 1059
339 1058
340 1055
341 1053
342 1053
343 1051
344 1051
345 1049
346 1049
347 1048
348 1047
349 1046
350 1046
351 1046
352 1044
353 1043
354 1042
355 1041
356 1041
357 1040
358 1039
359 1039
360 1039
361 1039
362 1038
363 1038
364 1037
365 1037
366 1037
367 1036
368 1036
369 1036
370 1036
371 1036
372 1035
373 1035
374 1034
375 1034
376 1034
377 1034
378 1034
379 1035
380 1034
381 1034
382 1034
383 1033
384 1033
385 1033
386 1034
387 1033
388 1031
389 1033
390 1033
391 1033
392 1033
393 1032
394 1033
395 1032
396 1033
397 1032
398 1033
399 1032
400 1032
401 1031
402 1031
403 1032
404 1031
405 1032
406 1031
407 1032
408 1032
409 1032
410 1032
411 1032
412 1031
413 1031
414 1031
415 1032
416 1032
417 1031
418 1032
419 1032
420 1031
421 1032
422 1031
423 1031
424 1032
425 1031
426 1031
427 1032
428 1031
429 1031
430 1031
431 1031
432 1032
433 1032
434 1032
435 1031
436 1033
437 1032
438 1031
439 1031
440 1031
441 1031
442 1031
443 1032
444 1032
445 1032
446 1032
447 1031
448 1033
449 1031
450 1032
451 1032
452 1031
453 1032
454 1031
455 1031
456 1032
457 1032
458 1031
459 1031
460 1031
461 1031
462 1032
463 1032
464 1031
465 1032
466 1032
467 1031
468 1031
469 1031
470 1032
471 1031
472 1031
473 1032
474 1032
475 1031
476 1031
477 1032
478 1031
479 1031
480 1031
481 1031
482 1031
483 1032
484 1031
485 1031
486 1032
487 1032
488 1032
489 1032
490 1033
491 1032
492 1031
493 1031
494 1031
495 1031
496 1031
497 1031
498 1031
499 1032
500 1031
501 1032
502 1031
503 1032
504 1032
505 1031
506 1031
507 1031
508 1031
509 1031
510 1032
511 1032
512 1032
513 1031
514 1032
515 1031
516 1031
517 1031
518 1033
519 1032
520 1031
521 1031
522 1032
523 1031
524 1031
525 1031
526 1031
527 1032
528 1032
529 1032
530 1032
531 1032
532 1031
533 1031
534 1032
535 1031
536 1031
537 1031
538 1032
539 1032
540 1032
541 1032
542 1031
543 1031
544 1030
545 1031
546 1031
547 1031
548 1031
549 1032
550 1031
551 1031
552 1031
553 1033
554 1031
555 1032
556 1032
557 1031
558 1031
559 1031
560 1031
561 1031
562 1031
563 1031
564 1031
565 1031
566 1031
567 1031
568 1031
569 1031
570 1031
571 1031
572 1032
573 1031
574 1031
575 1033
576 1031
577 1031
578 1032
579 1031
580 1031
581 1032
582 1031
583 1031
584 1031
585 1032
586 1032
587 1031
588 1031
589 1031
590 1032
591 1031
592 1031
593 1031
594 1032
595 1032
596 1031
597 1033
598 1031
599 1031
600 1031
601 1031
602 1031
603 1031
604 1032
605 1031
606 1031
607 1031
608 1031
609 1032
610 1032
611 1031
612 1032
613 1032
614 1032
615 1031
616 1031
617 1031
618 1031
619 1032
620 1031
621 1032
622 1031
623 1031
624 1031
625 1030
626 1031
627 1032
628 1032
629 1031
630 1031
631 1032
632 1031
633 1031
634 1032
635 1032
636 1031
637 1031
638 1032
639 1032
640 1031
641 1031
642 1031
643 1031
644 1031
645 1031
646 1032
647 1032
648 1031
649 1031
650 1032
651 1031
652 1032
653 1032
654 1031
655 1032
656 1033
657 1032
658 1032
659 1031
660 1031
661 1031
662 1031
663 1031
664 1032
665 1031
666 1031
667 1032
668 1031
669 1031
670 1032
671 1031
672 1032
673 1033
674 1032
675 1032
676 1032
677 1031
678 1031
679 1032
680 1031
681 1031
682 1032
683 1030
684 1032
685 1031
686 1031
687 1030
688 1031
689 1031
690 1032
691 1032
692 1032
693 1032
694 1032
695 1032
696 1032
697 1032
698 1031
699 1032
700 1034
701 1031
702 1031
703 1031
704 1031
705 1031
706 1031
707 1032
708 1032
709 1031
710 1031
711 1031
712 1031
713 1031
714 1030
715 1032
716 1031
717 1031
718 1031
719 1031
720 1031
721 1031
722 1032
723 1031
724 1031
725 1031
726 1032
727 1032
728 1032
729 1031
730 1031
731 1031
732 1032
733 1031
734 1032
735 1032
736 1031
737 1031
738 1032
739 1031
740 1031
741 1032
742 1031
743 1030
744 1031
745 1031
746 1031
747 1031
748 1032
749 1031
750 1031
751 1031
752 1031
753 1031
754 1031
755 1031
756 1032
757 1031
758 1031
759 1031
760 1031
761 1030
762 1031
763 1031
764 1031
765 1031
766 1031
767 1031
768 1031
769 1031
770 1031
771 1031
772 1031
773 1031
774 1031
775 1032
776 1032
777 1031
778 1031
779 1031
780 1030
781 1031
782 1031
783 1032
784 1031
785 1031
786 1031
787 1031
788 1031
789 1031
790 1030
791 1031
792 1031
793 1031
794 1031
795 1031
796 1032
797 1031
798 1031
799 1031
800 1031
801 1031
802 1031
803 1031
804 1031
805 1033
806 1033
807 1032
808 1031
809 1032
810 1032
811 1031
812 1032
813 1031
814 1032
815 1031
816 1031
817 1032
818 1032
819 1032
820 1032
821 1030
822 1031
823 1031
824 1031
825 1031
826 1032
827 1032
828 1031
829 1031
830 1031
831 1031
832 1032
833 1032
834 1031
835 1031
836 1032
837 1031
838 1032
839 1032
840 1031
841 1031
842 1031
843 1031
844 1031
845 1031
846 1031
847 1030
848 1030
849 1030
850 1031
851 1031
852 1032
853 1031
854 1031
855 1031
856 1031
857 1031
858 1031
859 1031
860 1031
861 1031
862 1031
863 1031
864 1031
865 1030
866 1031
867 1030
868 1031
869 1031
870 1030
871 1031
872 1030
873 1031
874 1032
875 1031
876 1032
877 1031
878 1031
879 1032
880 1031
881 1031
882 1031
883 1031
884 1031
885 1031
886 1032
887 1032
888 1031
889 1031
890 1031
891 1031
892 1031
893 1031
894 1032
895 1031
896 1031
897 1031
898 1031
899 1031
900 1031
901 1032
902 1031
903 1031
904 1031
905 1031
906 1031
907 1032
908 1032
909 1031
910 1031
911 1030
912 1031
913 1031
914 1031
915 1031
916 1032
917 1032
918 1031
919 1031
920 1032
921 1032
922 1031
923 1032
924 1032
925 1031
926 1032
927 1031
928 1031
929 1031
930 1031
931 1032
932 1032
933 1031
934 1031
935 1031
936 1032
937 1032
938 1031
939 1030
940 1032
941 1031
942 1031
943 1031
944 1032
945 1032
946 1031
947 1030
948 1031
949 1030
950 1031
951 1031
952 1031
953 1030
954 1031
955 1032
956 1032
957 1031
958 1031
959 1031
960 1031
961 1031
962 1031
963 1032
964 1031
965 1031
966 1031
967 1031
968 1031
969 1031
970 1031
971 1031
972 1031
973 1031
974 1031
975 1031
976 1031
977 1031
978 1031
979 1032
980 1031
981 1031
982 1031
983 1031
984 1032
985 1032
986 1032
987 1031
988 1032
989 1032
990 1031
991 1031
992 1031
993 1031
994 1030
995 1031
996 1031
997 1032
998 1031
999 1031
1000 1032
1001 1031
1002 1031
1003 1031
1004 1031
1005 1031
1006 1031
1007 1031
1008 1032
1009 1032
1010 1032
1011 1032
1012 1031
1013 1031
1014 1031
1015 1031
1016 1031
1017 1031
1018 1031
1019 1032
1020 1032
1021 1032
1022 1032
1023 1032
1024 1031
1025 1031
1026 1032
1027 1031
1028 1032
1029 1031
1030 1031
1031 1031
1032 1031
1033 1031
1034 1031
1035 1031
1036 1031
1037 1032
1038 1032
1039 1031
1040 1031
1041 1031
1042 1031
1043 1030
1044 1031
1045 1031
1046 1031
1047 1031
1048 1032
1049 1031
1050 1031
1051 1031
1052 1031
1053 1031
1054 1031
1055 1031
1056 1031
1057 1031
1058 1031
1059 1031
1060 1031
1061 1032
1062 1031
1063 1031
1064 1033
1065 1032
1066 1031
1067 1032
1068 1031
1069 1031
1070 1031
1071 1030
1072 1032
1073 1031
1074 1031
1075 1031
1076 1032
1077 1032
1078 1031
1079 1031
1080 1031
1081 1031
1082 1031
1083 1032
1084 1032
1085 1031
1086 1032
1087 1032
1088 1031
1089 1031
1090 1032
1091 1031
1092 1031
1093 1031
1094 1031
1095 1031
1096 1030
1097 1031
1098 1031
1099 1031
1100 1030
1101 1031
1102 1031
1103 1031
1104 1032
1105 1032
1106 1031
1107 1031
1108 1030
1109 1031
1110 1031
1111 1031
1112 1031
1113 1032
1114 1032
1115 1031
1116 1032
1117 1031
1118 1031
1119 1031
1120 1031
1121 1032
1122 1032
1123 1032
1124 1031
1125 1032
1126 1031
1127 1031
1128 1031
1129 1030
1130 1031
1131 1031
1132 1031
1133 1032
1134 1031
1135 1031
1136 1031
1137 1031
1138 1032
1139 1031
1140 1031
1141 1031
1142 1032
1143 1031
1144 1031
1145 1031
1146 1032
1147 1031
1148 1032
1149 1032
1150 1032
1151 1032
1152 1030
1153 1031
1154 1031
1155 1031
1156 1031
1157 1031
1158 1031
1159 1032
1160 1032
1161 1031
1162 1031
1163 1031
1164 1031
1165 1031
1166 1031
1167 1031
1168 1032
1169 1032
1170 1032
1171 1031
1172 1031
1173 1031
1174 1031
1175 1031
1176 1031
1177 1031
1178 1031
1179 1032
1180 1031
1181 1031
1182 1031
1183 1031
1184 1031
1185 1031
1186 1031
1187 1030
1188 1031
1189 1031
1190 1031
1191 1032
1192 1031
1193 1031
1194 1031
1195 1031
1196 1031
1197 1032
1198 1031
1199 1031
1200 1031
1201 1031
1202 1032
1203 1032
1204 1031
1205 1031
1206 1031
1207 1031
1208 1031
1209 1032
1210 1031
1211 1031
1212 1031
1213 1032
1214 1032
1215 1031
1216 1031
1217 1031
1218 1031
1219 1032
1220 1032
1221 1031
1222 1032
1223 1032
1224 1031
1225 1031
1226 1030
1227 1030
1228 1031
1229 1031
1230 1031
1231 1033
1232 1032
1233 1031
1234 1032
1235 1032
1236 1031
1237 1031
1238 1031
1239 1032
1240 1034
1241 1039
1242 1048
1243 1060
1244 1074
1245 1086
1246 1096
1247 1106
1248 1114
1249 1123
1250 1128
1251 1132
1252 1136
1253 1138
1254 1140
1255 1140
1256 1140
1257 1140
1258 1138
1259 1137
1260 1136
1261 1132
1262 1131
1263 1127
1264 1125
1265 1122
1266 1121
1267 1117
1268 1114
1269 1111
1270 1108
1271 1103
1272 1102
1273 1100
1274 1096
1275 1094
1276 1091
1277 1088
1278 1087
1279 1085
1280 1083
1281 1080
1282 1078
1283 1075
1284 1074
1285 1072
1286 1071
1287 1068
1288 1067
1289 1065
1290 1063
1291 1061
1292 1060
1293 1059
1294 1058
1295 1055
1296 1054
1297 1052
1298 1052
1299 1050
1300 1050
1301 1048
1302 1047
1303 1047
1304 1046
1305 1045
1306 1045
1307 1044
1308 1043
1309 1044
1310 1042
1311 1041
1312 1041
1313 1039
1314 1039
1315 1038
1316 1038
1317 1037
1318 1039
1319 1037
1320 1037
1321 1036
1322 1036
1323 1036
1324 1036
1325 1035
1326 1035
1327 1035
1328 1034
1329 1035
1330 1034
1331 1035
1332 1034
1333 1035
1334 1034
1335 1033
1336 1034
1337 1033
1338 1033
1339 1034
1340 1033
1341 1033
1342 1033
1343 1034
1344 1033
1345 1033
1346 1033
1347 1032
1348 1033
1349 1032
1350 1033
1351 1033
1352 1031
1353 1032
1354 1032
1355 1032
1356 1031
1357 1032
1358 1033
1359 1032
1360 1033
1361 1033
1362 1032
1363 1031
1364 1033
1365 1031
1366 1032
1367 1031
1368 1031
1369 1032
1370 1031
1371 1031
1372 1031
1373 1031
1374 1032
1375 1032
1376 1031
1377 1032
1378 1032
1379 1032
1380 1031
1381 1031
1382 1031
1383 1031
1384 1031
1385 1031
1386 1031
1387 1031
1388 1031
1389 1031
1390 1030
1391 1031
1392 1031
1393 1031
1394 1031
1395 1031
1396 1031
1397 1031
1398 1032
1399 1031
1400 1031
1401 1031
1402 1032
1403 1031
1404 1031
1405 1031
1406 1031
1407 1032
1408 1031
1409 1031
1410 1031
1411 1032
1412 1032
1413 1032
1414 1031
1415 1031
1416 1031
1417 1031
1418 1031
1419 1030
1420 1031
1421 1031
1422 1030
1423 1030
1424 1032
1425 1032
1426 1032
1427 1031
1428 1032
1429 1030
1430 1031
1431 1031
1432 1031
1433 1031
1434 1031
1435 1032
1436 1032
1437 1030
1438 1030
1439 1031
1440 1030
1441 1031
1442 1031
1443 1032
1444 1031
1445 1031
1446 1031
1447 1031
1448 1031
1449 1032
1450 1031
1451 1031
1452 1031
1453 1031
1454 1031
1455 1032
1456 1031
1457 1032
1458 1032
1459 1031
1460 1032
1461 1031
1462 1031
1463 1031
1464 1031
1465 1031
1466 1031
1467 1031
1468 1031
1469 1031
1470 1031
1471 1031
1472 1031
1473 1030
1474 1031
1475 1032
1476 1031
1477 1030
1478 1031
1479 1030
1480 1031
1481 1031
1482 1031
1483 1031
1484 1031
1485 1031
1486 1031
1487 1031
1488 1031
1489 1032
1490 1031
1491 1032
1492 1032
1493 1030
1494 1030
1495 1031
1496 1031
1497 1031
1498 1031
1499 1031
1500 1031
1501 1031
1502 1031
1503 1031
1504 1031
1505 1031
1506 1031
1507 1031
1508 1031
1509 1031
1510 1031
1511 1032
1512 1031
1513 1031
1514 1031
1515 1031
1516 1031
1517 1031
1518 1031
1519 1031
1520 1031
1521 1033
1522 1031
1523 1031
1524 1031
1525 1031
1526 1031
1527 1032
1528 1031
1529 1032
1530 1032
1531 1032
1532 1031
1533 1031
1534 1030
1535 1031
1536 1030
1537 1031
1538 1031
1539 1031
1540 1031
1541 1031
1542 1031
1543 1031
1544 1031
1545 1031
1546 1031
1547 1031
1548 1032
1549 1031
1550 1031
1551 1031
1552 1031
1553 1032
1554 1031
1555 1031
1556 1031
1557 1031
1558 1031
1559 1031
1560 1031
1561 1032
1562 1031
1563 1031
1564 1031
1565 1031
1566 1031
1567 1030
1568 1031
1569 1031
1570 1031
1571 1031
1572 1032
1573 1032
1574 1031
1575 1032
1576 1032
1577 1032
1578 1031
1579 1031
1580 1031
1581 1031
1582 1032
1583 1032
1584 1032
1585 1032
1586 1032
1587 1032
1588 1031
1589 1031
1590 1031
1591 1031
1592 1031
1593 1032
1594 1032
1595 1031
1596 1032
1597 1032
1598 1032
1599 1032
1600 1031
1601 1031
1602 1032
1603 1031
1604 1032
1605 1031
1606 1031
1607 1032
1608 1031
1609 1032
1610 1031
1611 1032
1612 1031
1613 1032
1614 1031
1615 1031
1616 1032
1617 1032
1618 1031
1619 1032
1620 1032
1621 1032
1622 1031
1623 1030
1624 1030
1625 1030
1626 1031
1627 1033
1628 1031
1629 1031
1630 1031
1631 1031
1632 1031
1633 1031
1634 1031
1635 1031
1636 1031
1637 1032
1638 1032
1639 1032
1640 1031
1641 1032
1642 1031
1643 1031
1644 1032
1645 1031
1646 1031
1647 1032
1648 1032
1649 1031
1650 1032
1651 1032
1652 1031
1653 1031
1654 1031
1655 1031
1656 1031
1657 1032
1658 1031
1659 1031
1660 1031
1661 1031
1662 1030
1663 1031
1664 1031
1665 1031
1666 1031
1667 1031
1668 1031
1669 1030
1670 1030
1671 1030
1672 1031
1673 1031
1674 1031
1675 1031
1676 1031
1677 1031
1678 1032
1679 1031
1680 1031
1681 1031
1682 1031
1683 1031
1684 1031
1685 1031
1686 1031
1687 1031
1688 1030
1689 1031
1690 1031
1691 1031
1692 1031
1693 1032
1694 1031
1695 1031
1696 1031
1697 1032
1698 1031
1699 1031
1700 1031
1701 1032
1702 1031
1703 1032
1704 1031
1705 1032
1706 1031
1707 1031
1708 1031
1709 1031
1710 1030
1711 1031
1712 1031
1713 1031
1714 1031
1715 1031
1716 1029
1717 1030
1718 1031
1719 1031
1720 1031
1721 1031
1722 1032
1723 1031
1724 1031
1725 1032
1726 1030
1727 1031
1728 1031
1729 1031
1730 1031
1731 1031
1732 1031
1733 1031
1734 1031
1735 1031
1736 1032
1737 1031
1738 1032
1739 1031
1740 1032
1741 1031
1742 1032
1743 1032
1744 1031
1745 1030
1746 1031
1747 1031
1748 1031
1749 1031
1750 1031
1751 1031
1752 1031
1753 1031
1754 1030
1755 1031
1756 1031
1757 1032
1758 1031
1759 1031
1760 1031
1761 1031
1762 1030
1763 1031
1764 1031
1765 1031
1766 1032
1767 1031
1768 1031
1769 1031
1770 1030
1771 1031
1772 1031
1773 1031
1774 1031
1775 1032
1776 1031
1777 1032
1778 1031
1779 1031
1780 1031
1781 1031
1782 1030
1783 1031
1784 1031
1785 1031
1786 1031
1787 1032
1788 1031
1789 1031
1790 1031
1791 1031
1792 1031
1793 1031
1794 1030
1795 1031
1796 1031
1797 1032
1798 1031
1799 1031
1800 1031
1801 1031
1802 1031
1803 1031
1804 1032
1805 1032
1806 1031
1807 1030
1808 1031
1809 1032
1810 1031
1811 1032
1812 1032
1813 1031
1814 1031
1815 1032
1816 1031
1817 1031
1818 1032
1819 1031
1820 1031
1821 1031
1822 1031
1823 1031
1824 1031
1825 1032
1826 1032
1827 1032
1828 1031
1829 1032
1830 1031
1831 1033
1832 1032
1833 1032
1834 1031
1835 1031
1836 1031
1837 1031
1838 1031
1839 1031
1840 1031
1841 1031
1842 1032
1843 1031
1844 1031
1845 1033
1846 1032
1847 1031
1848 1031
1849 1031
1850 1032
1851 1031
1852 1031
1853 1032
1854 1031
1855 1031
1856 1032
1857 1031
1858 1031
1859 1031
1860 1031
1861 1031
1862 1032
1863 1031
1864 1031
1865 1031
1866 1031
1867 1031
1868 1031
1869 1031
1870 1031
1871 1031
1872 1031
1873 1031
1874 1031
1875 1032
1876 1031
1877 1030
1878 1030
1879 1032
1880 1032
1881 1032
1882 1031
1883 1031
1884 1031
1885 1031
1886 1030
1887 1032
1888 1031
1889 1031
1890 1031
1891 1031
1892 1031
1893 1031
1894 1031
1895 1031
1896 1031
1897 1031
1898 1031
1899 1031
1900 1030
1901 1030
1902 1031
1903 1032
1904 1032
1905 1031
1906 1032
1907 1031
1908 1032
1909 1032
1910 1031
1911 1031
1912 1031
1913 1031
1914 1031
1915 1031
1916 1031
1917 1030
1918 1031
1919 1032
1920 1031
1921 1031
1922 1030
1923 1031
1924 1031
1925 1033
1926 1032
1927 1031
1928 1031
1929 1031
1930 1031
1931 1031
1932 1031
1933 1031
1934 1031
1935 1031
1936 1031
1937 1031
1938 1030
1939 1030
1940 1031
1941 1031
1942 1032
1943 1032
1944 1032
1945 1033
1946 1032
1947 1032
1948 1031
1949 1031
1950 1031
1951 1031
1952 1031
1953 1032
1954 1032
1955 1031
1956 1031
1957 1031
1958 1030
1959 1031
1960 1031
1961 1031
1962 1031
1963 1032
1964 1032
1965 1031
1966 1031
1967 1032
1968 1031
1969 1030
1970 1031
1971 1031
1972 1031
1973 1031
1974 1031
1975 1031
1976 1031
1977 1031
1978 1030
1979 1031
1980 1031
1981 1031
1982 1032
1983 1032
1984 1032
1985 1031
1986 1032
1987 1031
1988 1032
1989 1032
1990 1031
1991 1032
1992 1031
1993 1031
1994 1031
1995 1031
1996 1031
1997 1030
1998 1031
1999 1031
2000 1031
2001 1030
2002 1031
2003 1032
2004 1031
2005 1031
2006 1031
2007 1031
2008 1031
2009 1032
2010 1032
2011 1031
2012 1031
2013 1031
2014 1030
2015 1031
2016 1031
2017 1031
2018 1030
2019 1030
2020 1031
2021 1031
2022 1031
2023 1031
2024 1030
2025 1031
2026 1031
2027 1031
2028 1032
2029 1032
2030 1031
2031 1031
2032 1030
2033 1031
2034 1031
2035 1030
2036 1031
2037 1030
2038 1030
2039 1031
2040 1031
2041 1032
2042 1032
2043 1031
2044 1031
2045 1032
2046 1031
2047 1032
