1 992
2 992
3 994
4 994
5 994
6 995
7 995
8 994
9 995
10 995
11 994
12 995
13 995
14 994
15 995
16 995
17 995
18 995
19 995
20 995
21 994
22 994
23 994
24 995
25 995
26 995
27 995
28 994
29 995
30 995
31 995
32 995
33 995
34 994
35 995
36 995
37 995
38 995
39 995
40 995
41 996
42 995
43 995
44 995
45 994
46 995
47 996
48 995
49 994
50 995
51 996
52 994
53 995
54 995
55 994
56 994
57 995
58 994
59 994
60 995
61 995
62 994
63 994
64 995
65 995
66 995
67 994
68 995
69 995
70 996
71 994
72 995
73 994
74 994
75 995
76 994
77 995
78 995
79 994
80 995
81 995
82 995
83 995
84 995
85 995
86 993
87 994
88 995
89 994
90 994
91 995
92 995
93 994
94 995
95 995
96 995
97 994
98 995
99 995
100 995
101 994
102 995
103 995
104 995
105 994
106 995
107 995
108 995
109 995
110 996
111 995
112 994
113 995
114 994
115 995
116 994
117 995
118 995
119 994
120 994
121 994
122 995
123 995
124 994
125 994
126 995
127 995
128 995
129 995
130 995
131 995
132 964
133 936
134 901
135 868
136 838
137 815
138 793
139 775
140 761
141 749
142 741
143 736
144 731
145 729
146 729
147 730
148 732
149 736
150 740
151 744
152 749
153 754
154 760
155 766
156 772
157 778
158 785
159 791
160 797
161 804
162 811
163 817
164 823
165 829
166 834
167 839
168 846
169 851
170 857
171 861
172 869
173 875
174 880
175 885
176 890
177 894
178 897
179 902
180 907
181 911
182 915
183 919
184 922
185 925
186 931
187 933
188 936
189 939
190 942
191 945
192 947
193 950
194 952
195 954
196 957
197 959
198 959
199 960
200 962
201 964
202 965
203 967
204 968
205 970
206 970
207 972
208 973
209 975
210 976
211 976
212 977
213 977
214 978
215 981
216 981
217 981
218 982
219 983
220 982
221 984
222 984
223 985
224 984
225 985
226 984
227 986
228 987
229 987
230 988
231 987
232 987
233 988
234 988
235 989
236 992
237 991
238 992
239 991
240 991
241 992
242 992
243 991
244 992
245 992
246 993
247 992
248 992
249 993
250 993
251 993
252 993
253 994
254 994
255 993
256 993
257 994
258 994
259 993
260 994
261 994
262 994
263 993
264 994
265 994
266 994
267 994
268 993
269 994
270 994
271 994
272 994
273 994
274 994
275 995
276 995
277 995
278 994
279 995
280 995
281 994
282 994
283 994
284 994
285 994
286 994
287 995
288 994
289 994
290 995
291 994
292 995
293 994
294 995
295 995
296 995
297 995
298 994
299 995
300 994
301 994
302 995
303 994
304 994
305 995
306 995
307 995
308 994
309 995
310 995
311 995
312 995
313 995
314 996
315 994
316 994
317 994
318 995
319 995
320 995
321 995
322 995
323 994
324 995
325 995
326 995
327 995
328 995
329 995
330 994
331 994
332 996
333 995
334 995
335 995
336 995
337 995
338 995
339 995
340 995
341 995
342 995
343 995
344 994
345 995
346 995
347 995
348 995
349 994
350 995
351 994
352 995
353 995
354 995
355 995
356 995
357 995
358 995
359 995
360 995
361 995
362 995
363 995
364 995
365 994
366 994
367 995
368 994
369 995
370 995
371 994
372 994
373 995
374 996
375 995
376 995
377 995
378 995
379 994
380 995
381 995
382 995
383 995
384 994
385 995
386 995
387 995
388 994
389 994
390 995
391 995
392 995
393 995
394 994
395 995
396 995
397 995
398 995
399 996
400 995
401 994
402 995
403 995
404 994
405 995
406 995
407 994
408 994
409 994
410 994
411 994
412 994
413 996
414 995
415 994
416 995
417 995
418 995
419 994
420 995
421 995
422 994
423 994
424 995
425 995
426 995
427 995
428 995
429 994
430 995
431 995
432 995
433 995
434 995
435 994
436 995
437 995
438 995
439 995
440 995
441 995
442 995
443 995
444 994
445 994
446 995
447 995
448 996
449 995
450 995
451 995
452 994
453 995
454 995
455 995
456 995
457 995
458 995
459 995
460 994
461 995
462 995
463 994
464 994
465 996
466 995
467 994
468 994
469 995
470 994
471 994
472 994
473 995
474 995
475 994
476 994
477 994
478 994
479 995
480 995
481 996
482 995
483 995
484 995
485 996
486 995
487 995
488 994
489 995
490 995
491 994
492 994
493 995
494 995
495 994
496 995
497 994
498 995
499 994
500 995
501 995
502 995
503 995
504 994
505 994
506 995
507 995
508 994
509 994
510 995
511 993
512 995
513 995
514 995
515 994
516 995
517 994
518 995
519 995
520 995
521 994
522 995
523 995
524 994
525 994
526 994
527 994
528 995
529 994
530 995
531 995
532 995
533 994
534 995
535 995
536 994
537 994
538 994
539 995
540 994
541 995
542 996
543 995
544 995
545 995
546 995
547 995
548 995
549 995
550 995
551 995
552 995
553 994
554 994
555 994
556 994
557 995
558 995
559 994
560 995
561 994
562 994
563 995
564 995
565 995
566 995
567 995
568 995
569 994
570 995
571 995
572 994
573 994
574 994
575 994
576 994
577 995
578 995
579 995
580 995
581 995
582 994
583 994
584 994
585 995
586 995
587 994
588 995
589 995
590 994
591 995
592 994
593 995
594 994
595 994
596 994
597 994
598 994
599 995
600 995
601 995
602 995
603 994
604 994
605 995
606 995
607 995
608 995
609 1012
610 1044
611 1081
612 1114
613 1146
614 1175
615 1200
616 1216
617 1232
618 1245
619 1258
620 1266
621 1272
622 1274
623 1276
624 1276
625 1275
626 1273
627 1270
628 1266
629 1260
630 1255
631 1249
632 1243
633 1236
634 1228
635 1222
636 1215
637 1210
638 1202
639 1196
640 1188
641 1180
642 1173
643 1166
644 1159
645 1153
646 1147
647 1140
648 1134
649 1128
650 1122
651 1115
652 1110
653 1104
654 1100
655 1095
656 1091
657 1086
658 1083
659 1080
660 1076
661 1072
662 1068
663 1065
664 1062
665 1058
666 1053
667 1051
668 1048
669 1045
670 1043
671 1040
672 1038
673 1036
674 1034
675 1031
676 1029
677 1028
678 1026
679 1024
680 1023
681 1021
682 1020
683 1018
684 1018
685 1015
686 1016
687 1015
688 1013
689 1013
690 1011
691 1011
692 1009
693 1008
694 1008
695 1005
696 1005
697 1006
698 1005
699 1003
700 1004
701 1003
702 1002
703 1002
704 1002
705 1000
706 1001
707 1001
708 999
709 999
710 999
711 999
712 999
713 999
714 998
715 998
716 998
717 998
718 998
719 997
720 997
721 997
722 997
723 997
724 997
725 997
726 996
727 996
728 996
729 996
730 996
731 996
732 995
733 996
734 996
735 995
736 996
737 996
738 996
739 995
740 995
741 995
742 995
743 995
744 995
745 996
746 995
747 996
748 995
749 995
750 995
751 995
752 995
753 995
754 995
755 995
756 995
757 995
758 994
759 994
760 995
761 994
762 995
763 995
764 994
765 994
766 995
767 995
768 995
769 995
770 994
771 995
772 995
773 995
774 995
775 995
776 995
777 995
778 995
779 995
780 995
781 995
782 994
783 995
784 995
785 995
786 995
787 995
788 995
789 995
790 994
791 995
792 995
793 994
794 995
795 995
796 995
797 995
798 994
799 994
800 994
801 995
802 995
803 995
804 995
805 994
806 995
807 994
808 995
809 995
810 994
811 995
812 995
813 995
814 994
815 995
816 993
817 994
818 995
819 994
820 995
821 995
822 995
823 995
824 995
825 994
826 994
827 994
828 995
829 995
830 995
831 995
832 995
833 995
834 994
835 995
836 995
837 994
838 995
839 995
840 995
841 995
842 995
843 994
844 994
845 995
846 995
847 995
848 995
849 995
850 995
851 994
852 994
853 995
854 994
855 994
856 993
857 995
858 994
859 995
860 995
861 994
862 994
863 995
864 995
865 995
866 995
867 995
868 995
869 994
870 995
871 995
872 994
873 995
874 995
875 995
876 994
877 995
878 994
879 994
880 994
881 994
882 995
883 995
884 995
885 995
886 995
887 995
888 995
889 995
890 995
891 994
892 995
893 995
894 995
895 995
896 995
897 995
898 995
899 994
900 994
901 995
902 993
903 994
904 995
905 995
906 995
907 994
908 995
909 995
910 995
911 994
912 995
913 995
914 994
915 994
916 994
917 994
918 995
919 994
920 994
921 995
922 995
923 995
924 994
925 994
926 994
927 995
928 994
929 995
930 995
931 995
932 995
933 995
934 994
935 994
936 995
937 995
938 994
939 995
940 995
941 995
942 994
943 995
944 993
945 995
946 995
947 994
948 995
949 994
950 995
951 995
952 994
953 994
954 995
955 995
956 994
957 994
958 994
959 994
960 995
961 995
962 994
963 995
964 993
965 994
966 995
967 995
968 995
969 994
970 994
971 994
972 995
973 995
974 995
975 995
976 995
977 994
978 995
979 994
980 995
981 995
982 995
983 995
984 994
985 995
986 994
987 995
988 995
989 995
990 995
991 993
992 995
993 995
994 994
995 994
996 995
997 995
998 994
999 994
1000 995
1001 994
1002 995
1003 995
1004 995
1005 995
1006 994
1007 995
1008 994
1009 994
1010 995
1011 995
1012 995
1013 995
1014 994
1015 994
1016 995
1017 995
1018 994
1019 995
1020 995
1021 995
1022 994
1023 995
1024 995
1025 994
1026 994
1027 995
1028 995
1029 994
1030 995
1031 996
1032 995
1033 994
1034 995
1035 995
1036 995
1037 995
1038 995
1039 995
1040 995
1041 995
1042 995
1043 995
1044 995
1045 995
1046 995
1047 995
1048 994
1049 995
1050 995
1051 995
1052 995
1053 995
1054 995
1055 994
1056 994
1057 994
1058 995
1059 995
1060 995
1061 995
1062 995
1063 995
1064 995
1065 995
1066 994
1067 995
1068 995
1069 994
1070 995
1071 994
1072 995
1073 994
1074 995
1075 994
1076 994
1077 995
1078 995
1079 994
1080 994
1081 995
1082 994
1083 994
1084 995
1085 994
1086 981
1087 957
1088 920
1089 884
1090 853
1091 827
1092 804
1093 783
1094 767
1095 755
1096 745
1097 738
1098 732
1099 730
1100 729
1101 729
1102 731
1103 735
1104 739
1105 740
1106 746
1107 752
1108 756
1109 762
1110 768
1111 775
1112 781
1113 788
1114 794
1115 799
1116 807
1117 815
1118 820
1119 827
1120 830
1121 836
1122 842
1123 848
1124 855
1125 860
1126 866
1127 871
1128 878
1129 882
1130 886
1131 892
1132 896
1133 900
1134 904
1135 908
1136 911
1137 917
1138 920
1139 925
1140 929
1141 931
1142 935
1143 938
1144 940
1145 944
1146 947
1147 950
1148 951
1149 953
1150 956
1151 958
1152 958
1153 960
1154 961
1155 963
1156 964
1157 966
1158 968
1159 970
1160 970
1161 971
1162 973
1163 973
1164 974
1165 976
1166 976
1167 977
1168 979
1169 979
1170 981
1171 981
1172 981
1173 982
1174 983
1175 983
1176 983
1177 984
1178 984
1179 986
1180 986
1181 987
1182 986
1183 987
1184 986
1185 988
1186 988
1187 988
1188 988
1189 988
1190 989
1191 989
1192 988
1193 991
1194 989
1195 989
1196 991
1197 991
1198 992
1199 992
1200 992
1201 992
1202 993
1203 993
1204 993
1205 992
1206 992
1207 994
1208 993
1209 994
1210 993
1211 993
1212 994
1213 993
1214 993
1215 994
1216 994
1217 994
1218 994
1219 994
1220 995
1221 994
1222 994
1223 994
1224 994
1225 994
1226 994
1227 994
1228 994
1229 994
1230 995
1231 994
1232 994
1233 994
1234 994
1235 994
1236 994
1237 994
1238 994
1239 994
1240 995
1241 995
1242 994
1243 995
1244 994
1245 995
1246 995
1247 995
1248 995
1249 995
1250 995
1251 995
1252 995
1253 995
1254 994
1255 995
1256 994
1257 995
1258 994
1259 995
1260 995
1261 995
1262 994
1263 995
1264 995
1265 995
1266 995
1267 995
1268 994
1269 994
1270 995
1271 994
1272 994
1273 994
1274 994
1275 994
1276 994
1277 994
1278 994
1279 995
1280 995
1281 995
1282 994
1283 994
1284 995
1285 995
1286 995
1287 995
1288 995
1289 994
1290 994
1291 996
1292 996
1293 995
1294 995
1295 995
1296 995
1297 995
1298 995
1299 995
1300 996
1301 995
1302 995
1303 995
1304 994
1305 995
1306 995
1307 995
1308 994
1309 994
1310 995
1311 994
1312 995
1313 995
1314 994
1315 995
1316 995
1317 995
1318 994
1319 994
1320 995
1321 995
1322 995
1323 994
1324 994
1325 994
1326 994
1327 995
1328 994
1329 995
1330 995
1331 995
1332 994
1333 995
1334 995
1335 995
1336 994
1337 994
1338 995
1339 995
1340 995
1341 994
1342 995
1343 994
1344 994
1345 994
1346 994
1347 995
1348 995
1349 995
1350 994
1351 995
1352 995
1353 994
1354 994
1355 994
1356 994
1357 994
1358 995
1359 995
1360 995
1361 995
1362 995
1363 995
1364 994
1365 995
1366 994
1367 994
1368 994
1369 995
1370 994
1371 995
1372 995
1373 995
1374 994
1375 995
1376 995
1377 994
1378 995
1379 995
1380 995
1381 995
1382 995
1383 995
1384 995
1385 994
1386 995
1387 995
1388 995
1389 994
1390 995
1391 996
1392 996
1393 995
1394 994
1395 995
1396 995
1397 995
1398 995
1399 994
1400 995
1401 995
1402 994
1403 994
1404 995
1405 996
1406 995
1407 995
1408 994
1409 994
1410 995
1411 995
1412 994
1413 995
1414 995
1415 995
1416 995
1417 996
1418 995
1419 995
1420 995
1421 994
1422 994
1423 994
1424 994
1425 995
1426 994
1427 995
1428 995
1429 995
1430 994
1431 994
1432 995
1433 995
1434 995
1435 995
1436 994
1437 995
1438 995
1439 994
1440 995
1441 995
1442 995
1443 994
1444 994
1445 995
1446 995
1447 995
1448 994
1449 994
1450 995
1451 995
1452 995
1453 995
1454 994
1455 994
1456 995
1457 995
1458 995
1459 995
1460 995
1461 994
1462 994
1463 994
1464 994
1465 994
1466 995
1467 995
1468 995
1469 995
1470 995
1471 994
1472 995
1473 995
1474 995
1475 995
1476 995
1477 995
1478 994
1479 995
1480 994
1481 995
1482 995
1483 995
1484 994
1485 994
1486 995
1487 994
1488 995
1489 995
1490 994
1491 994
1492 995
1493 995
1494 995
1495 995
1496 995
1497 995
1498 994
1499 995
1500 995
1501 995
1502 995
1503 994
1504 995
1505 995
1506 995
1507 995
1508 995
1509 995
1510 994
1511 995
1512 994
1513 995
1514 995
1515 995
1516 995
1517 995
1518 995
1519 995
1520 994
1521 995
1522 995
1523 995
1524 995
1525 994
1526 995
1527 994
1528 995
1529 994
1530 994
1531 995
1532 995
1533 995
1534 995
1535 995
1536 995
1537 995
1538 995
1539 995
1540 995
1541 995
1542 993
1543 995
1544 995
1545 995
1546 995
1547 995
1548 994
1549 995
1550 995
1551 995
1552 995
1553 995
1554 995
1555 995
1556 995
1557 995
1558 995
1559 995
1560 995
1561 995
1562 995
1563 997
1564 1030
1565 1063
1566 1097
1567 1130
1568 1160
1569 1186
1570 1208
1571 1224
1572 1238
1573 1251
1574 1260
1575 1268
1576 1272
1577 1275
1578 1276
1579 1276
1580 1275
1581 1272
1582 1267
1583 1262
1584 1258
1585 1252
1586 1244
1587 1239
1588 1231
1589 1225
1590 1218
1591 1213
1592 1206
1593 1199
1594 1192
1595 1185
1596 1177
1597 1170
1598 1162
1599 1155
1600 1149
1601 1143
1602 1137
1603 1132
1604 1125
1605 1118
1606 1112
1607 1107
1608 1103
1609 1098
1610 1092
1611 1088
1612 1085
1613 1082
1614 1078
1615 1074
1616 1071
1617 1066
1618 1063
1619 1059
1620 1055
1621 1052
1622 1049
1623 1047
1624 1044
1625 1041
1626 1038
1627 1036
1628 1034
1629 1033
1630 1030
1631 1029
1632 1027
1633 1025
1634 1023
1635 1021
1636 1021
1637 1019
1638 1019
1639 1016
1640 1015
1641 1015
1642 1013
1643 1013
1644 1012
1645 1010
1646 1009
1647 1009
1648 1008
1649 1007
1650 1005
1651 1007
1652 1005
1653 1005
1654 1004
1655 1003
1656 1003
1657 1003
1658 1002
1659 1002
1660 1001
1661 1000
1662 1000
1663 999
1664 1000
1665 999
1666 999
1667 998
1668 999
1669 999
1670 999
1671 998
1672 997
1673 998
1674 998
1675 997
1676 997
1677 997
1678 997
1679 997
1680 996
1681 996
1682 996
1683 996
1684 996
1685 997
1686 995
1687 996
1688 996
1689 995
1690 996
1691 996
1692 996
1693 995
1694 996
1695 995
1696 995
1697 996
1698 994
1699 995
1700 995
1701 995
1702 995
1703 994
1704 995
1705 995
1706 995
1707 994
1708 995
1709 995
1710 995
1711 995
1712 995
1713 995
1714 995
1715 995
1716 994
1717 994
1718 995
1719 995
1720 995
1721 995
1722 995
1723 995
1724 995
1725 994
1726 996
1727 995
1728 995
1729 995
1730 995
1731 995
1732 994
1733 995
1734 994
1735 995
1736 995
1737 995
1738 993
1739 994
1740 995
1741 994
1742 995
1743 995
1744 994
1745 995
1746 994
1747 994
1748 995
1749 994
1750 995
1751 994
1752 994
1753 994
1754 995
1755 995
1756 995
1757 995
1758 995
1759 995
1760 996
1761 995
1762 995
1763 995
1764 995
1765 994
1766 995
1767 995
1768 995
1769 994
1770 995
1771 995
1772 994
1773 994
1774 996
1775 995
1776 995
1777 995
1778 995
1779 994
1780 995
1781 995
1782 996
1783 994
1784 994
1785 995
1786 995
1787 994
1788 995
1789 995
1790 994
1791 995
1792 995
1793 995
1794 995
1795 996
1796 996
1797 995
1798 995
1799 995
1800 995
1801 995
1802 995
1803 995
1804 994
1805 994
1806 994
1807 994
1808 994
1809 995
1810 995
1811 994
1812 995
1813 994
1814 995
1815 995
1816 995
1817 995
1818 995
1819 995
1820 995
1821 994
1822 995
1823 995
1824 995
1825 995
1826 995
1827 993
1828 995
1829 995
1830 994
1831 994
1832 995
1833 994
1834 994
1835 995
1836 995
1837 995
1838 995
1839 995
1840 995
1841 995
1842 995
1843 995
1844 995
1845 995
1846 994
1847 995
1848 995
1849 995
1850 994
1851 995
1852 995
1853 994
1854 995
1855 995
1856 995
1857 995
1858 995
1859 994
1860 994
1861 995
1862 995
1863 995
1864 995
1865 995
1866 995
1867 994
1868 994
1869 994
1870 995
1871 995
1872 995
1873 995
1874 994
1875 995
1876 995
1877 993
1878 995
1879 995
1880 994
1881 996
1882 995
1883 994
1884 995
1885 995
1886 994
1887 993
1888 995
1889 994
1890 994
1891 995
1892 994
1893 994
1894 994
1895 994
1896 994
1897 995
1898 994
1899 994
1900 995
1901 994
1902 994
1903 995
1904 995
1905 995
1906 994
1907 994
1908 995
1909 995
1910 994
1911 994
1912 995
1913 995
1914 995
1915 995
1916 994
1917 994
1918 995
1919 994
1920 995
1921 995
1922 994
1923 995
1924 995
1925 995
1926 995
1927 995
1928 995
1929 995
1930 994
1931 995
1932 995
1933 995
1934 995
1935 995
1936 994
1937 995
1938 994
1939 994
1940 995
1941 995
1942 995
1943 994
1944 995
1945 995
1946 996
1947 996
1948 995
1949 994
1950 993
1951 995
1952 994
1953 995
1954 994
1955 994
1956 995
1957 995
1958 994
1959 995
1960 996
1961 995
1962 994
1963 995
1964 995
1965 994
1966 994
1967 995
1968 995
1969 994
1970 995
1971 995
1972 994
1973 994
1974 994
1975 994
1976 994
1977 995
1978 995
1979 995
1980 995
1981 995
1982 995
1983 995
1984 995
1985 995
1986 996
1987 995
1988 994
1989 995
1990 995
1991 994
1992 995
1993 994
1994 994
1995 995
1996 994
1997 995
1998 994
1999 994
2000 995
2001 995
2002 995
2003 995
2004 995
2005 995
2006 994
2007 995
2008 994
2009 995
2010 995
2011 995
2012 994
2013 994
2014 995
2015 995
2016 994
2017 994
2018 995
2019 995
2020 995
2021 995
2022 994
2023 995
2024 995
2025 995
2026 995
2027 995
2028 995
2029 995
2030 995
2031 995
2032 995
2033 995
2034 994
2035 995
2036 995
2037 994
2038 993
2039 994
2040 994
2041 963
2042 936
2043 902
2044 870
2045 839
2046 816
2047 793
