10 1.04 13.0 0.2 2.6 12.5 0.29926253044806245 0.1387283753605495 1.0 21.93820026016113 0.20794890498239585 0.0963983486439835
50 1.04 13.0 0.2 2.6 12.5 0.29926253044806245 0.1387283753605495 1.6989700043360187 21.93820026016113 0.20794890498239585 0.0963983486439835
100 1.04 12.9 0.2 2.6 12.403846153846153 0.29721843738435916 0.13821674930149538 2.0 21.871127420009373 0.20812951994879336 0.09678735254166568
10 1.04 13.0 0.2 2.6 12.5 0.29926253044806245 0.1387283753605495 1.0 21.93820026016113 0.20794890498239585 0.0963983486439835
50 1.04 13.0 0.2 2.6 12.5 0.29926253044806245 0.1387283753605495 1.6989700043360187 21.93820026016113 0.20794890498239585 0.0963983486439835
100 1.04 12.9 0.2 2.6 12.403846153846153 0.29721843738435916 0.13821674930149538 2.0 21.871127420009373 0.20812951994879336 0.09678735254166568
10 1.04 13.0 0.2 2.6 12.5 0.29926253044806245 0.1387283753605495 1.0 21.93820026016113 0.20794890498239585 0.0963983486439835
50 1.04 13.0 0.2 2.6 12.5 0.29926253044806245 0.1387283753605495 1.6989700043360187 21.93820026016113 0.20794890498239585 0.0963983486439835
100 1.04 12.9 0.2 2.6 12.403846153846153 0.29721843738435916 0.13821674930149538 2.0 21.871127420009373 0.20812951994879336 0.09678735254166568
10 1.04 13.0 0.2 2.6 12.5 0.29926253044806245 0.1387283753605495 1.0 21.93820026016113 0.20794890498239585 0.0963983486439835
50 1.04 13.0 0.2 2.6 12.5 0.29926253044806245 0.1387283753605495 1.6989700043360187 21.93820026016113 0.20794890498239585 0.0963983486439835
100 1.04 12.9 0.2 2.6 12.403846153846153 0.29721843738435916 0.13821674930149538 2.0 21.871127420009373 0.20812951994879336 0.09678735254166568
10 1.04 13.0 0.2 2.6 12.5 0.29926253044806245 0.1387283753605495 1.0 21.93820026016113 0.20794890498239585 0.0963983486439835
50 1.04 13.0 0.2 2.6 12.5 0.29926253044806245 0.1387283753605495 1.6989700043360187 21.93820026016113 0.20794890498239585 0.0963983486439835
100 1.04 12.9 0.2 2.6 12.403846153846153 0.29721843738435916 0.13821674930149538 2.0 21.871127420009373 0.20812951994879336 0.09678735254166568
10 1.04 13.0 0.2 2.6 12.5 0.29926253044806245 0.1387283753605495 1.0 21.93820026016113 0.20794890498239585 0.0963983486439835
50 1.04 13.0 0.2 2.6 12.5 0.29926253044806245 0.1387283753605495 1.6989700043360187 21.93820026016113 0.20794890498239585 0.0963983486439835
100 1.04 12.9 0.2 2.6 12.403846153846153 0.29721843738435916 0.13821674930149538 2.0 21.871127420009373 0.20812951994879336 0.09678735254166568
10 1.04 13.0 0.2 2.6 12.5 0.29926253044806245 0.1387283753605495 1.0 21.93820026016113 0.20794890498239585 0.0963983486439835
50 1.04 13.0 0.2 2.6 12.5 0.29926253044806245 0.1387283753605495 1.6989700043360187 21.93820026016113 0.20794890498239585 0.0963983486439835
100 1.04 12.9 0.2 2.6 12.403846153846153 0.29721843738435916 0.13821674930149538 2.0 21.871127420009373 0.20812951994879336 0.09678735254166568
10 1.04 13.0 0.2 2.6 12.5 0.29926253044806245 0.1387283753605495 1.0 21.93820026016113 0.20794890498239585 0.0963983486439835
50 1.04 13.0 0.2 2.6 12.5 0.29926253044806245 0.1387283753605495 1.6989700043360187 21.93820026016113 0.20794890498239585 0.0963983486439835
100 1.04 12.9 0.2 2.6 12.403846153846153 0.29721843738435916 0.13821674930149538 2.0 21.871127420009373 0.20812951994879336 0.09678735254166568
10 1.04 13.0 0.2 2.6 12.5 0.29926253044806245 0.1387283753605495 1.0 21.93820026016113 0.20794890498239585 0.0963983486439835
50 1.04 13.0 0.2 2.6 12.5 0.29926253044806245 0.1387283753605495 1.6989700043360187 21.93820026016113 0.20794890498239585 0.0963983486439835
100 1.04 12.9 0.2 2.6 12.403846153846153 0.29721843738435916 0.13821674930149538 2.0 21.871127420009373 0.20812951994879336 0.09678735254166568
10 1.04 13.0 0.2 2.6 12.5 0.29926253044806245 0.1387283753605495 1.0 21.93820026016113 0.20794890498239585 0.0963983486439835
50 1.04 13.0 0.2 2.6 12.5 0.29926253044806245 0.1387283753605495 1.6989700043360187 21.93820026016113 0.20794890498239585 0.0963983486439835
100 1.04 12.9 0.2 2.6 12.403846153846153 0.29721843738435916 0.13821674930149538 2.0 21.871127420009373 0.20812951994879336 0.09678735254166568
10 1.04 13.0 0.2 2.6 12.5 0.29926253044806245 0.1387283753605495 1.0 21.93820026016113 0.20794890498239585 0.0963983486439835
50 1.04 13.0 0.2 2.6 12.5 0.29926253044806245 0.1387283753605495 1.6989700043360187 21.93820026016113 0.20794890498239585 0.0963983486439835
100 1.04 12.9 0.2 2.6 12.403846153846153 0.29721843738435916 0.13821674930149538 2.0 21.871127420009373 0.20812951994879336 0.09678735254166568
10 1.04 13.0 0.2 2.6 12.5 0.29926253044806245 0.1387283753605495 1.0 21.93820026016113 0.20794890498239585 0.0963983486439835
50 1.04 13.0 0.2 2.6 12.5 0.29926253044806245 0.1387283753605495 1.6989700043360187 21.93820026016113 0.20794890498239585 0.0963983486439835
100 1.04 12.9 0.2 2.6 12.403846153846153 0.29721843738435916 0.13821674930149538 2.0 21.871127420009373 0.20812951994879336 0.09678735254166568
