5000 1.04 2.6 0.2 0.52 2.5 0.059852506089612484 0.0277456750721099 3.6989700043360187 7.958800173440752 0.20794890498239577 0.09639834864398349
8000 1.04 1.66 0.2 0.5 1.596153846153846 0.040829432765061395 0.02281609924264876 3.9030899869919438 4.061494974825494 0.22218406316952088 0.12415978601957703
10000 1.04 1.36 0.2 0.28800000000000003 1.3076923076923077 0.03151843564172618 0.014962792456045768 4.0 2.3301113814287433 0.20935020565472698 0.09938512537390078
25000 1.04 0.52 0.2 0.1 0.5 0.011919974782547488 0.0054392829322042115 4.3979400086720375 -6.020599913279624 0.2070711708994515 0.09449002251867314
50000 1.04 0.263 0.2 0.05 0.2528846153846154 0.006021633386049804 0.0027353767056455774 4.698970004336019 -11.94155181618045 0.2068265123703465 0.09395265167727092
100000 1.04 0.132 0.2 0.05 0.12692307692307692 0.003449740299423815 0.002156721534746461 5.0 -17.929188161858608 0.23608050046675694 0.1475936896975746
5000 1.04 2.6 0.2 0.52 2.5 0.059852506089612484 0.0277456750721099 3.6989700043360187 7.958800173440752 0.20794890498239577 0.09639834864398349
8000 1.04 1.66 0.2 0.5 1.596153846153846 0.040829432765061395 0.02281609924264876 3.9030899869919438 4.061494974825494 0.22218406316952088 0.12415978601957703
10000 1.04 1.36 0.2 0.28800000000000003 1.3076923076923077 0.03151843564172618 0.014962792456045768 4.0 2.3301113814287433 0.20935020565472698 0.09938512537390078
25000 1.04 0.52 0.2 0.1 0.5 0.011919974782547488 0.0054392829322042115 4.3979400086720375 -6.020599913279624 0.2070711708994515 0.09449002251867314
50000 1.04 0.263 0.2 0.05 0.2528846153846154 0.006021633386049804 0.0027353767056455774 4.698970004336019 -11.94155181618045 0.2068265123703465 0.09395265167727092
100000 1.04 0.132 0.2 0.05 0.12692307692307692 0.003449740299423815 0.002156721534746461 5.0 -17.929188161858608 0.23608050046675694 0.1475936896975746
5000 1.04 2.6 0.2 0.52 2.5 0.059852506089612484 0.0277456750721099 3.6989700043360187 7.958800173440752 0.20794890498239577 0.09639834864398349
8000 1.04 1.66 0.2 0.5 1.596153846153846 0.040829432765061395 0.02281609924264876 3.9030899869919438 4.061494974825494 0.22218406316952088 0.12415978601957703
10000 1.04 1.36 0.2 0.28800000000000003 1.3076923076923077 0.03151843564172618 0.014962792456045768 4.0 2.3301113814287433 0.20935020565472698 0.09938512537390078
25000 1.04 0.52 0.2 0.1 0.5 0.011919974782547488 0.0054392829322042115 4.3979400086720375 -6.020599913279624 0.2070711708994515 0.09449002251867314
50000 1.04 0.263 0.2 0.05 0.2528846153846154 0.006021633386049804 0.0027353767056455774 4.698970004336019 -11.94155181618045 0.2068265123703465 0.09395265167727092
100000 1.04 0.132 0.2 0.05 0.12692307692307692 0.003449740299423815 0.002156721534746461 5.0 -17.929188161858608 0.23608050046675694 0.1475936896975746
5000 1.04 2.6 0.2 0.52 2.5 0.059852506089612484 0.0277456750721099 3.6989700043360187 7.958800173440752 0.20794890498239577 0.09639834864398349
8000 1.04 1.66 0.2 0.5 1.596153846153846 0.040829432765061395 0.02281609924264876 3.9030899869919438 4.061494974825494 0.22218406316952088 0.12415978601957703
10000 1.04 1.36 0.2 0.28800000000000003 1.3076923076923077 0.03151843564172618 0.014962792456045768 4.0 2.3301113814287433 0.20935020565472698 0.09938512537390078
25000 1.04 0.52 0.2 0.1 0.5 0.011919974782547488 0.0054392829322042115 4.3979400086720375 -6.020599913279624 0.2070711708994515 0.09449002251867314
50000 1.04 0.263 0.2 0.05 0.2528846153846154 0.006021633386049804 0.0027353767056455774 4.698970004336019 -11.94155181618045 0.2068265123703465 0.09395265167727092
100000 1.04 0.132 0.2 0.05 0.12692307692307692 0.003449740299423815 0.002156721534746461 5.0 -17.929188161858608 0.23608050046675694 0.1475936896975746
5000 1.04 2.6 0.2 0.52 2.5 0.059852506089612484 0.0277456750721099 3.6989700043360187 7.958800173440752 0.20794890498239577 0.09639834864398349
8000 1.04 1.66 0.2 0.5 1.596153846153846 0.040829432765061395 0.02281609924264876 3.9030899869919438 4.061494974825494 0.22218406316952088 0.12415978601957703
10000 1.04 1.36 0.2 0.28800000000000003 1.3076923076923077 0.03151843564172618 0.014962792456045768 4.0 2.3301113814287433 0.20935020565472698 0.09938512537390078
25000 1.04 0.52 0.2 0.1 0.5 0.011919974782547488 0.0054392829322042115 4.3979400086720375 -6.020599913279624 0.2070711708994515 0.09449002251867314
50000 1.04 0.263 0.2 0.05 0.2528846153846154 0.006021633386049804 0.0027353767056455774 4.698970004336019 -11.94155181618045 0.2068265123703465 0.09395265167727092
100000 1.04 0.132 0.2 0.05 0.12692307692307692 0.003449740299423815 0.002156721534746461 5.0 -17.929188161858608 0.23608050046675694 0.1475936896975746
5000 1.04 2.6 0.2 0.52 2.5 0.059852506089612484 0.0277456750721099 3.6989700043360187 7.958800173440752 0.20794890498239577 0.09639834864398349
8000 1.04 1.66 0.2 0.5 1.596153846153846 0.040829432765061395 0.02281609924264876 3.9030899869919438 4.061494974825494 0.22218406316952088 0.12415978601957703
10000 1.04 1.36 0.2 0.28800000000000003 1.3076923076923077 0.03151843564172618 0.014962792456045768 4.0 2.3301113814287433 0.20935020565472698 0.09938512537390078
25000 1.04 0.52 0.2 0.1 0.5 0.011919974782547488 0.0054392829322042115 4.3979400086720375 -6.020599913279624 0.2070711708994515 0.09449002251867314
50000 1.04 0.263 0.2 0.05 0.2528846153846154 0.006021633386049804 0.0027353767056455774 4.698970004336019 -11.94155181618045 0.2068265123703465 0.09395265167727092
100000 1.04 0.132 0.2 0.05 0.12692307692307692 0.003449740299423815 0.002156721534746461 5.0 -17.929188161858608 0.23608050046675694 0.1475936896975746
5000 1.04 2.6 0.2 0.52 2.5 0.059852506089612484 0.0277456750721099 3.6989700043360187 7.958800173440752 0.20794890498239577 0.09639834864398349
8000 1.04 1.66 0.2 0.5 1.596153846153846 0.040829432765061395 0.02281609924264876 3.9030899869919438 4.061494974825494 0.22218406316952088 0.12415978601957703
10000 1.04 1.36 0.2 0.28800000000000003 1.3076923076923077 0.03151843564172618 0.014962792456045768 4.0 2.3301113814287433 0.20935020565472698 0.09938512537390078
25000 1.04 0.52 0.2 0.1 0.5 0.011919974782547488 0.0054392829322042115 4.3979400086720375 -6.020599913279624 0.2070711708994515 0.09449002251867314
50000 1.04 0.263 0.2 0.05 0.2528846153846154 0.006021633386049804 0.0027353767056455774 4.698970004336019 -11.94155181618045 0.2068265123703465 0.09395265167727092
100000 1.04 0.132 0.2 0.05 0.12692307692307692 0.003449740299423815 0.002156721534746461 5.0 -17.929188161858608 0.23608050046675694 0.1475936896975746
5000 1.04 2.6 0.2 0.52 2.5 0.059852506089612484 0.0277456750721099 3.6989700043360187 7.958800173440752 0.20794890498239577 0.09639834864398349
8000 1.04 1.66 0.2 0.5 1.596153846153846 0.040829432765061395 0.02281609924264876 3.9030899869919438 4.061494974825494 0.22218406316952088 0.12415978601957703
10000 1.04 1.36 0.2 0.28800000000000003 1.3076923076923077 0.03151843564172618 0.014962792456045768 4.0 2.3301113814287433 0.20935020565472698 0.09938512537390078
25000 1.04 0.52 0.2 0.1 0.5 0.011919974782547488 0.0054392829322042115 4.3979400086720375 -6.020599913279624 0.2070711708994515 0.09449002251867314
50000 1.04 0.263 0.2 0.05 0.2528846153846154 0.006021633386049804 0.0027353767056455774 4.698970004336019 -11.94155181618045 0.2068265123703465 0.09395265167727092
100000 1.04 0.132 0.2 0.05 0.12692307692307692 0.003449740299423815 0.002156721534746461 5.0 -17.929188161858608 0.23608050046675694 0.1475936896975746
5000 1.04 2.6 0.2 0.52 2.5 0.059852506089612484 0.0277456750721099 3.6989700043360187 7.958800173440752 0.20794890498239577 0.09639834864398349
8000 1.04 1.66 0.2 0.5 1.596153846153846 0.040829432765061395 0.02281609924264876 3.9030899869919438 4.061494974825494 0.22218406316952088 0.12415978601957703
10000 1.04 1.36 0.2 0.28800000000000003 1.3076923076923077 0.03151843564172618 0.014962792456045768 4.0 2.3301113814287433 0.20935020565472698 0.09938512537390078
25000 1.04 0.52 0.2 0.1 0.5 0.011919974782547488 0.0054392829322042115 4.3979400086720375 -6.020599913279624 0.2070711708994515 0.09449002251867314
50000 1.04 0.263 0.2 0.05 0.2528846153846154 0.006021633386049804 0.0027353767056455774 4.698970004336019 -11.94155181618045 0.2068265123703465 0.09395265167727092
100000 1.04 0.132 0.2 0.05 0.12692307692307692 0.003449740299423815 0.002156721534746461 5.0 -17.929188161858608 0.23608050046675694 0.1475936896975746
5000 1.04 2.6 0.2 0.52 2.5 0.059852506089612484 0.0277456750721099 3.6989700043360187 7.958800173440752 0.20794890498239577 0.09639834864398349
8000 1.04 1.66 0.2 0.5 1.596153846153846 0.040829432765061395 0.02281609924264876 3.9030899869919438 4.061494974825494 0.22218406316952088 0.12415978601957703
10000 1.04 1.36 0.2 0.28800000000000003 1.3076923076923077 0.03151843564172618 0.014962792456045768 4.0 2.3301113814287433 0.20935020565472698 0.09938512537390078
25000 1.04 0.52 0.2 0.1 0.5 0.011919974782547488 0.0054392829322042115 4.3979400086720375 -6.020599913279624 0.2070711708994515 0.09449002251867314
50000 1.04 0.263 0.2 0.05 0.2528846153846154 0.006021633386049804 0.0027353767056455774 4.698970004336019 -11.94155181618045 0.2068265123703465 0.09395265167727092
100000 1.04 0.132 0.2 0.05 0.12692307692307692 0.003449740299423815 0.002156721534746461 5.0 -17.929188161858608 0.23608050046675694 0.1475936896975746
5000 1.04 2.6 0.2 0.52 2.5 0.059852506089612484 0.0277456750721099 3.6989700043360187 7.958800173440752 0.20794890498239577 0.09639834864398349
8000 1.04 1.66 0.2 0.5 1.596153846153846 0.040829432765061395 0.02281609924264876 3.9030899869919438 4.061494974825494 0.22218406316952088 0.12415978601957703
10000 1.04 1.36 0.2 0.28800000000000003 1.3076923076923077 0.03151843564172618 0.014962792456045768 4.0 2.3301113814287433 0.20935020565472698 0.09938512537390078
25000 1.04 0.52 0.2 0.1 0.5 0.011919974782547488 0.0054392829322042115 4.3979400086720375 -6.020599913279624 0.2070711708994515 0.09449002251867314
50000 1.04 0.263 0.2 0.05 0.2528846153846154 0.006021633386049804 0.0027353767056455774 4.698970004336019 -11.94155181618045 0.2068265123703465 0.09395265167727092
100000 1.04 0.132 0.2 0.05 0.12692307692307692 0.003449740299423815 0.002156721534746461 5.0 -17.929188161858608 0.23608050046675694 0.1475936896975746
5000 1.04 2.6 0.2 0.52 2.5 0.059852506089612484 0.0277456750721099 3.6989700043360187 7.958800173440752 0.20794890498239577 0.09639834864398349
8000 1.04 1.66 0.2 0.5 1.596153846153846 0.040829432765061395 0.02281609924264876 3.9030899869919438 4.061494974825494 0.22218406316952088 0.12415978601957703
10000 1.04 1.36 0.2 0.28800000000000003 1.3076923076923077 0.03151843564172618 0.014962792456045768 4.0 2.3301113814287433 0.20935020565472698 0.09938512537390078
25000 1.04 0.52 0.2 0.1 0.5 0.011919974782547488 0.0054392829322042115 4.3979400086720375 -6.020599913279624 0.2070711708994515 0.09449002251867314
50000 1.04 0.263 0.2 0.05 0.2528846153846154 0.006021633386049804 0.0027353767056455774 4.698970004336019 -11.94155181618045 0.2068265123703465 0.09395265167727092
100000 1.04 0.132 0.2 0.05 0.12692307692307692 0.003449740299423815 0.002156721534746461 5.0 -17.929188161858608 0.23608050046675694 0.1475936896975746
