1 771
2 768
3 768
4 766
5 766
6 767
7 766
8 766
9 767
10 768
11 766
12 767
13 767
14 767
15 767
16 767
17 767
18 767
19 767
20 767
21 768
22 768
23 768
24 768
25 767
26 766
27 767
28 767
29 767
30 767
31 766
32 766
33 767
34 767
35 767
36 767
37 767
38 767
39 767
40 767
41 767
42 767
43 766
44 767
45 767
46 768
47 767
48 767
49 767
50 768
51 767
52 767
53 767
54 768
55 766
56 768
57 767
58 767
59 767
60 767
61 767
62 780
63 912
64 964
65 986
66 997
67 1000
68 1003
69 1003
70 1003
71 1003
72 1004
73 1004
74 1004
75 1004
76 1004
77 1004
78 1003
79 1004
80 1004
81 1004
82 1003
83 1004
84 1003
85 1003
86 1002
87 1003
88 1004
89 1003
90 1004
91 1004
92 1004
93 1004
94 1004
95 1004
96 1004
97 1004
98 1004
99 1004
100 1003
101 1004
102 1003
103 1004
104 1004
105 1004
106 1004
107 1003
108 1004
109 1004
110 1003
111 1004
112 1004
113 1003
114 1004
115 1004
116 1004
117 1004
118 1004
119 1004
120 1004
121 1004
122 1005
123 1004
124 1004
125 1004
126 1004
127 1004
128 1004
129 1004
130 1004
131 1005
132 1004
133 1004
134 1005
135 1004
136 1004
137 1004
138 1004
139 1004
140 1004
141 1003
142 1004
143 1004
144 1003
145 1004
146 1004
147 1003
148 1004
149 1004
150 1004
151 1003
152 1004
153 1004
154 1004
155 1004
156 1004
157 1003
158 853
159 805
160 783
161 774
162 770
163 768
164 769
165 768
166 767
167 767
168 767
169 768
170 767
171 768
172 767
173 767
174 767
175 768
176 767
177 768
178 768
179 767
180 767
181 767
182 767
183 767
184 767
185 767
186 767
187 767
188 767
189 767
190 767
191 767
192 768
193 767
194 767
195 767
196 767
197 765
198 768
199 767
200 767
201 767
202 766
203 766
204 766
205 766
206 767
207 766
208 766
209 767
210 767
211 767
212 766
213 766
214 767
215 767
216 767
217 765
218 767
219 767
220 766
221 767
222 768
223 767
224 767
225 767
226 767
227 768
228 768
229 767
230 768
231 767
232 768
233 768
234 767
235 767
236 766
237 767
238 767
239 767
240 767
241 767
242 767
243 768
244 766
245 767
246 767
247 767
248 767
249 767
250 767
251 767
252 767
253 880
254 953
255 982
256 994
257 1000
258 1002
259 1003
260 1002
261 1003
262 1003
263 1003
264 1004
265 1004
266 1004
267 1004
268 1004
269 1003
270 1004
271 1004
272 1004
273 1004
274 1004
275 1004
276 1004
277 1003
278 1003
279 1004
280 1004
281 1004
282 1003
283 1003
284 1003
285 1004
286 1004
287 1004
288 1004
289 1004
290 1003
291 1004
292 1002
293 1003
294 1004
295 1004
296 1004
297 1005
298 1004
299 1004
300 1003
301 1004
302 1002
303 1004
304 1004
305 1003
306 1004
307 1005
308 1004
309 1004
310 1004
311 1004
312 1003
313 1002
314 1004
315 1004
316 1003
317 1004
318 1005
319 1004
320 1004
321 1004
322 1004
323 1003
324 1004
325 1004
326 1003
327 1004
328 1004
329 1004
330 1004
331 1004
332 1003
333 1003
334 1003
335 1003
336 1004
337 1004
338 1004
339 1003
340 1003
341 1004
342 1004
343 1003
344 1004
345 1004
346 1004
347 1004
348 993
349 857
350 806
351 783
352 774
353 771
354 769
355 768
356 768
357 768
358 768
359 767
360 768
361 767
362 769
363 769
364 767
365 768
366 767
367 767
368 766
369 767
370 767
371 767
372 768
373 768
374 768
375 767
376 767
377 767
378 767
379 766
380 767
381 767
382 768
383 766
384 767
385 767
386 766
387 766
388 766
389 766
390 767
391 767
392 767
393 766
394 766
395 767
396 767
397 767
398 767
399 767
400 766
401 767
402 766
403 767
404 767
405 767
406 767
407 767
408 767
409 767
410 767
411 768
412 767
413 767
414 767
415 767
416 767
417 767
418 767
419 767
420 768
421 767
422 767
423 767
424 767
425 767
426 767
427 766
428 766
429 766
430 767
431 767
432 767
433 767
434 767
435 767
436 766
437 767
438 767
439 768
440 767
441 766
442 767
443 767
444 910
445 964
446 986
447 996
448 1000
449 1001
450 1003
451 1003
452 1004
453 1003
454 1003
455 1004
456 1003
457 1004
458 1004
459 1004
460 1003
461 1004
462 1004
463 1003
464 1004
465 1003
466 1004
467 1004
468 1004
469 1004
470 1004
471 1004
472 1004
473 1004
474 1004
475 1004
476 1004
477 1003
478 1004
479 1003
480 1004
481 1003
482 1004
483 1005
484 1004
485 1003
486 1003
487 1004
488 1004
489 1003
490 1004
491 1004
492 1004
493 1005
494 1005
495 1004
496 1004
497 1004
498 1004
499 1004
500 1004
501 1004
502 1004
503 1003
504 1004
505 1004
506 1004
507 1004
508 1004
509 1004
510 1004
511 1004
512 1004
513 1002
514 1003
515 1004
516 1004
517 1004
518 1003
519 1003
520 1004
521 1004
522 1004
523 1002
524 1003
525 1004
526 1004
527 1004
528 1003
529 1003
530 1004
531 1004
532 1004
533 1004
534 1004
535 1004
536 1003
537 1004
538 1004
539 992
540 858
541 805
542 783
543 775
544 770
545 769
546 768
547 767
548 768
549 768
550 768
551 767
552 767
553 768
554 768
555 767
556 768
557 767
558 767
559 767
560 768
561 767
562 768
563 766
564 768
565 767
566 767
567 767
568 768
569 766
570 767
571 767
572 768
573 767
574 768
575 767
576 767
577 767
578 768
579 767
580 767
581 767
582 768
583 766
584 766
585 768
586 767
587 766
588 768
589 767
590 767
591 768
592 767
593 767
594 767
595 767
596 766
597 767
598 767
599 767
600 767
601 767
602 767
603 768
604 766
605 767
606 767
607 767
608 767
609 766
610 767
611 767
612 767
613 767
614 767
615 766
616 767
617 767
618 767
619 767
620 768
621 767
622 767
623 767
624 767
625 767
626 767
627 767
628 767
629 768
630 767
631 767
632 767
633 767
634 767
635 917
636 967
637 988
638 997
639 1000
640 1001
641 1003
642 1003
643 1003
644 1003
645 1003
646 1003
647 1004
648 1002
649 1003
650 1004
651 1004
652 1004
653 1003
654 1004
655 1004
656 1003
657 1004
658 1003
659 1003
660 1004
661 1004
662 1003
663 1004
664 1003
665 1004
666 1002
667 1003
668 1004
669 1003
670 1004
671 1004
672 1004
673 1004
674 1004
675 1004
676 1004
677 1004
678 1003
679 1004
680 1003
681 1004
682 1005
683 1004
684 1004
685 1005
686 1004
687 1003
688 1003
689 1004
690 1004
691 1004
692 1004
693 1004
694 1003
695 1004
696 1004
697 1004
698 1004
699 1003
700 1004
701 1004
702 1004
703 1004
704 1004
705 1005
706 1005
707 1005
708 1005
709 1004
710 1004
711 1004
712 1004
713 1004
714 1004
715 1005
716 1005
717 1004
718 1004
719 1004
720 1005
721 1005
722 1004
723 1004
724 1004
725 1004
726 1003
727 1003
728 1005
729 1005
730 990
731 858
732 807
733 785
734 774
735 769
736 769
737 767
738 768
739 768
740 769
741 768
742 767
743 768
744 768
745 768
746 768
747 768
748 767
749 767
750 767
751 767
752 768
753 767
754 767
755 766
756 766
757 767
758 767
759 767
760 767
761 767
762 767
763 767
764 767
765 767
766 767
767 767
768 766
769 767
770 767
771 767
772 767
773 767
774 767
775 768
776 768
777 766
778 766
779 768
780 767
781 766
782 766
783 767
784 766
785 766
786 767
787 767
788 767
789 767
790 767
791 768
792 767
793 767
794 767
795 767
796 767
797 767
798 767
799 766
800 767
801 765
802 766
803 767
804 767
805 768
806 767
807 767
808 767
809 767
810 766
811 766
812 767
813 767
814 767
815 767
816 765
817 766
818 767
819 767
820 767
821 768
822 767
823 767
824 766
825 766
826 918
827 966
828 988
829 997
830 1000
831 1002
832 1002
833 1003
834 1003
835 1003
836 1003
837 1004
838 1004
839 1003
840 1004
841 1003
842 1002
843 1003
844 1004
845 1004
846 1004
847 1004
848 1004
849 1004
850 1002
851 1004
852 1004
853 1003
854 1004
855 1004
856 1003
857 1003
858 1004
859 1004
860 1004
861 1003
862 1004
863 1004
864 1004
865 1004
866 1004
867 1004
868 1003
869 1004
870 1004
871 1003
872 1003
873 1004
874 1004
875 1004
876 1004
877 1004
878 1004
879 1004
880 1004
881 1004
882 1004
883 1004
884 1004
885 1004
886 1004
887 1004
888 1004
889 1003
890 1003
891 1004
892 1011
893 1006
894 1005
895 1004
896 1004
897 1004
898 1004
899 1004
900 1005
901 999
902 1002
903 1002
904 1004
905 1004
906 1004
907 1004
908 1005
909 1005
910 1004
911 1004
912 1004
913 1004
914 1004
915 1004
916 1004
917 1003
918 1004
919 1005
920 1003
921 990
922 859
923 807
924 785
925 774
926 771
927 769
928 768
929 768
930 768
931 768
932 768
933 767
934 767
935 767
936 768
937 767
938 767
939 767
940 767
941 767
942 767
943 767
944 768
945 767
946 768
947 767
948 767
949 768
950 767
951 767
952 766
953 768
954 767
955 766
956 767
957 767
958 766
959 766
960 765
961 767
962 767
963 766
964 767
965 767
966 766
967 767
968 767
969 767
970 767
971 766
972 767
973 768
974 766
975 767
976 767
977 767
978 767
979 767
980 767
981 768
982 767
983 767
984 768
985 767
986 767
987 767
988 767
989 767
990 767
991 768
992 767
993 767
994 767
995 767
996 768
997 766
998 767
999 768
1000 767
1001 767
1002 767
1003 767
1004 766
1005 767
1006 768
1007 768
1008 767
1009 767
1010 767
1011 766
1012 766
1013 766
1014 768
1015 767
1016 767
1017 918
1018 966
1019 987
1020 996
1021 1000
1022 1002
1023 1002
1024 1003
1025 1003
1026 1003
1027 1003
1028 1004
1029 1004
1030 1004
1031 1004
1032 1003
1033 1004
1034 1004
1035 1004
1036 1003
1037 1004
1038 1004
1039 1003
1040 1003
1041 1004
1042 1004
1043 1004
1044 1004
1045 1004
1046 1005
1047 1003
1048 1004
1049 1004
1050 1004
1051 1003
1052 1004
1053 1004
1054 1004
1055 1004
1056 1004
1057 1004
1058 1004
1059 1004
1060 1003
1061 1003
1062 1004
1063 1003
1064 1003
1065 1004
1066 1004
1067 1004
1068 1004
1069 1004
1070 1004
1071 1004
1072 1003
1073 1004
1074 1004
1075 1003
1076 1004
1077 1004
1078 1004
1079 1004
1080 1003
1081 1004
1082 1004
1083 1003
1084 1004
1085 1004
1086 1004
1087 1004
1088 1004
1089 1004
1090 1004
1091 1005
1092 1004
1093 1004
1094 1004
1095 1005
1096 1004
1097 1005
1098 1004
1099 1004
1100 1004
1101 1004
1102 1003
1103 1004
1104 1004
1105 1004
1106 1004
1107 1004
1108 1004
1109 1004
1110 1005
1111 1005
1112 959
1113 845
1114 802
1115 782
1116 773
1117 770
1118 768
1119 768
1120 768
1121 768
1122 767
1123 768
1124 768
1125 768
1126 768
1127 767
1128 767
1129 767
1130 768
1131 767
1132 767
1133 767
1134 767
1135 768
1136 768
1137 768
1138 767
1139 767
1140 767
1141 767
1142 766
1143 766
1144 767
1145 767
1146 766
1147 767
1148 767
1149 767
1150 767
1151 766
1152 766
1153 766
1154 767
1155 767
1156 767
1157 766
1158 768
1159 767
1160 766
1161 768
1162 768
1163 766
1164 767
1165 766
1166 766
1167 766
1168 767
1169 766
1170 767
1171 765
1172 767
1173 766
1174 766
1175 767
1176 767
1177 767
1178 768
1179 767
1180 767
1181 766
1182 767
1183 767
1184 767
1185 767
1186 767
1187 767
1188 767
1189 767
1190 767
1191 768
1192 767
1193 767
1194 766
1195 767
1196 767
1197 767
1198 767
1199 767
1200 767
1201 768
1202 767
1203 767
1204 767
1205 767
1206 767
1207 773
1208 914
1209 965
1210 987
1211 996
1212 1000
1213 1002
1214 1002
1215 1003
1216 1003
1217 1002
1218 1003
1219 1003
1220 1004
1221 1004
1222 1004
1223 1003
1224 1004
1225 1004
1226 1004
1227 1004
1228 1004
1229 1004
1230 1003
1231 1004
1232 1004
1233 1003
1234 1003
1235 1003
1236 1004
1237 1003
1238 1004
1239 1004
1240 1004
1241 1004
1242 1004
1243 1004
1244 1003
1245 1003
1246 1004
1247 1004
1248 1003
1249 1004
1250 1004
1251 1003
1252 1004
1253 1003
1254 1003
1255 1003
1256 1003
1257 1004
1258 1003
1259 1004
1260 1004
1261 1003
1262 1004
1263 1004
1264 1004
1265 1003
1266 1004
1267 1004
1268 1004
1269 1003
1270 1004
1271 1003
1272 1004
1273 1004
1274 1004
1275 1004
1276 1004
1277 1003
1278 1003
1279 1003
1280 1004
1281 1004
1282 1003
1283 1004
1284 1004
1285 1004
1286 1004
1287 1004
1288 1004
1289 1003
1290 1003
1291 1005
1292 1004
1293 1004
1294 1004
1295 1004
1296 1004
1297 1004
1298 1004
1299 1004
1300 1004
1301 1004
1302 1004
1303 873
1304 814
1305 787
1306 776
1307 771
1308 770
1309 768
1310 768
1311 768
1312 768
1313 768
1314 768
1315 767
1316 767
1317 767
1318 767
1319 768
1320 767
1321 768
1322 767
1323 768
1324 768
1325 767
1326 767
1327 767
1328 767
1329 766
1330 767
1331 768
1332 767
1333 767
1334 767
1335 767
1336 766
1337 766
1338 766
1339 767
1340 768
1341 767
1342 767
1343 768
1344 767
1345 766
1346 766
1347 767
1348 767
1349 767
1350 767
1351 766
1352 766
1353 767
1354 767
1355 767
1356 765
1357 767
1358 767
1359 767
1360 768
1361 766
1362 767
1363 768
1364 767
1365 766
1366 767
1367 767
1368 767
1369 767
1370 766
1371 766
1372 767
1373 766
1374 767
1375 767
1376 768
1377 767
1378 767
1379 767
1380 768
1381 768
1382 767
1383 767
1384 767
1385 768
1386 767
1387 768
1388 767
1389 768
1390 766
1391 767
1392 767
1393 767
1394 767
1395 767
1396 766
1397 767
1398 779
1399 911
1400 964
1401 987
1402 997
1403 1000
1404 1002
1405 1002
1406 1004
1407 1003
1408 1003
1409 1003
1410 1003
1411 1002
1412 1003
1413 1003
1414 1004
1415 1004
1416 1002
1417 1003
1418 1003
1419 1003
1420 1003
1421 1004
1422 1004
1423 1003
1424 1003
1425 1003
1426 1003
1427 1003
1428 1003
1429 1004
1430 1003
1431 1003
1432 1004
1433 1004
1434 1004
1435 1003
1436 1004
1437 1004
1438 1004
1439 1003
1440 1003
1441 1005
1442 1004
1443 1004
1444 1003
1445 1004
1446 1005
1447 1004
1448 1004
1449 1004
1450 1004
1451 1004
1452 1003
1453 1003
1454 1004
1455 1004
1456 1004
1457 1003
1458 1003
1459 1004
1460 1004
1461 1004
1462 1004
1463 1003
1464 1004
1465 1004
1466 1004
1467 1005
1468 1005
1469 1004
1470 1004
1471 1004
1472 1003
1473 1003
1474 1004
1475 1004
1476 1004
1477 1003
1478 1003
1479 1005
1480 1003
1481 1004
1482 1004
1483 1004
1484 1004
1485 1004
1486 1003
1487 1002
1488 1003
1489 1003
1490 1004
1491 1004
1492 1005
1493 1004
1494 857
1495 805
1496 783
1497 774
1498 770
1499 769
1500 769
1501 768
1502 768
1503 768
1504 768
1505 768
1506 767
1507 767
1508 768
1509 767
1510 768
1511 767
1512 768
1513 768
1514 768
1515 768
1516 768
1517 768
1518 768
1519 767
1520 768
1521 768
1522 767
1523 767
1524 767
1525 767
1526 767
1527 767
1528 768
1529 767
1530 767
1531 767
1532 767
1533 766
1534 767
1535 767
1536 766
1537 766
1538 767
1539 767
1540 767
1541 767
1542 767
1543 767
1544 767
1545 767
1546 766
1547 766
1548 767
1549 767
1550 768
1551 767
1552 767
1553 768
1554 767
1555 767
1556 767
1557 768
1558 767
1559 767
1560 768
1561 767
1562 767
1563 767
1564 767
1565 767
1566 767
1567 767
1568 768
1569 767
1570 766
1571 767
1572 767
1573 766
1574 767
1575 767
1576 767
1577 768
1578 767
1579 768
1580 767
1581 767
1582 767
1583 766
1584 767
1585 768
1586 767
1587 767
1588 768
1589 780
1590 912
1591 965
1592 986
1593 995
1594 1000
1595 1002
1596 1003
1597 1003
1598 1004
1599 1003
1600 1003
1601 1004
1602 1004
1603 1003
1604 1003
1605 1003
1606 1003
1607 1003
1608 1003
1609 1003
1610 1004
1611 1003
1612 1003
1613 1004
1614 1004
1615 1003
1616 1004
1617 1004
1618 1003
1619 1003
1620 1004
1621 1004
1622 1003
1623 1005
1624 1004
1625 1003
1626 1004
1627 1004
1628 1003
1629 1004
1630 1004
1631 1004
1632 1004
1633 1004
1634 1005
1635 1004
1636 1004
1637 1004
1638 1005
1639 1004
1640 1003
1641 1004
1642 1004
1643 1005
1644 1004
1645 1004
1646 1005
1647 1004
1648 1005
1649 1004
1650 1004
1651 1005
1652 1005
1653 1004
1654 1003
1655 1004
1656 1004
1657 1004
1658 1005
1659 1004
1660 1004
1661 1004
1662 1004
1663 1003
1664 1004
1665 1004
1666 1004
1667 1004
1668 1003
1669 1004
1670 1004
1671 1004
1672 1004
1673 1003
1674 1003
1675 1003
1676 1004
1677 1004
1678 1003
1679 1003
1680 1004
1681 1003
1682 1003
1683 1004
1684 1004
1685 853
1686 804
1687 781
1688 773
1689 770
1690 769
1691 769
1692 768
1693 769
1694 768
1695 768
1696 768
1697 768
1698 768
1699 768
1700 767
1701 768
1702 768
1703 769
1704 768
1705 768
1706 768
1707 767
1708 768
1709 768
1710 768
1711 768
1712 767
1713 768
1714 767
1715 767
1716 767
1717 766
1718 768
1719 768
1720 767
1721 767
1722 767
1723 768
1724 767
1725 767
1726 767
1727 766
1728 768
1729 767
1730 768
1731 767
1732 766
1733 768
1734 767
1735 767
1736 767
1737 767
1738 767
1739 767
1740 768
1741 767
1742 767
1743 768
1744 767
1745 768
1746 768
1747 767
1748 768
1749 767
1750 767
1751 767
1752 766
1753 767
1754 767
1755 767
1756 767
1757 768
1758 768
1759 767
1760 768
1761 767
1762 767
1763 767
1764 767
1765 768
1766 767
1767 766
1768 766
1769 765
1770 767
1771 767
1772 767
1773 766
1774 768
1775 767
1776 766
1777 767
1778 767
1779 767
1780 780
1781 912
1782 964
1783 985
1784 995
1785 999
1786 1003
1787 1003
1788 1001
1789 1002
1790 1004
1791 1003
1792 1003
1793 1002
1794 1003
1795 1004
1796 1004
1797 1004
1798 1002
1799 1003
1800 1004
1801 1004
1802 1003
1803 1003
1804 1004
1805 1004
1806 1004
1807 1004
1808 1003
1809 1004
1810 1004
1811 1003
1812 1004
1813 1003
1814 1003
1815 1003
1816 1004
1817 1004
1818 1003
1819 1004
1820 1004
1821 1004
1822 1003
1823 1004
1824 1004
1825 1004
1826 1004
1827 1004
1828 1005
1829 1004
1830 1004
1831 1004
1832 1004
1833 1004
1834 1003
1835 1004
1836 1004
1837 1004
1838 1005
1839 1004
1840 1004
1841 1004
1842 1004
1843 1004
1844 1003
1845 1004
1846 1010
1847 1007
1848 1006
1849 1005
1850 1004
1851 1004
1852 1004
1853 1004
1854 1004
1855 1004
1856 997
1857 1001
1858 1004
1859 1003
1860 1004
1861 1005
1862 1004
1863 1004
1864 1004
1865 1004
1866 1004
1867 1004
1868 1006
1869 1005
1870 1004
1871 1004
1872 1005
1873 1004
1874 1004
1875 1004
1876 852
1877 804
1878 783
1879 774
1880 770
1881 769
1882 768
1883 768
1884 768
1885 768
1886 767
1887 768
1888 769
1889 768
1890 768
1891 767
1892 767
1893 767
1894 768
1895 768
1896 767
1897 768
1898 768
1899 768
1900 768
1901 767
1902 767
1903 767
1904 767
1905 768
1906 767
1907 768
1908 767
1909 768
1910 768
1911 768
1912 767
1913 767
1914 767
1915 767
1916 767
1917 767
1918 767
1919 767
1920 767
1921 767
1922 766
1923 767
1924 767
1925 767
1926 767
1927 767
1928 766
1929 767
1930 767
1931 767
1932 767
1933 767
1934 767
1935 767
1936 767
1937 767
1938 767
1939 766
1940 767
1941 767
1942 767
1943 765
1944 766
1945 767
1946 767
1947 767
1948 768
1949 767
1950 767
1951 768
1952 767
1953 766
1954 767
1955 767
1956 767
1957 768
1958 768
1959 768
1960 767
1961 767
1962 767
1963 767
1964 767
1965 767
1966 767
1967 767
1968 767
1969 768
1970 767
1971 780
1972 911
1973 964
1974 986
1975 996
1976 1000
1977 1002
1978 1004
1979 1004
1980 1004
1981 1004
1982 1004
1983 1004
1984 1003
1985 1003
1986 1003
1987 1004
1988 1004
1989 1004
1990 1003
1991 1004
1992 1004
1993 1005
1994 1004
1995 1003
1996 1004
1997 1004
1998 1003
1999 1003
2000 1004
2001 1004
2002 1003
2003 1005
2004 1004
2005 1004
2006 1004
2007 1004
2008 1003
2009 1004
2010 1004
2011 1004
2012 1004
2013 1005
2014 1004
2015 1004
2016 1004
2017 1004
2018 1004
2019 1004
2020 1004
2021 1004
2022 1004
2023 1005
2024 1004
2025 1004
2026 1004
2027 1004
2028 1004
2029 1004
2030 1004
2031 1003
2032 1004
2033 1005
2034 1004
2035 1004
2036 1003
2037 1004
2038 1004
2039 1003
2040 1004
2041 1003
2042 1004
2043 1005
2044 1004
2045 1004
2046 1004
2047 1005
