1 773
2 773
3 770
4 770
5 771
6 770
7 772
8 770
9 771
10 771
11 771
12 770
13 772
14 770
15 772
16 771
17 771
18 772
19 771
20 770
21 903
22 2293
23 2886
24 3139
25 3254
26 3301
27 3324
28 3335
29 3341
30 3342
31 3345
32 3346
33 3348
34 3349
35 3349
36 3349
37 3349
38 3349
39 3348
40 3349
41 3348
42 3349
43 3348
44 3349
45 3350
46 3351
47 3351
48 3350
49 3350
50 3351
51 3350
52 3351
53 3351
54 3351
55 3352
56 3352
57 3352
58 3352
59 3353
60 3352
61 3352
62 3353
63 3352
64 3353
65 3353
66 3353
67 3353
68 3353
69 3353
70 3353
71 3353
72 3353
73 3353
74 3353
75 3353
76 3352
77 3353
78 3353
79 3353
80 3353
81 3352
82 3353
83 3354
84 3353
85 3353
86 3353
87 3353
88 3353
89 3352
90 3353
91 3353
92 3354
93 3352
94 3354
95 3353
96 3354
97 3354
98 3354
99 3354
100 3352
101 3352
102 3353
103 3353
104 3353
105 3353
106 3352
107 3354
108 3354
109 3354
110 3354
111 3354
112 3353
113 3353
114 3354
115 3353
116 3353
117 1731
118 1174
119 943
120 848
121 809
122 791
123 784
124 781
125 779
126 779
127 777
128 777
129 777
130 778
131 776
132 777
133 776
134 776
135 775
136 775
137 774
138 775
139 775
140 774
141 774
142 773
143 773
144 772
145 772
146 772
147 772
148 772
149 770
150 771
151 771
152 771
153 771
154 770
155 771
156 771
157 771
158 770
159 770
160 770
161 770
162 769
163 770
164 769
165 771
166 769
167 771
168 771
169 771
170 770
171 772
172 771
173 770
174 771
175 771
176 771
177 771
178 771
179 771
180 771
181 772
182 771
183 771
184 771
185 771
186 770
187 770
188 770
189 770
190 771
191 770
192 771
193 770
194 771
195 770
196 770
197 770
198 770
199 769
200 770
201 770
202 771
203 770
204 771
205 770
206 770
207 769
208 770
209 769
210 770
211 771
212 904
213 2293
214 2886
215 3140
216 3252
217 3301
218 3324
219 3335
220 3340
221 3344
222 3345
223 3346
224 3347
225 3348
226 3348
227 3348
228 3348
229 3349
230 3348
231 3348
232 3351
233 3349
234 3348
235 3349
236 3350
237 3350
238 3351
239 3350
240 3350
241 3351
242 3351
243 3351
244 3351
245 3351
246 3352
247 3352
248 3352
249 3352
250 3351
251 3353
252 3352
253 3353
254 3352
255 3353
256 3353
257 3354
258 3353
259 3354
260 3351
261 3353
262 3353
263 3352
264 3352
265 3353
266 3354
267 3354
268 3353
269 3353
270 3353
271 3351
272 3353
273 3354
274 3353
275 3353
276 3354
277 3354
278 3353
279 3353
280 3353
281 3353
282 3353
283 3353
284 3353
285 3354
286 3353
287 3354
288 3354
289 3353
290 3353
291 3353
292 3352
293 3352
294 3354
295 3354
296 3354
297 3354
298 3354
299 3353
300 3353
301 3353
302 3354
303 3353
304 3353
305 3353
306 3352
307 3353
308 1732
309 1176
310 946
311 847
312 810
313 794
314 784
315 781
316 779
317 779
318 777
319 778
320 777
321 777
322 776
323 775
324 776
325 775
326 776
327 776
328 775
329 775
330 774
331 775
332 774
333 773
334 773
335 773
336 773
337 772
338 772
339 771
340 772
341 770
342 770
343 770
344 771
345 769
346 769
347 769
348 770
349 769
350 771
351 769
352 770
353 769
354 770
355 770
356 771
357 771
358 771
359 770
360 770
361 770
362 771
363 771
364 771
365 771
366 771
367 771
368 771
369 771
370 772
371 771
372 773
373 772
374 771
375 772
376 771
377 771
378 771
379 771
380 769
381 770
382 770
383 770
384 771
385 771
386 770
387 770
388 770
389 769
390 770
391 770
392 770
393 770
394 769
395 770
396 770
397 771
398 770
399 769
400 769
401 769
402 770
403 1726
404 2644
405 3036
406 3206
407 3279
408 3315
409 3330
410 3338
411 3342
412 3345
413 3346
414 3347
415 3346
416 3348
417 3349
418 3349
419 3349
420 3349
421 3350
422 3349
423 3350
424 3349
425 3350
426 3350
427 3349
428 3351
429 3351
430 3349
431 3351
432 3351
433 3350
434 3351
435 3351
436 3351
437 3352
438 3352
439 3352
440 3353
441 3352
442 3354
443 3353
444 3352
445 3353
446 3353
447 3352
448 3353
449 3354
450 3354
451 3352
452 3353
453 3354
454 3353
455 3353
456 3353
457 3352
458 3352
459 3353
460 3354
461 3352
462 3352
463 3354
464 3353
465 3352
466 3353
467 3354
468 3354
469 3354
470 3352
471 3352
472 3353
473 3352
474 3352
475 3352
476 3352
477 3352
478 3352
479 3353
480 3353
481 3354
482 3354
483 3354
484 3354
485 3353
486 3353
487 3354
488 3354
489 3354
490 3354
491 3354
492 3354
493 3353
494 3353
495 3353
496 3354
497 3353
498 3250
499 1791
500 1201
501 955
502 853
503 811
504 793
505 785
506 782
507 779
508 779
509 778
510 778
511 777
512 778
513 778
514 777
515 775
516 776
517 776
518 776
519 776
520 773
521 774
522 773
523 773
524 773
525 773
526 772
527 773
528 771
529 771
530 772
531 772
532 770
533 772
534 770
535 771
536 770
537 771
538 771
539 771
540 770
541 771
542 770
543 771
544 771
545 771
546 771
547 770
548 770
549 769
550 770
551 770
552 771
553 769
554 770
555 769
556 770
557 771
558 772
559 771
560 771
561 770
562 770
563 770
564 772
565 771
566 772
567 770
568 772
569 770
570 771
571 770
572 771
573 770
574 770
575 771
576 770
577 771
578 770
579 771
580 771
581 770
582 771
583 770
584 772
585 771
586 771
587 771
588 771
589 771
590 771
591 771
592 771
593 770
594 2273
595 2880
596 3138
597 3251
598 3300
599 3322
600 3334
601 3339
602 3343
603 3346
604 3346
605 3347
606 3346
607 3348
608 3348
609 3348
610 3348
611 3349
612 3348
613 3348
614 3349
615 3349
616 3351
617 3351
618 3351
619 3351
620 3350
621 3351
622 3351
623 3351
624 3351
625 3350
626 3350
627 3351
628 3352
629 3352
630 3352
631 3352
632 3352
633 3352
634 3352
635 3352
636 3352
637 3353
638 3353
639 3353
640 3353
641 3353
642 3354
643 3353
644 3352
645 3352
646 3352
647 3352
648 3353
649 3353
650 3352
651 3352
652 3352
653 3353
654 3353
655 3352
656 3353
657 3352
658 3354
659 3354
660 3354
661 3353
662 3353
663 3354
664 3353
665 3352
666 3352
667 3352
668 3354
669 3353
670 3353
671 3353
672 3352
673 3354
674 3353
675 3356
676 3354
677 3354
678 3354
679 3353
680 3353
681 3353
682 3354
683 3354
684 3354
685 3354
686 3353
687 3353
688 3353
689 3228
690 1797
691 1203
692 956
693 853
694 812
695 792
696 786
697 781
698 780
699 778
700 779
701 778
702 776
703 776
704 775
705 775
706 775
707 774
708 775
709 774
710 774
711 773
712 774
713 773
714 774
715 773
716 772
717 772
718 773
719 772
720 772
721 772
722 771
723 771
724 771
725 770
726 771
727 770
728 770
729 770
730 770
731 770
732 769
733 769
734 770
735 769
736 770
737 770
738 770
739 770
740 770
741 770
742 770
743 770
744 770
745 771
746 770
747 771
748 770
749 771
750 771
751 771
752 770
753 771
754 770
755 771
756 771
757 772
758 771
759 771
760 771
761 772
762 772
763 772
764 771
765 771
766 770
767 770
768 770
769 770
770 770
771 770
772 771
773 770
774 771
775 770
776 771
777 770
778 771
779 771
780 770
781 769
782 771
783 770
784 770
785 2352
786 2910
787 3150
788 3257
789 3303
790 3325
791 3336
792 3339
793 3344
794 3345
795 3347
796 3347
797 3347
798 3347
799 3348
800 3349
801 3349
802 3348
803 3349
804 3349
805 3350
806 3350
807 3351
808 3350
809 3351
810 3351
811 3351
812 3351
813 3351
814 3351
815 3350
816 3350
817 3351
818 3352
819 3352
820 3352
821 3352
822 3352
823 3352
824 3352
825 3352
826 3353
827 3352
828 3352
829 3352
830 3353
831 3353
832 3352
833 3353
834 3353
835 3353
836 3352
837 3354
838 3354
839 3353
840 3353
841 3352
842 3355
843 3354
844 3353
845 3352
846 3352
847 3351
848 3352
849 3353
850 3353
851 3352
852 3352
853 3352
854 3353
855 3352
856 3352
857 3352
858 3353
859 3353
860 3352
861 3352
862 3352
863 3353
864 3352
865 3353
866 3354
867 3353
868 3353
869 3355
870 3354
871 3353
872 3355
873 3354
874 3355
875 3355
876 3354
877 3353
878 3353
879 3353
880 3224
881 1800
882 1204
883 956
884 852
885 811
886 793
887 786
888 780
889 779
890 779
891 778
892 776
893 783
894 778
895 777
896 775
897 775
898 774
899 773
900 772
901 771
902 771
903 767
904 769
905 771
906 772
907 771
908 770
909 772
910 770
911 771
912 772
913 772
914 771
915 771
916 771
917 771
918 772
919 772
920 771
921 771
922 772
923 773
924 771
925 772
926 771
927 771
928 772
929 770
930 772
931 771
932 772
933 771
934 771
935 771
936 772
937 771
938 771
939 770
940 772
941 770
942 772
943 771
944 771
945 771
946 771
947 770
948 772
949 772
950 771
951 771
952 770
953 770
954 771
955 771
956 770
957 770
958 769
959 768
960 769
961 770
962 770
963 770
964 771
965 771
966 770
967 770
968 770
969 770
970 770
971 771
972 769
973 770
974 770
975 771
976 2361
977 2914
978 3151
979 3257
980 3303
981 3325
982 3335
983 3340
984 3344
985 3345
986 3346
987 3347
988 3347
989 3347
990 3348
991 3349
992 3348
993 3349
994 3349
995 3349
996 3349
997 3349
998 3351
999 3349
1000 3350
1001 3349
1002 3351
1003 3351
1004 3350
1005 3352
1006 3351
1007 3352
1008 3351
1009 3350
1010 3351
1011 3351
1012 3352
1013 3352
1014 3353
1015 3352
1016 3353
1017 3352
1018 3353
1019 3352
1020 3353
1021 3353
1022 3354
1023 3352
1024 3353
1025 3352
1026 3352
1027 3352
1028 3352
1029 3353
1030 3352
1031 3352
1032 3353
1033 3353
1034 3353
1035 3353
1036 3352
1037 3353
1038 3352
1039 3353
1040 3353
1041 3352
1042 3353
1043 3353
1044 3353
1045 3353
1046 3354
1047 3352
1048 3353
1049 3352
1050 3354
1051 3353
1052 3353
1053 3353
1054 3354
1055 3352
1056 3354
1057 3354
1058 3354
1059 3354
1060 3354
1061 3354
1062 3354
1063 3354
1064 3353
1065 3353
1066 3355
1067 3354
1068 3353
1069 3352
1070 3353
1071 3224
1072 1800
1073 1203
1074 956
1075 853
1076 811
1077 792
1078 785
1079 780
1080 779
1081 779
1082 779
1083 777
1084 776
1085 775
1086 777
1087 775
1088 776
1089 774
1090 775
1091 775
1092 774
1093 772
1094 773
1095 772
1096 773
1097 771
1098 772
1099 772
1100 771
1101 771
1102 771
1103 771
1104 771
1105 770
1106 771
1107 770
1108 770
1109 770
1110 771
1111 770
1112 769
1113 770
1114 768
1115 770
1116 769
1117 769
1118 769
1119 770
1120 771
1121 771
1122 769
1123 770
1124 771
1125 771
1126 770
1127 772
1128 771
1129 771
1130 771
1131 772
1132 772
1133 772
1134 771
1135 772
1136 772
1137 772
1138 771
1139 771
1140 771
1141 770
1142 771
1143 770
1144 770
1145 771
1146 770
1147 770
1148 769
1149 770
1150 771
1151 769
1152 769
1153 770
1154 770
1155 769
1156 770
1157 769
1158 770
1159 770
1160 770
1161 769
1162 770
1163 770
1164 769
1165 769
1166 771
1167 2361
1168 2916
1169 3152
1170 3258
1171 3304
1172 3326
1173 3336
1174 3341
1175 3343
1176 3346
1177 3347
1178 3347
1179 3347
1180 3347
1181 3348
1182 3347
1183 3349
1184 3349
1185 3348
1186 3349
1187 3349
1188 3348
1189 3350
1190 3350
1191 3350
1192 3348
1193 3350
1194 3350
1195 3351
1196 3351
1197 3350
1198 3351
1199 3351
1200 3351
1201 3352
1202 3351
1203 3351
1204 3351
1205 3352
1206 3352
1207 3352
1208 3352
1209 3353
1210 3352
1211 3352
1212 3353
1213 3353
1214 3353
1215 3353
1216 3353
1217 3354
1218 3352
1219 3353
1220 3352
1221 3353
1222 3353
1223 3353
1224 3353
1225 3353
1226 3352
1227 3353
1228 3354
1229 3354
1230 3352
1231 3353
1232 3353
1233 3353
1234 3352
1235 3354
1236 3353
1237 3354
1238 3354
1239 3353
1240 3353
1241 3354
1242 3353
1243 3352
1244 3353
1245 3353
1246 3353
1247 3354
1248 3353
1249 3353
1250 3354
1251 3352
1252 3353
1253 3352
1254 3354
1255 3354
1256 3352
1257 3353
1258 3354
1259 3355
1260 3354
1261 3355
1262 3224
1263 1801
1264 1204
1265 956
1266 853
1267 812
1268 793
1269 786
1270 780
1271 779
1272 778
1273 778
1274 776
1275 777
1276 776
1277 775
1278 775
1279 775
1280 775
1281 775
1282 775
1283 774
1284 773
1285 774
1286 773
1287 773
1288 773
1289 772
1290 772
1291 772
1292 772
1293 771
1294 772
1295 771
1296 771
1297 771
1298 772
1299 771
1300 770
1301 769
1302 771
1303 770
1304 770
1305 770
1306 771
1307 770
1308 771
1309 769
1310 769
1311 769
1312 771
1313 770
1314 770
1315 769
1316 770
1317 772
1318 771
1319 771
1320 772
1321 771
1322 772
1323 772
1324 771
1325 771
1326 771
1327 772
1328 771
1329 772
1330 771
1331 772
1332 772
1333 771
1334 770
1335 771
1336 772
1337 771
1338 770
1339 771
1340 771
1341 771
1342 770
1343 771
1344 770
1345 771
1346 770
1347 770
1348 769
1349 771
1350 770
1351 771
1352 770
1353 771
1354 771
1355 772
1356 771
1357 789
1358 2328
1359 2901
1360 3146
1361 3256
1362 3301
1363 3324
1364 3334
1365 3340
1366 3342
1367 3345
1368 3346
1369 3346
1370 3347
1371 3348
1372 3347
1373 3348
1374 3347
1375 3348
1376 3348
1377 3348
1378 3350
1379 3349
1380 3349
1381 3349
1382 3348
1383 3350
1384 3349
1385 3351
1386 3351
1387 3350
1388 3350
1389 3351
1390 3351
1391 3350
1392 3350
1393 3352
1394 3351
1395 3352
1396 3352
1397 3353
1398 3353
1399 3352
1400 3353
1401 3353
1402 3353
1403 3353
1404 3353
1405 3352
1406 3352
1407 3353
1408 3354
1409 3352
1410 3352
1411 3352
1412 3353
1413 3353
1414 3353
1415 3353
1416 3352
1417 3354
1418 3353
1419 3352
1420 3353
1421 3353
1422 3354
1423 3353
1424 3353
1425 3353
1426 3353
1427 3354
1428 3353
1429 3354
1430 3353
1431 3353
1432 3354
1433 3353
1434 3355
1435 3354
1436 3354
1437 3355
1438 3353
1439 3354
1440 3353
1441 3354
1442 3354
1443 3353
1444 3353
1445 3353
1446 3354
1447 3355
1448 3354
1449 3353
1450 3353
1451 3353
1452 3354
1453 2023
1454 1296
1455 993
1456 870
1457 818
1458 795
1459 785
1460 781
1461 778
1462 778
1463 777
1464 777
1465 776
1466 777
1467 774
1468 775
1469 775
1470 775
1471 775
1472 774
1473 775
1474 775
1475 774
1476 773
1477 772
1478 773
1479 773
1480 772
1481 772
1482 771
1483 772
1484 771
1485 773
1486 771
1487 770
1488 769
1489 770
1490 768
1491 770
1492 768
1493 770
1494 768
1495 770
1496 770
1497 771
1498 768
1499 769
1500 768
1501 769
1502 768
1503 770
1504 768
1505 769
1506 771
1507 770
1508 769
1509 770
1510 770
1511 769
1512 771
1513 771
1514 771
1515 771
1516 771
1517 770
1518 771
1519 770
1520 771
1521 771
1522 772
1523 771
1524 772
1525 771
1526 771
1527 770
1528 771
1529 771
1530 771
1531 770
1532 772
1533 771
1534 771
1535 771
1536 771
1537 770
1538 770
1539 770
1540 770
1541 770
1542 771
1543 770
1544 770
1545 771
1546 771
1547 771
1548 892
1549 2296
1550 2886
1551 3140
1552 3251
1553 3301
1554 3325
1555 3335
1556 3340
1557 3343
1558 3345
1559 3346
1560 3346
1561 3347
1562 3347
1563 3346
1564 3348
1565 3348
1566 3348
1567 3350
1568 3349
1569 3349
1570 3349
1571 3350
1572 3349
1573 3350
1574 3350
1575 3350
1576 3351
1577 3351
1578 3349
1579 3351
1580 3350
1581 3351
1582 3352
1583 3352
1584 3352
1585 3352
1586 3352
1587 3351
1588 3353
1589 3352
1590 3352
1591 3352
1592 3352
1593 3352
1594 3352
1595 3352
1596 3354
1597 3353
1598 3352
1599 3353
1600 3352
1601 3353
1602 3353
1603 3354
1604 3352
1605 3352
1606 3353
1607 3352
1608 3353
1609 3353
1610 3353
1611 3352
1612 3352
1613 3354
1614 3353
1615 3352
1616 3354
1617 3353
1618 3353
1619 3353
1620 3352
1621 3354
1622 3353
1623 3353
1624 3354
1625 3354
1626 3353
1627 3353
1628 3353
1629 3353
1630 3353
1631 3354
1632 3353
1633 3354
1634 3354
1635 3353
1636 3354
1637 3353
1638 3353
1639 3354
1640 3354
1641 3354
1642 3354
1643 3353
1644 1783
1645 1196
1646 953
1647 851
1648 811
1649 794
1650 784
1651 781
1652 779
1653 779
1654 777
1655 777
1656 776
1657 776
1658 775
1659 775
1660 775
1661 774
1662 775
1663 775
1664 775
1665 774
1666 774
1667 772
1668 773
1669 772
1670 773
1671 772
1672 772
1673 771
1674 772
1675 770
1676 771
1677 771
1678 771
1679 770
1680 771
1681 770
1682 770
1683 770
1684 770
1685 770
1686 770
1687 770
1688 770
1689 769
1690 769
1691 769
1692 769
1693 769
1694 770
1695 771
1696 771
1697 771
1698 771
1699 771
1700 770
1701 771
1702 771
1703 770
1704 771
1705 771
1706 770
1707 771
1708 771
1709 771
1710 770
1711 772
1712 770
1713 771
1714 771
1715 772
1716 770
1717 771
1718 771
1719 772
1720 770
1721 771
1722 770
1723 771
1724 770
1725 770
1726 771
1727 770
1728 770
1729 769
1730 771
1731 771
1732 770
1733 771
1734 771
1735 770
1736 769
1737 770
1738 770
1739 901
1740 2293
1741 2884
1742 3139
1743 3253
1744 3301
1745 3324
1746 3333
1747 3340
1748 3342
1749 3343
1750 3346
1751 3346
1752 3347
1753 3347
1754 3348
1755 3348
1756 3351
1757 3350
1758 3350
1759 3350
1760 3349
1761 3349
1762 3349
1763 3350
1764 3349
1765 3350
1766 3350
1767 3350
1768 3351
1769 3351
1770 3351
1771 3352
1772 3352
1773 3352
1774 3352
1775 3352
1776 3351
1777 3351
1778 3351
1779 3352
1780 3353
1781 3352
1782 3352
1783 3353
1784 3353
1785 3352
1786 3352
1787 3352
1788 3352
1789 3353
1790 3354
1791 3353
1792 3352
1793 3354
1794 3352
1795 3353
1796 3353
1797 3354
1798 3352
1799 3352
1800 3353
1801 3352
1802 3353
1803 3353
1804 3352
1805 3352
1806 3353
1807 3353
1808 3352
1809 3353
1810 3352
1811 3354
1812 3353
1813 3353
1814 3353
1815 3353
1816 3354
1817 3354
1818 3354
1819 3354
1820 3354
1821 3354
1822 3353
1823 3354
1824 3353
1825 3354
1826 3354
1827 3354
1828 3354
1829 3354
1830 3354
1831 3354
1832 3354
1833 3354
1834 3354
1835 1739
1836 1179
1837 946
1838 848
1839 810
1840 792
1841 785
1842 781
1843 779
1844 779
1845 778
1846 777
1847 777
1848 780
1849 778
1850 776
1851 774
1852 774
1853 773
1854 772
1855 773
1856 772
1857 765
1858 769
1859 771
1860 770
1861 771
1862 771
1863 772
1864 772
1865 774
1866 772
1867 774
1868 773
1869 772
1870 772
1871 773
1872 772
1873 773
1874 772
1875 771
1876 771
1877 772
1878 772
1879 772
1880 772
1881 772
1882 772
1883 771
1884 772
1885 770
1886 771
1887 770
1888 771
1889 771
1890 771
1891 770
1892 771
1893 770
1894 771
1895 771
1896 771
1897 770
1898 771
1899 770
1900 770
1901 770
1902 771
1903 770
1904 770
1905 768
1906 770
1907 769
1908 771
1909 770
1910 769
1911 770
1912 770
1913 770
1914 770
1915 771
1916 771
1917 770
1918 770
1919 770
1920 770
1921 770
1922 769
1923 771
1924 770
1925 771
1926 769
1927 770
1928 770
1929 769
1930 902
1931 2292
1932 2886
1933 3139
1934 3252
1935 3301
1936 3324
1937 3335
1938 3340
1939 3343
1940 3345
1941 3346
1942 3347
1943 3347
1944 3348
1945 3347
1946 3348
1947 3348
1948 3349
1949 3349
1950 3349
1951 3348
1952 3349
1953 3350
1954 3350
1955 3350
1956 3349
1957 3350
1958 3350
1959 3350
1960 3350
1961 3351
1962 3351
1963 3351
1964 3351
1965 3350
1966 3351
1967 3351
1968 3352
1969 3351
1970 3352
1971 3352
1972 3353
1973 3352
1974 3353
1975 3352
1976 3352
1977 3352
1978 3353
1979 3353
1980 3353
1981 3352
1982 3352
1983 3352
1984 3350
1985 3351
1986 3351
1987 3353
1988 3352
1989 3353
1990 3353
1991 3353
1992 3352
1993 3352
1994 3353
1995 3353
1996 3353
1997 3353
1998 3353
1999 3354
2000 3354
2001 3352
2002 3354
2003 3354
2004 3354
2005 3353
2006 3354
2007 3353
2008 3353
2009 3352
2010 3352
2011 3353
2012 3354
2013 3353
2014 3352
2015 3353
2016 3354
2017 3354
2018 3354
2019 3353
2020 3353
2021 3353
2022 3353
2023 3353
2024 3355
2025 3353
2026 1732
2027 1177
2028 945
2029 848
2030 810
2031 793
2032 785
2033 782
2034 781
2035 780
2036 779
2037 777
2038 778
2039 778
2040 778
2041 777
2042 776
2043 775
2044 775
2045 775
2046 775
2047 775
