1 961
2 854
3 811
4 791
5 782
6 778
7 776
8 774
9 774
10 773
11 772
12 771
13 771
14 771
15 771
16 771
17 771
18 771
19 771
20 770
21 770
22 771
23 771
24 770
25 770
26 770
27 770
28 769
29 770
30 769
31 769
32 768
33 769
34 770
35 769
36 768
37 767
38 768
39 767
40 768
41 768
42 767
43 768
44 768
45 768
46 767
47 767
48 767
49 767
50 767
51 768
52 768
53 768
54 767
55 768
56 767
57 767
58 768
59 767
60 767
61 767
62 767
63 768
64 767
65 768
66 768
67 767
68 767
69 767
70 768
71 767
72 767
73 767
74 767
75 766
76 766
77 766
78 766
79 766
80 766
81 765
82 766
83 767
84 767
85 767
86 766
87 767
88 766
89 765
90 767
91 766
92 766
93 805
94 2402
95 3008
96 3267
97 3382
98 3433
99 3455
100 3467
101 3471
102 3473
103 3474
104 3475
105 3476
106 3476
107 3476
108 3478
109 3476
110 3477
111 3479
112 3480
113 3480
114 3480
115 3480
116 3480
117 3481
118 3480
119 3481
120 3482
121 3483
122 3481
123 3483
124 3483
125 3483
126 3483
127 3483
128 3482
129 3484
130 3482
131 3483
132 3483
133 3485
134 3484
135 3486
136 3485
137 3484
138 3484
139 3484
140 3481
141 3483
142 3483
143 3484
144 3483
145 3484
146 3483
147 3484
148 3484
149 3483
150 3484
151 3484
152 3484
153 3483
154 3484
155 3483
156 3482
157 3482
158 3484
159 3484
160 3484
161 3483
162 3484
163 3484
164 3484
165 3485
166 3485
167 3484
168 3486
169 3485
170 3488
171 3485
172 3485
173 3484
174 3485
175 3483
176 3483
177 3483
178 3484
179 3484
180 3482
181 3484
182 3485
183 3484
184 3485
185 3485
186 3485
187 3484
188 3485
189 2045
190 1305
191 997
192 870
193 818
194 794
195 783
196 778
197 777
198 775
199 775
200 775
201 773
202 773
203 772
204 771
205 771
206 771
207 772
208 771
209 771
210 772
211 772
212 771
213 771
214 771
215 770
216 770
217 770
218 770
219 770
220 770
221 770
222 770
223 770
224 770
225 768
226 769
227 769
228 768
229 768
230 767
231 768
232 767
233 768
234 768
235 768
236 768
237 768
238 768
239 768
240 768
241 768
242 768
243 768
244 767
245 767
246 768
247 768
248 768
249 768
250 767
251 768
252 768
253 767
254 767
255 767
256 767
257 766
258 767
259 767
260 767
261 768
262 767
263 766
264 768
265 768
266 767
267 767
268 767
269 768
270 766
271 766
272 767
273 767
274 766
275 768
276 767
277 767
278 765
279 765
280 766
281 766
282 768
283 767
284 895
285 2373
286 2996
287 3262
288 3379
289 3431
290 3453
291 3465
292 3470
293 3471
294 3473
295 3475
296 3475
297 3477
298 3477
299 3477
300 3478
301 3479
302 3478
303 3480
304 3481
305 3480
306 3480
307 3479
308 3480
309 3480
310 3482
311 3482
312 3483
313 3482
314 3483
315 3482
316 3483
317 3483
318 3485
319 3485
320 3486
321 3484
322 3485
323 3484
324 3485
325 3484
326 3484
327 3485
328 3485
329 3485
330 3486
331 3486
332 3486
333 3485
334 3485
335 3485
336 3486
337 3485
338 3485
339 3484
340 3484
341 3485
342 3484
343 3484
344 3483
345 3484
346 3484
347 3485
348 3484
349 3485
350 3483
351 3485
352 3484
353 3486
354 3484
355 3485
356 3485
357 3486
358 3484
359 3484
360 3483
361 3483
362 3485
363 3485
364 3485
365 3484
366 3484
367 3484
368 3484
369 3483
370 3485
371 3484
372 3484
373 3484
374 3484
375 3484
376 3484
377 3483
378 3484
379 3484
380 1831
381 1215
382 959
383 854
384 811
385 791
386 783
387 777
388 776
389 775
390 775
391 774
392 773
393 773
394 772
395 772
396 772
397 771
398 771
399 771
400 771
401 770
402 770
403 770
404 771
405 771
406 770
407 770
408 770
409 770
410 770
411 770
412 770
413 770
414 768
415 770
416 767
417 769
418 768
419 768
420 768
421 769
422 767
423 769
424 768
425 768
426 768
427 767
428 767
429 767
430 768
431 768
432 768
433 768
434 768
435 767
436 768
437 768
438 767
439 767
440 768
441 768
442 768
443 766
444 767
445 767
446 767
447 767
448 766
449 767
450 767
451 768
452 768
453 767
454 766
455 767
456 767
457 767
458 767
459 766
460 766
461 767
462 766
463 766
464 767
465 767
466 767
467 767
468 767
469 768
470 767
471 766
472 767
473 767
474 767
475 905
476 2371
477 2995
478 3263
479 3380
480 3431
481 3454
482 3464
483 3469
484 3471
485 3474
486 3475
487 3476
488 3477
489 3477
490 3477
491 3477
492 3478
493 3480
494 3479
495 3480
496 3480
497 3481
498 3479
499 3480
500 3481
501 3482
502 3483
503 3484
504 3482
505 3484
506 3483
507 3484
508 3483
509 3484
510 3484
511 3484
512 3484
513 3485
514 3485
515 3486
516 3486
517 3486
518 3485
519 3486
520 3485
521 3486
522 3487
523 3485
524 3485
525 3484
526 3484
527 3484
528 3485
529 3484
530 3485
531 3484
532 3483
533 3483
534 3483
535 3482
536 3484
537 3483
538 3484
539 3484
540 3485
541 3484
542 3484
543 3483
544 3484
545 3484
546 3485
547 3483
548 3484
549 3484
550 3485
551 3483
552 3484
553 3484
554 3484
555 3484
556 3484
557 3485
558 3485
559 3485
560 3485
561 3484
562 3483
563 3484
564 3484
565 3485
566 3484
567 3486
568 3484
569 3485
570 3485
571 1793
572 1201
573 957
574 852
575 811
576 792
577 783
578 778
579 775
580 774
581 773
582 773
583 773
584 773
585 772
586 772
587 773
588 771
589 770
590 770
591 771
592 770
593 771
594 771
595 771
596 770
597 770
598 769
599 769
600 770
601 769
602 769
603 769
604 770
605 770
606 769
607 769
608 770
609 769
610 768
611 769
612 768
613 768
614 769
615 768
616 768
617 768
618 768
619 767
620 767
621 768
622 769
623 768
624 769
625 769
626 769
627 768
628 769
629 769
630 769
631 769
632 769
633 768
634 768
635 767
636 768
637 768
638 768
639 767
640 767
641 768
642 767
643 765
644 766
645 767
646 766
647 766
648 768
649 768
650 767
651 766
652 767
653 767
654 767
655 767
656 767
657 765
658 766
659 766
660 767
661 767
662 767
663 767
664 766
665 767
666 905
667 2371
668 2996
669 3263
670 3382
671 3432
672 3457
673 3466
674 3471
675 3471
676 3475
677 3474
678 3476
679 3476
680 3478
681 3477
682 3479
683 3478
684 3480
685 3479
686 3481
687 3479
688 3480
689 3480
690 3482
691 3480
692 3481
693 3481
694 3482
695 3482
696 3484
697 3483
698 3483
699 3485
700 3486
701 3486
702 3486
703 3484
704 3484
705 3484
706 3485
707 3486
708 3485
709 3486
710 3485
711 3486
712 3486
713 3486
714 3485
715 3485
716 3485
717 3487
718 3485
719 3486
720 3484
721 3485
722 3485
723 3485
724 3484
725 3484
726 3484
727 3485
728 3485
729 3484
730 3486
731 3485
732 3485
733 3486
734 3485
735 3484
736 3484
737 3486
738 3485
739 3484
740 3485
741 3485
742 3485
743 3484
744 3484
745 3484
746 3484
747 3484
748 3484
749 3482
750 3484
751 3482
752 3484
753 3484
754 3486
755 3485
756 3485
757 3484
758 3485
759 3485
760 3486
761 3485
762 1786
763 1199
764 952
765 851
766 810
767 790
768 782
769 779
770 776
771 776
772 775
773 773
774 774
775 773
776 772
777 773
778 772
779 772
780 772
781 771
782 772
783 770
784 771
785 770
786 771
787 771
788 770
789 770
790 769
791 770
792 769
793 770
794 770
795 770
796 769
797 769
798 769
799 768
800 769
801 768
802 768
803 768
804 767
805 767
806 768
807 768
808 768
809 767
810 768
811 768
812 768
813 769
814 768
815 768
816 768
817 768
818 768
819 767
820 767
821 768
822 768
823 768
824 768
825 768
826 768
827 768
828 766
829 767
830 767
831 768
832 767
833 767
834 768
835 768
836 769
837 768
838 768
839 768
840 767
841 765
842 767
843 766
844 767
845 767
846 768
847 768
848 767
849 767
850 767
851 766
852 767
853 767
854 766
855 767
856 767
857 905
858 2371
859 2997
860 3263
861 3382
862 3431
863 3456
864 3466
865 3471
866 3475
867 3476
868 3475
869 3477
870 3477
871 3478
872 3478
873 3480
874 3481
875 3481
876 3479
877 3480
878 3480
879 3481
880 3480
881 3480
882 3480
883 3481
884 3480
885 3481
886 3480
887 3482
888 3482
889 3482
890 3484
891 3490
892 3487
893 3486
894 3486
895 3486
896 3488
897 3486
898 3489
899 3489
900 3489
901 3480
902 3485
903 3485
904 3486
905 3485
906 3486
907 3485
908 3485
909 3485
910 3486
911 3483
912 3484
913 3484
914 3484
915 3482
916 3483
917 3482
918 3483
919 3481
920 3482
921 3482
922 3482
923 3482
924 3482
925 3482
926 3481
927 3481
928 3482
929 3482
930 3483
931 3484
932 3481
933 3483
934 3483
935 3484
936 3483
937 3483
938 3483
939 3485
940 3484
941 3485
942 3484
943 3484
944 3484
945 3485
946 3485
947 3486
948 3485
949 3486
950 3486
951 3486
952 3486
953 1784
954 1197
955 953
956 851
957 810
958 790
959 781
960 777
961 775
962 774
963 774
964 774
965 773
966 773
967 772
968 771
969 772
970 771
971 772
972 772
973 771
974 772
975 771
976 770
977 771
978 771
979 769
980 771
981 771
982 771
983 770
984 770
985 770
986 770
987 769
988 768
989 770
990 769
991 768
992 768
993 767
994 767
995 768
996 768
997 768
998 768
999 768
1000 768
1001 768
1002 768
1003 767
1004 767
1005 766
1006 767
1007 766
1008 767
1009 767
1010 768
1011 767
1012 768
1013 767
1014 768
1015 768
1016 768
1017 767
1018 767
1019 768
1020 768
1021 766
1022 767
1023 767
1024 767
1025 767
1026 767
1027 767
1028 768
1029 769
1030 767
1031 767
1032 767
1033 767
1034 767
1035 767
1036 767
1037 767
1038 767
1039 767
1040 769
1041 767
1042 767
1043 766
1044 766
1045 767
1046 766
1047 767
1048 1501
1049 2624
1050 3106
1051 3309
1052 3400
1053 3441
1054 3459
1055 3466
1056 3472
1057 3472
1058 3476
1059 3476
1060 3477
1061 3477
1062 3478
1063 3478
1064 3479
1065 3479
1066 3479
1067 3479
1068 3480
1069 3480
1070 3480
1071 3480
1072 3481
1073 3480
1074 3482
1075 3482
1076 3482
1077 3482
1078 3482
1079 3483
1080 3480
1081 3483
1082 3484
1083 3484
1084 3484
1085 3485
1086 3485
1087 3486
1088 3484
1089 3485
1090 3484
1091 3486
1092 3484
1093 3485
1094 3485
1095 3486
1096 3486
1097 3486
1098 3484
1099 3485
1100 3484
1101 3486
1102 3484
1103 3484
1104 3485
1105 3484
1106 3484
1107 3484
1108 3484
1109 3485
1110 3484
1111 3484
1112 3484
1113 3485
1114 3485
1115 3486
1116 3486
1117 3484
1118 3485
1119 3485
1120 3485
1121 3485
1122 3486
1123 3484
1124 3486
1125 3485
1126 3487
1127 3485
1128 3484
1129 3485
1130 3486
1131 3483
1132 3485
1133 3485
1134 3484
1135 3484
1136 3485
1137 3484
1138 3484
1139 3484
1140 3486
1141 3484
1142 3484
1143 3391
1144 1843
1145 1220
1146 962
1147 854
1148 812
1149 791
1150 783
1151 779
1152 776
1153 775
1154 773
1155 773
1156 773
1157 773
1158 772
1159 771
1160 771
1161 770
1162 772
1163 772
1164 773
1165 771
1166 771
1167 771
1168 770
1169 770
1170 771
1171 771
1172 770
1173 770
1174 771
1175 770
1176 770
1177 771
1178 769
1179 768
1180 769
1181 768
1182 768
1183 769
1184 770
1185 768
1186 768
1187 768
1188 769
1189 769
1190 767
1191 768
1192 767
1193 767
1194 768
1195 768
1196 767
1197 768
1198 769
1199 768
1200 768
1201 767
1202 768
1203 769
1204 768
1205 768
1206 768
1207 767
1208 767
1209 768
1210 769
1211 768
1212 768
1213 768
1214 768
1215 767
1216 766
1217 767
1218 768
1219 768
1220 768
1221 767
1222 766
1223 767
1224 767
1225 767
1226 768
1227 767
1228 767
1229 768
1230 768
1231 767
1232 765
1233 766
1234 767
1235 767
1236 767
1237 767
1238 768
1239 2310
1240 2971
1241 3252
1242 3375
1243 3428
1244 3454
1245 3465
1246 3470
1247 3472
1248 3474
1249 3476
1250 3475
1251 3477
1252 3475
1253 3477
1254 3477
1255 3478
1256 3479
1257 3479
1258 3479
1259 3479
1260 3480
1261 3479
1262 3480
1263 3480
1264 3480
1265 3482
1266 3483
1267 3482
1268 3484
1269 3484
1270 3484
1271 3483
1272 3483
1273 3483
1274 3482
1275 3483
1276 3484
1277 3483
1278 3484
1279 3484
1280 3484
1281 3483
1282 3485
1283 3484
1284 3484
1285 3483
1286 3483
1287 3484
1288 3484
1289 3484
1290 3483
1291 3484
1292 3483
1293 3484
1294 3484
1295 3484
1296 3484
1297 3483
1298 3484
1299 3484
1300 3483
1301 3483
1302 3483
1303 3483
1304 3483
1305 3484
1306 3484
1307 3484
1308 3483
1309 3483
1310 3482
1311 3482
1312 3483
1313 3483
1314 3483
1315 3485
1316 3483
1317 3484
1318 3483
1319 3484
1320 3483
1321 3484
1322 3484
1323 3485
1324 3482
1325 3483
1326 3483
1327 3484
1328 3486
1329 3484
1330 3484
1331 3484
1332 3484
1333 3484
1334 3357
1335 1854
1336 1225
1337 964
1338 856
1339 811
1340 791
1341 782
1342 779
1343 776
1344 775
1345 774
1346 774
1347 774
1348 772
1349 772
1350 772
1351 772
1352 772
1353 772
1354 771
1355 770
1356 771
1357 770
1358 771
1359 770
1360 770
1361 770
1362 770
1363 770
1364 769
1365 770
1366 770
1367 770
1368 771
1369 769
1370 769
1371 770
1372 769
1373 768
1374 770
1375 768
1376 769
1377 768
1378 768
1379 768
1380 768
1381 768
1382 768
1383 767
1384 767
1385 767
1386 766
1387 767
1388 768
1389 768
1390 768
1391 768
1392 767
1393 767
1394 767
1395 768
1396 768
1397 768
1398 766
1399 767
1400 767
1401 768
1402 766
1403 767
1404 766
1405 767
1406 768
1407 768
1408 767
1409 768
1410 767
1411 767
1412 768
1413 767
1414 767
1415 767
1416 768
1417 768
1418 766
1419 767
1420 767
1421 766
1422 767
1423 767
1424 767
1425 767
1426 767
1427 768
1428 767
1429 767
1430 2425
1431 3016
1432 3271
1433 3384
1434 3434
1435 3456
1436 3467
1437 3470
1438 3474
1439 3475
1440 3477
1441 3476
1442 3477
1443 3478
1444 3479
1445 3479
1446 3480
1447 3480
1448 3480
1449 3480
1450 3480
1451 3480
1452 3480
1453 3481
1454 3480
1455 3482
1456 3483
1457 3483
1458 3482
1459 3482
1460 3483
1461 3482
1462 3481
1463 3483
1464 3482
1465 3482
1466 3483
1467 3484
1468 3484
1469 3485
1470 3485
1471 3485
1472 3483
1473 3483
1474 3483
1475 3485
1476 3484
1477 3483
1478 3483
1479 3484
1480 3483
1481 3484
1482 3484
1483 3483
1484 3484
1485 3483
1486 3483
1487 3484
1488 3484
1489 3483
1490 3485
1491 3485
1492 3485
1493 3484
1494 3484
1495 3485
1496 3486
1497 3484
1498 3486
1499 3485
1500 3485
1501 3484
1502 3488
1503 3485
1504 3486
1505 3486
1506 3486
1507 3484
1508 3484
1509 3485
1510 3485
1511 3484
1512 3485
1513 3484
1514 3485
1515 3484
1516 3486
1517 3485
1518 3485
1519 3486
1520 3485
1521 3484
1522 3484
1523 3484
1524 3483
1525 3351
1526 1856
1527 1224
1528 963
1529 856
1530 813
1531 791
1532 783
1533 778
1534 778
1535 775
1536 775
1537 773
1538 772
1539 772
1540 772
1541 772
1542 772
1543 772
1544 772
1545 772
1546 770
1547 772
1548 771
1549 770
1550 771
1551 770
1552 770
1553 770
1554 769
1555 768
1556 771
1557 770
1558 769
1559 769
1560 768
1561 768
1562 769
1563 769
1564 768
1565 768
1566 767
1567 768
1568 768
1569 768
1570 767
1571 768
1572 768
1573 768
1574 768
1575 769
1576 768
1577 768
1578 767
1579 767
1580 767
1581 768
1582 768
1583 768
1584 768
1585 767
1586 767
1587 768
1588 768
1589 767
1590 767
1591 767
1592 767
1593 767
1594 768
1595 767
1596 768
1597 768
1598 768
1599 769
1600 767
1601 768
1602 767
1603 767
1604 767
1605 767
1606 768
1607 767
1608 767
1609 767
1610 767
1611 765
1612 767
1613 767
1614 767
1615 766
1616 768
1617 768
1618 767
1619 765
1620 767
1621 2439
1622 3022
1623 3273
1624 3384
1625 3433
1626 3454
1627 3464
1628 3470
1629 3472
1630 3474
1631 3474
1632 3477
1633 3476
1634 3477
1635 3476
1636 3479
1637 3477
1638 3480
1639 3480
1640 3480
1641 3480
1642 3482
1643 3480
1644 3480
1645 3481
1646 3483
1647 3480
1648 3482
1649 3483
1650 3482
1651 3482
1652 3483
1653 3483
1654 3484
1655 3483
1656 3485
1657 3484
1658 3485
1659 3483
1660 3484
1661 3484
1662 3484
1663 3485
1664 3485
1665 3485
1666 3486
1667 3487
1668 3485
1669 3485
1670 3484
1671 3485
1672 3484
1673 3485
1674 3484
1675 3484
1676 3483
1677 3484
1678 3484
1679 3484
1680 3484
1681 3485
1682 3484
1683 3484
1684 3484
1685 3484
1686 3484
1687 3486
1688 3485
1689 3484
1690 3484
1691 3485
1692 3484
1693 3484
1694 3483
1695 3484
1696 3484
1697 3484
1698 3485
1699 3485
1700 3484
1701 3485
1702 3484
1703 3484
1704 3485
1705 3484
1706 3484
1707 3483
1708 3484
1709 3483
1710 3484
1711 3483
1712 3484
1713 3484
1714 3484
1715 3484
1716 3351
1717 1856
1718 1226
1719 964
1720 856
1721 812
1722 791
1723 781
1724 779
1725 777
1726 775
1727 774
1728 773
1729 773
1730 772
1731 771
1732 772
1733 773
1734 772
1735 771
1736 772
1737 772
1738 771
1739 772
1740 771
1741 771
1742 771
1743 770
1744 770
1745 771
1746 770
1747 769
1748 769
1749 770
1750 769
1751 769
1752 768
1753 768
1754 768
1755 769
1756 770
1757 769
1758 769
1759 768
1760 767
1761 767
1762 767
1763 768
1764 767
1765 768
1766 768
1767 768
1768 768
1769 767
1770 767
1771 768
1772 767
1773 768
1774 768
1775 767
1776 768
1777 768
1778 768
1779 767
1780 767
1781 768
1782 767
1783 768
1784 767
1785 767
1786 768
1787 768
1788 767
1789 768
1790 766
1791 767
1792 767
1793 767
1794 767
1795 767
1796 765
1797 767
1798 768
1799 767
1800 767
1801 766
1802 767
1803 766
1804 767
1805 767
1806 767
1807 767
1808 768
1809 767
1810 767
1811 767
1812 2439
1813 3022
1814 3273
1815 3384
1816 3433
1817 3454
1818 3463
1819 3469
1820 3471
1821 3473
1822 3475
1823 3475
1824 3475
1825 3476
1826 3477
1827 3477
1828 3477
1829 3479
1830 3478
1831 3480
1832 3478
1833 3480
1834 3480
1835 3482
1836 3481
1837 3481
1838 3481
1839 3483
1840 3483
1841 3483
1842 3483
1843 3484
1844 3482
1845 3484
1846 3492
1847 3486
1848 3485
1849 3485
1850 3486
1851 3485
1852 3487
1853 3489
1854 3489
1855 3483
1856 3485
1857 3486
1858 3486
1859 3485
1860 3486
1861 3484
1862 3485
1863 3485
1864 3485
1865 3484
1866 3484
1867 3482
1868 3483
1869 3482
1870 3482
1871 3481
1872 3482
1873 3483
1874 3483
1875 3481
1876 3481
1877 3482
1878 3482
1879 3481
1880 3481
1881 3482
1882 3482
1883 3482
1884 3482
1885 3482
1886 3482
1887 3483
1888 3483
1889 3484
1890 3484
1891 3484
1892 3485
1893 3484
1894 3485
1895 3485
1896 3485
1897 3486
1898 3485
1899 3484
1900 3484
1901 3487
1902 3486
1903 3487
1904 3486
1905 3487
1906 3486
1907 3351
1908 1855
1909 1225
1910 964
1911 855
1912 811
1913 791
1914 783
1915 778
1916 776
1917 774
1918 773
1919 772
1920 773
1921 772
1922 772
1923 773
1924 771
1925 771
1926 771
1927 771
1928 773
1929 771
1930 770
1931 770
1932 771
1933 770
1934 770
1935 769
1936 770
1937 769
1938 770
1939 769
1940 769
1941 769
1942 769
1943 768
1944 768
1945 768
1946 768
1947 768
1948 767
1949 767
1950 768
1951 768
1952 766
1953 766
1954 767
1955 767
1956 767
1957 767
1958 767
1959 768
1960 768
1961 768
1962 768
1963 767
1964 767
1965 767
1966 768
1967 767
1968 767
1969 767
1970 767
1971 767
1972 768
1973 767
1974 768
1975 767
1976 768
1977 768
1978 768
1979 768
1980 766
1981 766
1982 767
1983 767
1984 766
1985 767
1986 767
1987 767
1988 767
1989 766
1990 767
1991 767
1992 767
1993 767
1994 767
1995 767
1996 768
1997 769
1998 768
1999 768
2000 767
2001 767
2002 768
2003 2422
2004 3014
2005 3267
2006 3382
2007 3431
2008 3455
2009 3463
2010 3471
2011 3473
2012 3475
2013 3474
2014 3476
2015 3476
2016 3479
2017 3480
2018 3479
2019 3479
2020 3479
2021 3479
2022 3480
2023 3480
2024 3481
2025 3480
2026 3482
2027 3480
2028 3481
2029 3481
2030 3481
2031 3482
2032 3482
2033 3483
2034 3484
2035 3484
2036 3483
2037 3484
2038 3484
2039 3484
2040 3484
2041 3485
2042 3484
2043 3485
2044 3486
2045 3485
2046 3485
2047 3486
