1 864
2 814
3 793
4 783
5 780
6 778
7 775
8 774
9 773
10 772
11 773
12 772
13 772
14 773
15 772
16 771
17 771
18 771
19 772
20 772
21 771
22 772
23 771
24 770
25 772
26 771
27 771
28 771
29 771
30 770
31 770
32 770
33 771
34 770
35 769
36 769
37 769
38 769
39 768
40 769
41 769
42 768
43 768
44 769
45 768
46 768
47 767
48 768
49 768
50 769
51 769
52 769
53 768
54 767
55 769
56 769
57 769
58 768
59 768
60 768
61 769
62 768
63 767
64 768
65 767
66 768
67 768
68 768
69 768
70 769
71 768
72 768
73 768
74 768
75 768
76 768
77 768
78 768
79 768
80 768
81 767
82 768
83 767
84 767
85 768
86 768
87 767
88 767
89 767
90 766
91 767
92 768
93 2525
94 3140
95 3402
96 3519
97 3570
98 3595
99 3606
100 3613
101 3613
102 3617
103 3615
104 3619
105 3618
106 3619
107 3618
108 3619
109 3620
110 3620
111 3620
112 3620
113 3621
114 3620
115 3620
116 3620
117 3621
118 3621
119 3623
120 3622
121 3622
122 3622
123 3625
124 3624
125 3625
126 3623
127 3626
128 3626
129 3626
130 3625
131 3626
132 3627
133 3627
134 3626
135 3627
136 3626
137 3627
138 3627
139 3627
140 3627
141 3628
142 3628
143 3627
144 3626
145 3627
146 3626
147 3626
148 3625
149 3626
150 3626
151 3626
152 3626
153 3626
154 3626
155 3626
156 3627
157 3624
158 3625
159 3625
160 3627
161 3626
162 3626
163 3624
164 3626
165 3626
166 3626
167 3625
168 3627
169 3625
170 3626
171 3626
172 3625
173 3624
174 3626
175 3627
176 3626
177 3628
178 3627
179 3626
180 3626
181 3627
182 3628
183 3628
184 3628
185 3627
186 3626
187 3627
188 3484
189 1914
190 1251
191 974
192 860
193 814
194 792
195 784
196 779
197 778
198 776
199 775
200 772
201 774
202 774
203 773
204 773
205 773
206 773
207 772
208 772
209 772
210 771
211 772
212 771
213 771
214 771
215 770
216 770
217 771
218 770
219 770
220 770
221 769
222 769
223 771
224 770
225 770
226 769
227 768
228 769
229 769
230 769
231 768
232 768
233 768
234 768
235 768
236 768
237 768
238 768
239 769
240 768
241 768
242 768
243 769
244 769
245 768
246 768
247 768
248 769
249 769
250 768
251 768
252 769
253 767
254 767
255 767
256 768
257 768
258 767
259 767
260 767
261 768
262 767
263 767
264 767
265 766
266 767
267 767
268 767
269 768
270 767
271 767
272 767
273 766
274 767
275 767
276 768
277 767
278 767
279 767
280 766
281 767
282 767
283 776
284 2495
285 3130
286 3397
287 3518
288 3570
289 3594
290 3603
291 3610
292 3612
293 3614
294 3615
295 3614
296 3615
297 3617
298 3619
299 3619
300 3620
301 3619
302 3620
303 3618
304 3620
305 3619
306 3621
307 3622
308 3623
309 3622
310 3623
311 3623
312 3624
313 3623
314 3625
315 3625
316 3626
317 3626
318 3627
319 3626
320 3625
321 3627
322 3627
323 3627
324 3627
325 3627
326 3627
327 3628
328 3628
329 3628
330 3628
331 3629
332 3628
333 3628
334 3628
335 3628
336 3629
337 3628
338 3628
339 3628
340 3628
341 3627
342 3626
343 3628
344 3625
345 3626
346 3627
347 3627
348 3627
349 3627
350 3626
351 3627
352 3626
353 3626
354 3625
355 3626
356 3626
357 3626
358 3626
359 3626
360 3626
361 3624
362 3624
363 3626
364 3625
365 3626
366 3627
367 3624
368 3626
369 3626
370 3627
371 3628
372 3627
373 3626
374 3628
375 3627
376 3627
377 3626
378 3627
379 2195
380 1368
381 1024
382 881
383 822
384 796
385 787
386 781
387 778
388 775
389 775
390 775
391 775
392 775
393 773
394 772
395 772
396 773
397 772
398 771
399 771
400 771
401 771
402 770
403 770
404 771
405 771
406 770
407 770
408 771
409 771
410 770
411 770
412 771
413 769
414 770
415 769
416 769
417 769
418 769
419 768
420 770
421 770
422 768
423 768
424 768
425 769
426 768
427 768
428 769
429 769
430 768
431 768
432 768
433 769
434 769
435 769
436 768
437 769
438 769
439 768
440 768
441 769
442 768
443 767
444 768
445 768
446 768
447 767
448 768
449 768
450 767
451 767
452 767
453 768
454 768
455 767
456 768
457 768
458 767
459 767
460 767
461 767
462 767
463 768
464 769
465 768
466 768
467 767
468 768
469 767
470 767
471 768
472 768
473 768
474 898
475 2458
476 3112
477 3392
478 3514
479 3569
480 3592
481 3605
482 3611
483 3614
484 3613
485 3617
486 3618
487 3619
488 3618
489 3619
490 3619
491 3619
492 3619
493 3621
494 3621
495 3620
496 3621
497 3622
498 3622
499 3622
500 3623
501 3623
502 3624
503 3624
504 3625
505 3626
506 3626
507 3625
508 3626
509 3626
510 3627
511 3627
512 3627
513 3628
514 3630
515 3628
516 3627
517 3627
518 3629
519 3627
520 3628
521 3627
522 3627
523 3627
524 3627
525 3626
526 3627
527 3627
528 3627
529 3625
530 3626
531 3626
532 3624
533 3626
534 3624
535 3626
536 3625
537 3626
538 3626
539 3625
540 3625
541 3624
542 3623
543 3624
544 3623
545 3624
546 3624
547 3626
548 3624
549 3625
550 3624
551 3624
552 3623
553 3626
554 3624
555 3625
556 3625
557 3625
558 3626
559 3626
560 3624
561 3625
562 3624
563 3624
564 3624
565 3626
566 3626
567 3627
568 3628
569 3630
570 1900
571 1244
572 972
573 860
574 815
575 793
576 785
577 780
578 776
579 775
580 775
581 774
582 773
583 774
584 773
585 773
586 771
587 771
588 771
589 772
590 772
591 771
592 770
593 772
594 772
595 771
596 771
597 770
598 771
599 771
600 771
601 770
602 770
603 770
604 770
605 768
606 768
607 769
608 770
609 769
610 769
611 769
612 768
613 768
614 768
615 769
616 768
617 768
618 768
619 768
620 769
621 767
622 768
623 768
624 768
625 769
626 768
627 768
628 768
629 768
630 768
631 767
632 769
633 767
634 768
635 768
636 768
637 768
638 768
639 768
640 767
641 767
642 768
643 768
644 767
645 768
646 767
647 767
648 767
649 767
650 767
651 768
652 768
653 768
654 767
655 767
656 767
657 767
658 767
659 768
660 767
661 767
662 768
663 767
664 767
665 910
666 2456
667 3111
668 3391
669 3515
670 3569
671 3593
672 3606
673 3611
674 3614
675 3615
676 3615
677 3618
678 3619
679 3620
680 3617
681 3619
682 3619
683 3620
684 3619
685 3620
686 3621
687 3622
688 3622
689 3622
690 3621
691 3622
692 3621
693 3624
694 3622
695 3624
696 3623
697 3625
698 3623
699 3626
700 3625
701 3626
702 3626
703 3627
704 3625
705 3626
706 3626
707 3627
708 3626
709 3625
710 3626
711 3627
712 3626
713 3626
714 3627
715 3625
716 3627
717 3626
718 3627
719 3626
720 3626
721 3625
722 3626
723 3626
724 3626
725 3626
726 3626
727 3625
728 3627
729 3626
730 3626
731 3624
732 3625
733 3624
734 3627
735 3625
736 3625
737 3625
738 3625
739 3627
740 3626
741 3625
742 3627
743 3627
744 3626
745 3626
746 3627
747 3627
748 3626
749 3627
750 3628
751 3627
752 3626
753 3627
754 3626
755 3627
756 3627
757 3628
758 3627
759 3629
760 3628
761 1853
762 1225
763 963
764 856
765 812
766 791
767 783
768 779
769 777
770 776
771 774
772 774
773 774
774 774
775 774
776 773
777 773
778 772
779 773
780 771
781 771
782 772
783 771
784 771
785 771
786 771
787 770
788 770
789 770
790 770
791 770
792 770
793 771
794 769
795 769
796 770
797 769
798 769
799 769
800 769
801 769
802 767
803 767
804 768
805 768
806 768
807 767
808 768
809 767
810 768
811 767
812 768
813 768
814 767
815 768
816 767
817 768
818 768
819 768
820 767
821 768
822 767
823 767
824 768
825 768
826 768
827 768
828 767
829 768
830 767
831 767
832 768
833 767
834 768
835 767
836 767
837 767
838 768
839 768
840 767
841 767
842 767
843 768
844 768
845 768
846 767
847 766
848 767
849 767
850 767
851 767
852 767
853 767
854 768
855 767
856 913
857 2452
858 3109
859 3390
860 3513
861 3568
862 3593
863 3603
864 3610
865 3611
866 3614
867 3615
868 3615
869 3617
870 3619
871 3620
872 3621
873 3621
874 3621
875 3620
876 3620
877 3621
878 3622
879 3623
880 3623
881 3624
882 3625
883 3624
884 3626
885 3625
886 3625
887 3625
888 3627
889 3626
890 3627
891 3632
892 3631
893 3630
894 3629
895 3631
896 3630
897 3631
898 3631
899 3632
900 3625
901 3629
902 3630
903 3630
904 3628
905 3628
906 3628
907 3628
908 3627
909 3627
910 3626
911 3627
912 3625
913 3624
914 3626
915 3626
916 3623
917 3624
918 3623
919 3622
920 3623
921 3623
922 3623
923 3625
924 3623
925 3623
926 3623
927 3623
928 3624
929 3624
930 3623
931 3624
932 3625
933 3625
934 3625
935 3625
936 3626
937 3625
938 3625
939 3625
940 3627
941 3627
942 3627
943 3627
944 3628
945 3628
946 3628
947 3626
948 3626
949 3626
950 3627
951 3626
952 1842
953 1219
954 962
955 857
956 813
957 793
958 783
959 779
960 778
961 775
962 776
963 774
964 774
965 773
966 773
967 772
968 772
969 772
970 772
971 772
972 771
973 772
974 771
975 772
976 770
977 772
978 771
979 770
980 770
981 771
982 771
983 770
984 770
985 770
986 770
987 769
988 768
989 769
990 769
991 769
992 768
993 769
994 769
995 768
996 768
997 768
998 768
999 768
1000 768
1001 767
1002 769
1003 768
1004 768
1005 768
1006 768
1007 767
1008 768
1009 769
1010 768
1011 769
1012 767
1013 769
1014 768
1015 768
1016 768
1017 767
1018 768
1019 768
1020 768
1021 767
1022 768
1023 767
1024 767
1025 767
1026 769
1027 768
1028 767
1029 768
1030 769
1031 768
1032 768
1033 768
1034 767
1035 766
1036 767
1037 767
1038 768
1039 767
1040 767
1041 768
1042 767
1043 766
1044 767
1045 768
1046 766
1047 913
1048 2452
1049 3110
1050 3390
1051 3513
1052 3565
1053 3593
1054 3604
1055 3609
1056 3612
1057 3614
1058 3614
1059 3615
1060 3617
1061 3618
1062 3619
1063 3619
1064 3620
1065 3620
1066 3619
1067 3619
1068 3619
1069 3620
1070 3621
1071 3621
1072 3621
1073 3621
1074 3623
1075 3623
1076 3624
1077 3624
1078 3625
1079 3626
1080 3626
1081 3624
1082 3626
1083 3626
1084 3628
1085 3628
1086 3629
1087 3628
1088 3628
1089 3627
1090 3627
1091 3627
1092 3628
1093 3627
1094 3628
1095 3627
1096 3627
1097 3628
1098 3629
1099 3628
1100 3627
1101 3627
1102 3626
1103 3625
1104 3627
1105 3627
1106 3627
1107 3626
1108 3626
1109 3626
1110 3625
1111 3626
1112 3625
1113 3628
1114 3626
1115 3626
1116 3625
1117 3627
1118 3626
1119 3626
1120 3625
1121 3626
1122 3626
1123 3626
1124 3624
1125 3625
1126 3624
1127 3627
1128 3626
1129 3627
1130 3625
1131 3625
1132 3626
1133 3627
1134 3626
1135 3626
1136 3626
1137 3627
1138 3626
1139 3627
1140 3627
1141 3627
1142 3627
1143 1840
1144 1218
1145 961
1146 855
1147 811
1148 792
1149 783
1150 780
1151 777
1152 774
1153 775
1154 774
1155 774
1156 773
1157 773
1158 773
1159 773
1160 772
1161 773
1162 772
1163 772
1164 771
1165 771
1166 771
1167 771
1168 771
1169 770
1170 771
1171 770
1172 770
1173 769
1174 770
1175 770
1176 769
1177 768
1178 770
1179 769
1180 770
1181 770
1182 769
1183 770
1184 769
1185 768
1186 768
1187 768
1188 768
1189 768
1190 768
1191 768
1192 768
1193 768
1194 768
1195 768
1196 769
1197 769
1198 769
1199 768
1200 768
1201 769
1202 769
1203 769
1204 769
1205 768
1206 767
1207 768
1208 768
1209 768
1210 769
1211 768
1212 768
1213 768
1214 768
1215 768
1216 767
1217 768
1218 768
1219 769
1220 768
1221 768
1222 767
1223 767
1224 766
1225 767
1226 768
1227 768
1228 767
1229 767
1230 767
1231 765
1232 767
1233 768
1234 766
1235 767
1236 770
1237 768
1238 1281
1239 2611
1240 3176
1241 3417
1242 3526
1243 3575
1244 3596
1245 3606
1246 3611
1247 3612
1248 3614
1249 3617
1250 3614
1251 3618
1252 3618
1253 3619
1254 3619
1255 3618
1256 3619
1257 3620
1258 3620
1259 3621
1260 3619
1261 3623
1262 3621
1263 3622
1264 3621
1265 3622
1266 3623
1267 3624
1268 3623
1269 3623
1270 3624
1271 3624
1272 3626
1273 3627
1274 3626
1275 3625
1276 3626
1277 3625
1278 3626
1279 3628
1280 3628
1281 3627
1282 3627
1283 3628
1284 3628
1285 3627
1286 3627
1287 3628
1288 3628
1289 3628
1290 3627
1291 3627
1292 3626
1293 3626
1294 3626
1295 3625
1296 3626
1297 3625
1298 3626
1299 3625
1300 3626
1301 3626
1302 3626
1303 3624
1304 3626
1305 3625
1306 3625
1307 3624
1308 3626
1309 3626
1310 3625
1311 3625
1312 3626
1313 3627
1314 3627
1315 3627
1316 3626
1317 3627
1318 3627
1319 3625
1320 3626
1321 3627
1322 3625
1323 3625
1324 3625
1325 3625
1326 3626
1327 3627
1328 3625
1329 3627
1330 3626
1331 3627
1332 3626
1333 3541
1334 1895
1335 1242
1336 971
1337 859
1338 815
1339 793
1340 783
1341 779
1342 776
1343 775
1344 775
1345 774
1346 773
1347 772
1348 772
1349 771
1350 771
1351 772
1352 771
1353 771
1354 771
1355 771
1356 770
1357 772
1358 771
1359 771
1360 770
1361 770
1362 771
1363 771
1364 770
1365 770
1366 769
1367 770
1368 769
1369 769
1370 769
1371 769
1372 769
1373 768
1374 769
1375 769
1376 767
1377 769
1378 769
1379 768
1380 769
1381 768
1382 768
1383 768
1384 769
1385 766
1386 767
1387 768
1388 767
1389 767
1390 769
1391 768
1392 768
1393 768
1394 769
1395 766
1396 767
1397 767
1398 768
1399 768
1400 766
1401 768
1402 768
1403 767
1404 767
1405 768
1406 768
1407 767
1408 768
1409 767
1410 767
1411 768
1412 767
1413 766
1414 767
1415 767
1416 767
1417 766
1418 767
1419 767
1420 768
1421 768
1422 767
1423 767
1424 767
1425 766
1426 766
1427 766
1428 766
1429 2347
1430 3065
1431 3372
1432 3506
1433 3564
1434 3592
1435 3606
1436 3609
1437 3611
1438 3614
1439 3615
1440 3615
1441 3615
1442 3619
1443 3618
1444 3619
1445 3618
1446 3620
1447 3620
1448 3620
1449 3621
1450 3621
1451 3621
1452 3622
1453 3621
1454 3622
1455 3623
1456 3623
1457 3623
1458 3623
1459 3624
1460 3624
1461 3625
1462 3625
1463 3626
1464 3625
1465 3625
1466 3626
1467 3626
1468 3626
1469 3627
1470 3627
1471 3628
1472 3627
1473 3627
1474 3627
1475 3628
1476 3628
1477 3626
1478 3627
1479 3627
1480 3626
1481 3626
1482 3626
1483 3628
1484 3627
1485 3627
1486 3627
1487 3627
1488 3627
1489 3627
1490 3627
1491 3628
1492 3627
1493 3627
1494 3627
1495 3624
1496 3624
1497 3625
1498 3625
1499 3624
1500 3624
1501 3623
1502 3625
1503 3625
1504 3624
1505 3624
1506 3624
1507 3624
1508 3626
1509 3625
1510 3627
1511 3625
1512 3626
1513 3624
1514 3625
1515 3623
1516 3625
1517 3624
1518 3625
1519 3625
1520 3625
1521 3625
1522 3625
1523 3624
1524 3491
1525 1910
1526 1249
1527 974
1528 860
1529 814
1530 792
1531 783
1532 779
1533 776
1534 776
1535 775
1536 775
1537 773
1538 773
1539 771
1540 772
1541 772
1542 772
1543 772
1544 773
1545 772
1546 771
1547 771
1548 771
1549 772
1550 771
1551 771
1552 770
1553 771
1554 770
1555 769
1556 769
1557 769
1558 770
1559 769
1560 770
1561 769
1562 769
1563 769
1564 768
1565 769
1566 768
1567 768
1568 769
1569 768
1570 767
1571 767
1572 768
1573 769
1574 768
1575 768
1576 768
1577 768
1578 767
1579 768
1580 767
1581 767
1582 767
1583 768
1584 769
1585 768
1586 768
1587 769
1588 768
1589 767
1590 767
1591 768
1592 767
1593 767
1594 767
1595 768
1596 767
1597 766
1598 765
1599 766
1600 767
1601 767
1602 767
1603 767
1604 766
1605 768
1606 767
1607 767
1608 766
1609 767
1610 768
1611 768
1612 767
1613 767
1614 766
1615 766
1616 767
1617 767
1618 767
1619 767
1620 2500
1621 3131
1622 3398
1623 3519
1624 3570
1625 3595
1626 3605
1627 3611
1628 3613
1629 3617
1630 3615
1631 3617
1632 3618
1633 3618
1634 3619
1635 3619
1636 3620
1637 3621
1638 3621
1639 3620
1640 3620
1641 3621
1642 3619
1643 3621
1644 3623
1645 3623
1646 3623
1647 3623
1648 3623
1649 3623
1650 3624
1651 3624
1652 3625
1653 3624
1654 3626
1655 3626
1656 3625
1657 3626
1658 3627
1659 3626
1660 3626
1661 3626
1662 3627
1663 3625
1664 3627
1665 3626
1666 3627
1667 3627
1668 3627
1669 3626
1670 3626
1671 3626
1672 3626
1673 3626
1674 3626
1675 3625
1676 3626
1677 3625
1678 3624
1679 3624
1680 3625
1681 3626
1682 3625
1683 3624
1684 3624
1685 3625
1686 3624
1687 3625
1688 3624
1689 3624
1690 3624
1691 3625
1692 3624
1693 3624
1694 3623
1695 3625
1696 3624
1697 3626
1698 3624
1699 3626
1700 3625
1701 3625
1702 3625
1703 3626
1704 3627
1705 3626
1706 3626
1707 3627
1708 3626
1709 3626
1710 3626
1711 3627
1712 3627
1713 3626
1714 3626
1715 3483
1716 1912
1717 1251
1718 974
1719 860
1720 814
1721 792
1722 783
1723 779
1724 778
1725 775
1726 775
1727 774
1728 774
1729 772
1730 772
1731 772
1732 772
1733 772
1734 771
1735 772
1736 770
1737 771
1738 771
1739 770
1740 771
1741 771
1742 770
1743 770
1744 770
1745 770
1746 769
1747 769
1748 769
1749 769
1750 769
1751 770
1752 770
1753 770
1754 769
1755 769
1756 768
1757 767
1758 768
1759 768
1760 769
1761 767
1762 767
1763 767
1764 767
1765 767
1766 768
1767 768
1768 769
1769 768
1770 767
1771 769
1772 769
1773 768
1774 769
1775 768
1776 767
1777 767
1778 767
1779 768
1780 768
1781 768
1782 768
1783 768
1784 768
1785 767
1786 768
1787 768
1788 767
1789 767
1790 767
1791 768
1792 767
1793 766
1794 767
1795 768
1796 768
1797 768
1798 767
1799 768
1800 767
1801 767
1802 766
1803 767
1804 767
1805 767
1806 767
1807 768
1808 768
1809 766
1810 767
1811 2521
1812 3136
1813 3401
1814 3520
1815 3570
1816 3593
1817 3606
1818 3610
1819 3613
1820 3613
1821 3615
1822 3614
1823 3618
1824 3617
1825 3618
1826 3619
1827 3620
1828 3619
1829 3621
1830 3620
1831 3621
1832 3621
1833 3621
1834 3622
1835 3622
1836 3623
1837 3623
1838 3623
1839 3626
1840 3624
1841 3626
1842 3625
1843 3626
1844 3626
1845 3632
1846 3628
1847 3628
1848 3628
1849 3628
1850 3629
1851 3630
1852 3630
1853 3631
1854 3631
1855 3624
1856 3627
1857 3629
1858 3631
1859 3630
1860 3630
1861 3628
1862 3628
1863 3627
1864 3628
1865 3627
1866 3627
1867 3626
1868 3626
1869 3625
1870 3625
1871 3623
1872 3624
1873 3623
1874 3625
1875 3625
1876 3624
1877 3623
1878 3623
1879 3622
1880 3623
1881 3623
1882 3625
1883 3626
1884 3628
1885 3626
1886 3626
1887 3624
1888 3625
1889 3625
1890 3625
1891 3626
1892 3626
1893 3627
1894 3626
1895 3626
1896 3626
1897 3627
1898 3626
1899 3628
1900 3626
1901 3628
1902 3627
1903 3628
1904 3627
1905 3627
1906 3484
1907 1913
1908 1251
1909 974
1910 861
1911 815
1912 793
1913 783
1914 778
1915 776
1916 775
1917 775
1918 775
1919 773
1920 772
1921 772
1922 772
1923 772
1924 771
1925 771
1926 772
1927 771
1928 771
1929 771
1930 771
1931 771
1932 771
1933 771
1934 770
1935 770
1936 768
1937 770
1938 770
1939 770
1940 770
1941 770
1942 770
1943 768
1944 769
1945 769
1946 769
1947 769
1948 769
1949 769
1950 768
1951 767
1952 767
1953 767
1954 767
1955 768
1956 768
1957 767
1958 767
1959 768
1960 768
1961 768
1962 768
1963 767
1964 767
1965 767
1966 768
1967 767
1968 768
1969 768
1970 768
1971 768
1972 769
1973 767
1974 767
1975 768
1976 768
1977 768
1978 768
1979 768
1980 768
1981 767
1982 767
1983 766
1984 767
1985 767
1986 767
1987 767
1988 767
1989 768
1990 767
1991 768
1992 767
1993 768
1994 767
1995 766
1996 768
1997 768
1998 768
1999 768
2000 768
2001 767
2002 2526
2003 3141
2004 3403
2005 3520
2006 3570
2007 3593
2008 3606
2009 3608
2010 3612
2011 3613
2012 3615
2013 3614
2014 3618
2015 3618
2016 3618
2017 3618
2018 3618
2019 3617
2020 3619
2021 3619
2022 3620
2023 3621
2024 3621
2025 3622
2026 3622
2027 3621
2028 3622
2029 3621
2030 3622
2031 3623
2032 3624
2033 3625
2034 3626
2035 3626
2036 3627
2037 3626
2038 3626
2039 3626
2040 3626
2041 3626
2042 3625
2043 3627
2044 3626
2045 3627
2046 3627
2047 3628
