1 823
2 795
3 783
4 779
5 776
6 774
7 774
8 772
9 772
10 771
11 772
12 771
13 770
14 771
15 771
16 769
17 770
18 769
19 769
20 769
21 770
22 769
23 768
24 769
25 769
26 768
27 769
28 769
29 768
30 768
31 768
32 768
33 767
34 766
35 768
36 767
37 768
38 767
39 767
40 767
41 766
42 766
43 767
44 767
45 766
46 766
47 767
48 765
49 767
50 766
51 765
52 767
53 767
54 766
55 766
56 767
57 765
58 767
59 765
60 767
61 766
62 767
63 765
64 766
65 765
66 765
67 766
68 767
69 766
70 766
71 766
72 767
73 766
74 766
75 765
76 766
77 766
78 766
79 767
80 765
81 766
82 767
83 766
84 766
85 766
86 765
87 766
88 766
89 765
90 765
91 765
92 900
93 2539
94 3224
95 3519
96 3648
97 3704
98 3732
99 3741
100 3747
101 3750
102 3752
103 3752
104 3755
105 3753
106 3755
107 3755
108 3755
109 3755
110 3756
111 3756
112 3757
113 3758
114 3758
115 3756
116 3757
117 3759
118 3759
119 3759
120 3760
121 3760
122 3760
123 3761
124 3760
125 3762
126 3760
127 3763
128 3763
129 3763
130 3763
131 3764
132 3762
133 3763
134 3763
135 3764
136 3762
137 3763
138 3762
139 3763
140 3763
141 3763
142 3762
143 3763
144 3763
145 3762
146 3760
147 3763
148 3762
149 3762
150 3761
151 3761
152 3761
153 3761
154 3760
155 3760
156 3760
157 3760
158 3760
159 3760
160 3761
161 3761
162 3762
163 3761
164 3762
165 3762
166 3762
167 3763
168 3763
169 3762
170 3763
171 3764
172 3763
173 3764
174 3764
175 3761
176 3763
177 3763
178 3765
179 3763
180 3763
181 3764
182 3763
183 3763
184 3763
185 3763
186 3764
187 3764
188 1962
189 1270
190 982
191 864
192 815
193 794
194 782
195 779
196 775
197 774
198 774
199 772
200 772
201 771
202 771
203 770
204 770
205 770
206 771
207 771
208 770
209 770
210 769
211 769
212 769
213 768
214 769
215 768
216 770
217 770
218 769
219 768
220 768
221 767
222 768
223 768
224 768
225 768
226 768
227 767
228 767
229 767
230 767
231 768
232 767
233 766
234 767
235 767
236 765
237 766
238 767
239 767
240 765
241 767
242 766
243 767
244 767
245 767
246 767
247 768
248 767
249 768
250 767
251 768
252 766
253 766
254 767
255 767
256 768
257 768
258 767
259 766
260 765
261 767
262 765
263 766
264 767
265 767
266 766
267 764
268 765
269 766
270 766
271 765
272 765
273 765
274 766
275 765
276 764
277 765
278 764
279 765
280 766
281 767
282 766
283 915
284 2534
285 3221
286 3518
287 3648
288 3704
289 3730
290 3740
291 3749
292 3750
293 3752
294 3752
295 3755
296 3754
297 3756
298 3756
299 3756
300 3756
301 3756
302 3757
303 3758
304 3758
305 3759
306 3760
307 3760
308 3761
309 3760
310 3760
311 3760
312 3762
313 3762
314 3762
315 3761
316 3762
317 3763
318 3763
319 3762
320 3763
321 3762
322 3763
323 3762
324 3764
325 3765
326 3765
327 3764
328 3764
329 3764
330 3763
331 3764
332 3765
333 3763
334 3764
335 3764
336 3764
337 3763
338 3764
339 3764
340 3763
341 3763
342 3763
343 3763
344 3762
345 3764
346 3764
347 3764
348 3763
349 3763
350 3761
351 3763
352 3761
353 3764
354 3763
355 3764
356 3762
357 3764
358 3763
359 3764
360 3764
361 3765
362 3763
363 3763
364 3763
365 3763
366 3763
367 3764
368 3764
369 3765
370 3765
371 3765
372 3764
373 3765
374 3764
375 3763
376 3764
377 3764
378 3764
379 1906
380 1248
381 971
382 860
383 813
384 792
385 782
386 778
387 777
388 775
389 774
390 774
391 772
392 771
393 771
394 771
395 772
396 771
397 770
398 769
399 769
400 771
401 771
402 770
403 769
404 768
405 770
406 769
407 770
408 769
409 768
410 769
411 768
412 768
413 769
414 769
415 768
416 768
417 768
418 768
419 767
420 767
421 766
422 767
423 767
424 767
425 767
426 767
427 766
428 767
429 766
430 766
431 766
432 767
433 767
434 766
435 766
436 767
437 766
438 767
439 766
440 766
441 767
442 767
443 767
444 766
445 766
446 766
447 766
448 765
449 767
450 766
451 766
452 766
453 767
454 767
455 766
456 766
457 766
458 766
459 766
460 766
461 766
462 765
463 765
464 765
465 765
466 765
467 765
468 765
469 766
470 765
471 765
472 765
473 766
474 917
475 2532
476 3223
477 3518
478 3648
479 3704
480 3730
481 3741
482 3747
483 3749
484 3753
485 3752
486 3754
487 3754
488 3754
489 3756
490 3755
491 3755
492 3755
493 3756
494 3756
495 3756
496 3757
497 3757
498 3758
499 3760
500 3757
501 3760
502 3760
503 3760
504 3760
505 3760
506 3760
507 3762
508 3760
509 3762
510 3761
511 3762
512 3761
513 3763
514 3762
515 3761
516 3761
517 3763
518 3762
519 3764
520 3763
521 3762
522 3762
523 3764
524 3763
525 3762
526 3762
527 3762
528 3764
529 3762
530 3763
531 3763
532 3762
533 3762
534 3762
535 3759
536 3761
537 3761
538 3763
539 3762
540 3761
541 3760
542 3761
543 3762
544 3763
545 3760
546 3761
547 3762
548 3763
549 3763
550 3762
551 3763
552 3763
553 3763
554 3764
555 3763
556 3762
557 3764
558 3764
559 3763
560 3763
561 3762
562 3763
563 3763
564 3764
565 3762
566 3762
567 3763
568 3762
569 3763
570 1895
571 1241
572 971
573 859
574 814
575 792
576 783
577 778
578 776
579 775
580 775
581 773
582 773
583 772
584 772
585 773
586 772
587 771
588 771
589 771
590 771
591 770
592 770
593 771
594 770
595 770
596 771
597 770
598 770
599 770
600 770
601 769
602 770
603 768
604 768
605 769
606 769
607 768
608 768
609 768
610 767
611 767
612 767
613 768
614 767
615 767
616 768
617 767
618 767
619 767
620 767
621 767
622 767
623 767
624 767
625 765
626 767
627 766
628 766
629 767
630 767
631 767
632 767
633 766
634 767
635 765
636 766
637 765
638 766
639 766
640 766
641 766
642 766
643 767
644 767
645 767
646 768
647 768
648 767
649 766
650 765
651 766
652 765
653 765
654 765
655 767
656 765
657 766
658 766
659 764
660 766
661 765
662 766
663 765
664 765
665 919
666 2533
667 3221
668 3517
669 3647
670 3703
671 3730
672 3741
673 3746
674 3750
675 3752
676 3754
677 3755
678 3755
679 3754
680 3755
681 3754
682 3756
683 3756
684 3756
685 3757
686 3758
687 3756
688 3759
689 3759
690 3759
691 3759
692 3761
693 3760
694 3761
695 3760
696 3761
697 3761
698 3761
699 3763
700 3762
701 3763
702 3763
703 3763
704 3763
705 3763
706 3764
707 3763
708 3764
709 3764
710 3765
711 3765
712 3764
713 3764
714 3764
715 3764
716 3763
717 3763
718 3763
719 3764
720 3763
721 3763
722 3763
723 3763
724 3762
725 3763
726 3763
727 3761
728 3762
729 3762
730 3761
731 3762
732 3760
733 3760
734 3761
735 3762
736 3761
737 3762
738 3760
739 3762
740 3762
741 3761
742 3762
743 3763
744 3764
745 3763
746 3763
747 3764
748 3763
749 3763
750 3763
751 3763
752 3764
753 3764
754 3764
755 3764
756 3765
757 3763
758 3766
759 3764
760 3764
761 1890
762 1240
763 971
764 858
765 813
766 792
767 782
768 779
769 777
770 775
771 774
772 773
773 772
774 772
775 771
776 771
777 771
778 771
779 770
780 771
781 770
782 768
783 770
784 771
785 770
786 770
787 770
788 769
789 768
790 770
791 768
792 768
793 770
794 768
795 769
796 768
797 768
798 768
799 768
800 767
801 767
802 767
803 767
804 767
805 765
806 767
807 766
808 766
809 768
810 767
811 767
812 766
813 768
814 766
815 767
816 768
817 767
818 766
819 767
820 767
821 767
822 767
823 767
824 766
825 766
826 766
827 766
828 766
829 767
830 766
831 767
832 767
833 767
834 765
835 767
836 766
837 767
838 764
839 765
840 766
841 766
842 766
843 765
844 767
845 766
846 765
847 765
848 765
849 766
850 767
851 766
852 766
853 766
854 765
855 766
856 1214
857 2659
858 3272
859 3539
860 3657
861 3709
862 3731
863 3742
864 3747
865 3750
866 3750
867 3754
868 3753
869 3753
870 3755
871 3756
872 3755
873 3756
874 3756
875 3756
876 3758
877 3757
878 3756
879 3760
880 3759
881 3759
882 3759
883 3760
884 3759
885 3761
886 3761
887 3762
888 3761
889 3763
890 3768
891 3766
892 3765
893 3766
894 3763
895 3764
896 3764
897 3766
898 3767
899 3766
900 3760
901 3764
902 3765
903 3765
904 3765
905 3766
906 3765
907 3762
908 3763
909 3763
910 3763
911 3760
912 3763
913 3761
914 3762
915 3761
916 3762
917 3760
918 3762
919 3762
920 3762
921 3760
922 3760
923 3760
924 3760
925 3760
926 3760
927 3761
928 3762
929 3761
930 3761
931 3762
932 3762
933 3763
934 3762
935 3762
936 3762
937 3763
938 3763
939 3764
940 3763
941 3764
942 3764
943 3765
944 3763
945 3765
946 3763
947 3765
948 3763
949 3764
950 3765
951 3686
952 1950
953 1267
954 981
955 861
956 815
957 792
958 783
959 777
960 775
961 774
962 773
963 772
964 773
965 772
966 771
967 772
968 771
969 771
970 770
971 770
972 770
973 770
974 769
975 769
976 770
977 770
978 768
979 769
980 769
981 768
982 770
983 770
984 769
985 768
986 768
987 769
988 768
989 768
990 768
991 768
992 769
993 768
994 767
995 767
996 767
997 767
998 768
999 765
1000 767
1001 766
1002 768
1003 767
1004 767
1005 766
1006 766
1007 768
1008 768
1009 767
1010 767
1011 768
1012 768
1013 766
1014 766
1015 766
1016 766
1017 766
1018 767
1019 767
1020 766
1021 766
1022 766
1023 767
1024 766
1025 766
1026 766
1027 765
1028 766
1029 766
1030 767
1031 767
1032 766
1033 767
1034 766
1035 767
1036 766
1037 766
1038 766
1039 766
1040 766
1041 767
1042 766
1043 766
1044 765
1045 766
1046 765
1047 2400
1048 3165
1049 3492
1050 3637
1051 3700
1052 3727
1053 3739
1054 3747
1055 3749
1056 3752
1057 3752
1058 3754
1059 3754
1060 3755
1061 3753
1062 3755
1063 3755
1064 3755
1065 3756
1066 3756
1067 3756
1068 3758
1069 3756
1070 3759
1071 3759
1072 3759
1073 3760
1074 3760
1075 3760
1076 3760
1077 3761
1078 3761
1079 3761
1080 3763
1081 3764
1082 3762
1083 3764
1084 3763
1085 3763
1086 3763
1087 3764
1088 3764
1089 3765
1090 3764
1091 3764
1092 3764
1093 3764
1094 3764
1095 3766
1096 3765
1097 3766
1098 3765
1099 3765
1100 3763
1101 3765
1102 3765
1103 3766
1104 3765
1105 3765
1106 3764
1107 3765
1108 3765
1109 3765
1110 3764
1111 3763
1112 3763
1113 3762
1114 3763
1115 3762
1116 3763
1117 3763
1118 3763
1119 3763
1120 3764
1121 3763
1122 3764
1123 3763
1124 3763
1125 3762
1126 3763
1127 3763
1128 3764
1129 3764
1130 3764
1131 3763
1132 3763
1133 3762
1134 3763
1135 3761
1136 3763
1137 3763
1138 3763
1139 3764
1140 3764
1141 3763
1142 3626
1143 1969
1144 1272
1145 982
1146 862
1147 815
1148 792
1149 782
1150 779
1151 775
1152 775
1153 772
1154 773
1155 772
1156 773
1157 772
1158 772
1159 772
1160 771
1161 770
1162 770
1163 770
1164 771
1165 770
1166 770
1167 771
1168 769
1169 770
1170 769
1171 769
1172 769
1173 768
1174 769
1175 768
1176 769
1177 768
1178 768
1179 768
1180 768
1181 768
1182 768
1183 767
1184 766
1185 768
1186 767
1187 768
1188 767
1189 767
1190 768
1191 767
1192 766
1193 767
1194 767
1195 767
1196 767
1197 767
1198 767
1199 767
1200 767
1201 767
1202 767
1203 767
1204 766
1205 766
1206 767
1207 767
1208 768
1209 767
1210 767
1211 767
1212 767
1213 766
1214 766
1215 767
1216 766
1217 766
1218 767
1219 765
1220 766
1221 766
1222 767
1223 767
1224 767
1225 766
1226 766
1227 766
1228 767
1229 767
1230 766
1231 766
1232 765
1233 766
1234 766
1235 766
1236 766
1237 766
1238 2583
1239 3243
1240 3524
1241 3650
1242 3708
1243 3733
1244 3742
1245 3748
1246 3750
1247 3754
1248 3754
1249 3754
1250 3755
1251 3756
1252 3756
1253 3755
1254 3755
1255 3756
1256 3757
1257 3757
1258 3759
1259 3759
1260 3759
1261 3760
1262 3761
1263 3758
1264 3759
1265 3760
1266 3762
1267 3760
1268 3761
1269 3760
1270 3762
1271 3761
1272 3761
1273 3763
1274 3763
1275 3762
1276 3762
1277 3762
1278 3763
1279 3762
1280 3764
1281 3764
1282 3764
1283 3763
1284 3764
1285 3764
1286 3763
1287 3763
1288 3763
1289 3763
1290 3763
1291 3762
1292 3762
1293 3762
1294 3762
1295 3763
1296 3762
1297 3762
1298 3763
1299 3763
1300 3763
1301 3763
1302 3762
1303 3764
1304 3761
1305 3762
1306 3762
1307 3764
1308 3762
1309 3763
1310 3763
1311 3763
1312 3762
1313 3762
1314 3762
1315 3762
1316 3761
1317 3763
1318 3761
1319 3761
1320 3762
1321 3762
1322 3762
1323 3763
1324 3763
1325 3764
1326 3765
1327 3765
1328 3763
1329 3763
1330 3764
1331 3765
1332 3764
1333 3619
1334 1971
1335 1274
1336 984
1337 866
1338 815
1339 793
1340 783
1341 779
1342 776
1343 775
1344 773
1345 772
1346 773
1347 772
1348 772
1349 771
1350 772
1351 770
1352 771
1353 771
1354 770
1355 770
1356 770
1357 770
1358 770
1359 769
1360 769
1361 769
1362 770
1363 769
1364 769
1365 768
1366 769
1367 768
1368 768
1369 769
1370 769
1371 767
1372 767
1373 768
1374 769
1375 767
1376 767
1377 767
1378 765
1379 765
1380 767
1381 767
1382 767
1383 766
1384 766
1385 766
1386 767
1387 766
1388 766
1389 767
1390 767
1391 766
1392 766
1393 767
1394 768
1395 767
1396 766
1397 767
1398 766
1399 765
1400 766
1401 766
1402 767
1403 767
1404 767
1405 767
1406 766
1407 767
1408 765
1409 767
1410 765
1411 767
1412 767
1413 766
1414 767
1415 767
1416 767
1417 766
1418 766
1419 766
1420 766
1421 765
1422 765
1423 766
1424 765
1425 766
1426 765
1427 766
1428 765
1429 2610
1430 3253
1431 3528
1432 3654
1433 3706
1434 3732
1435 3742
1436 3750
1437 3751
1438 3754
1439 3754
1440 3754
1441 3755
1442 3756
1443 3758
1444 3758
1445 3759
1446 3758
1447 3760
1448 3757
1449 3760
1450 3760
1451 3759
1452 3759
1453 3762
1454 3761
1455 3761
1456 3760
1457 3761
1458 3761
1459 3763
1460 3762
1461 3762
1462 3762
1463 3763
1464 3762
1465 3763
1466 3762
1467 3762
1468 3763
1469 3763
1470 3762
1471 3763
1472 3763
1473 3762
1474 3763
1475 3762
1476 3763
1477 3763
1478 3762
1479 3763
1480 3763
1481 3762
1482 3763
1483 3762
1484 3763
1485 3763
1486 3764
1487 3763
1488 3764
1489 3764
1490 3764
1491 3763
1492 3764
1493 3764
1494 3764
1495 3764
1496 3764
1497 3764
1498 3764
1499 3763
1500 3763
1501 3763
1502 3763
1503 3762
1504 3763
1505 3763
1506 3763
1507 3764
1508 3762
1509 3764
1510 3763
1511 3763
1512 3762
1513 3763
1514 3763
1515 3763
1516 3765
1517 3764
1518 3763
1519 3763
1520 3762
1521 3764
1522 3764
1523 3765
1524 3617
1525 1971
1526 1276
1527 985
1528 864
1529 816
1530 793
1531 782
1532 778
1533 776
1534 775
1535 774
1536 773
1537 775
1538 771
1539 771
1540 771
1541 772
1542 771
1543 771
1544 771
1545 771
1546 770
1547 769
1548 770
1549 769
1550 770
1551 770
1552 771
1553 770
1554 769
1555 769
1556 770
1557 770
1558 770
1559 769
1560 767
1561 768
1562 766
1563 767
1564 767
1565 767
1566 766
1567 768
1568 769
1569 767
1570 767
1571 768
1572 769
1573 768
1574 768
1575 767
1576 767
1577 768
1578 768
1579 767
1580 767
1581 767
1582 765
1583 766
1584 767
1585 767
1586 767
1587 767
1588 767
1589 767
1590 767
1591 767
1592 767
1593 768
1594 766
1595 766
1596 766
1597 768
1598 767
1599 766
1600 766
1601 766
1602 765
1603 766
1604 765
1605 766
1606 765
1607 766
1608 766
1609 766
1610 766
1611 766
1612 766
1613 767
1614 765
1615 766
1616 767
1617 766
1618 765
1619 766
1620 2613
1621 3256
1622 3532
1623 3654
1624 3708
1625 3732
1626 3742
1627 3747
1628 3751
1629 3753
1630 3754
1631 3754
1632 3754
1633 3755
1634 3755
1635 3755
1636 3755
1637 3755
1638 3756
1639 3756
1640 3757
1641 3756
1642 3758
1643 3757
1644 3759
1645 3759
1646 3760
1647 3760
1648 3762
1649 3760
1650 3761
1651 3761
1652 3762
1653 3762
1654 3761
1655 3761
1656 3764
1657 3763
1658 3763
1659 3763
1660 3763
1661 3763
1662 3763
1663 3763
1664 3764
1665 3765
1666 3763
1667 3765
1668 3764
1669 3765
1670 3765
1671 3766
1672 3764
1673 3764
1674 3764
1675 3766
1676 3764
1677 3765
1678 3763
1679 3764
1680 3764
1681 3764
1682 3764
1683 3763
1684 3763
1685 3764
1686 3762
1687 3763
1688 3762
1689 3763
1690 3762
1691 3763
1692 3762
1693 3763
1694 3763
1695 3763
1696 3762
1697 3763
1698 3763
1699 3763
1700 3764
1701 3763
1702 3762
1703 3763
1704 3762
1705 3762
1706 3763
1707 3762
1708 3763
1709 3763
1710 3762
1711 3762
1712 3763
1713 3762
1714 3763
1715 3613
1716 1970
1717 1274
1718 983
1719 863
1720 815
1721 793
1722 782
1723 779
1724 776
1725 775
1726 774
1727 772
1728 772
1729 772
1730 770
1731 771
1732 771
1733 771
1734 770
1735 771
1736 770
1737 771
1738 770
1739 771
1740 770
1741 769
1742 769
1743 770
1744 769
1745 768
1746 769
1747 769
1748 768
1749 769
1750 770
1751 769
1752 768
1753 768
1754 767
1755 768
1756 767
1757 766
1758 767
1759 767
1760 766
1761 767
1762 766
1763 767
1764 766
1765 766
1766 767
1767 767
1768 767
1769 767
1770 768
1771 767
1772 767
1773 767
1774 766
1775 767
1776 767
1777 766
1778 767
1779 767
1780 767
1781 767
1782 766
1783 766
1784 767
1785 767
1786 766
1787 766
1788 765
1789 767
1790 767
1791 767
1792 767
1793 766
1794 766
1795 767
1796 767
1797 766
1798 765
1799 765
1800 766
1801 766
1802 767
1803 766
1804 766
1805 765
1806 765
1807 765
1808 765
1809 765
1810 765
1811 2610
1812 3253
1813 3529
1814 3650
1815 3706
1816 3731
1817 3743
1818 3747
1819 3751
1820 3751
1821 3752
1822 3753
1823 3754
1824 3754
1825 3755
1826 3755
1827 3756
1828 3757
1829 3758
1830 3756
1831 3757
1832 3757
1833 3757
1834 3759
1835 3759
1836 3760
1837 3761
1838 3760
1839 3761
1840 3761
1841 3761
1842 3760
1843 3761
1844 3761
1845 3768
1846 3765
1847 3764
1848 3764
1849 3764
1850 3766
1851 3766
1852 3766
1853 3765
1854 3762
1855 3764
1856 3766
1857 3766
1858 3766
1859 3766
1860 3766
1861 3764
1862 3763
1863 3763
1864 3764
1865 3763
1866 3763
1867 3762
1868 3762
1869 3761
1870 3761
1871 3761
1872 3762
1873 3761
1874 3761
1875 3760
1876 3760
1877 3761
1878 3761
1879 3760
1880 3762
1881 3761
1882 3760
1883 3761
1884 3762
1885 3763
1886 3761
1887 3760
1888 3760
1889 3762
1890 3761
1891 3763
1892 3762
1893 3764
1894 3763
1895 3764
1896 3764
1897 3765
1898 3763
1899 3766
1900 3764
1901 3765
1902 3763
1903 3765
1904 3764
1905 3765
1906 2576
1907 1527
1908 1089
1909 908
1910 832
1911 802
1912 787
1913 779
1914 777
1915 775
1916 773
1917 773
1918 773
1919 772
1920 771
1921 771
1922 772
1923 771
1924 771
1925 771
1926 770
1927 770
1928 771
1929 770
1930 770
1931 770
1932 769
1933 770
1934 770
1935 768
1936 768
1937 768
1938 769
1939 769
1940 768
1941 768
1942 768
1943 769
1944 768
1945 767
1946 767
1947 767
1948 767
1949 768
1950 766
1951 766
1952 767
1953 767
1954 767
1955 767
1956 767
1957 767
1958 768
1959 766
1960 766
1961 766
1962 767
1963 767
1964 768
1965 766
1966 767
1967 766
1968 767
1969 767
1970 766
1971 766
1972 767
1973 766
1974 765
1975 765
1976 766
1977 766
1978 767
1979 767
1980 767
1981 767
1982 767
1983 766
1984 768
1985 767
1986 766
1987 766
1988 767
1989 767
1990 767
1991 767
1992 767
1993 765
1994 765
1995 765
1996 766
1997 766
1998 766
1999 766
2000 766
2001 889
2002 2544
2003 3222
2004 3518
2005 3648
2006 3704
2007 3728
2008 3741
2009 3747
2010 3751
2011 3752
2012 3753
2013 3754
2014 3755
2015 3753
2016 3755
2017 3755
2018 3756
2019 3755
2020 3756
2021 3756
2022 3757
2023 3756
2024 3759
2025 3757
2026 3759
2027 3759
2028 3759
2029 3760
2030 3761
2031 3761
2032 3760
2033 3762
2034 3760
2035 3761
2036 3761
2037 3762
2038 3762
2039 3764
2040 3763
2041 3762
2042 3763
2043 3763
2044 3762
2045 3763
2046 3763
2047 3763
