1 1370
2 1369
3 1372
4 1372
5 1372
6 1371
7 1372
8 1372
9 1372
10 1372
11 1372
12 1373
13 1372
14 1371
15 1373
16 1372
17 1372
18 1372
19 1371
20 1372
21 1372
22 1372
23 1372
24 1371
25 1372
26 1371
27 1372
28 1372
29 1372
30 1372
31 1373
32 1372
33 1371
34 1372
35 1371
36 1372
37 1372
38 1372
39 1372
40 1341
41 1003
42 868
43 814
44 789
45 780
46 776
47 773
48 773
49 773
50 773
51 772
52 771
53 772
54 772
55 771
56 772
57 772
58 773
59 772
60 772
61 771
62 772
63 772
64 772
65 771
66 771
67 771
68 771
69 772
70 771
71 771
72 771
73 771
74 771
75 770
76 771
77 770
78 771
79 771
80 771
81 772
82 771
83 770
84 771
85 770
86 771
87 771
88 770
89 771
90 770
91 771
92 771
93 770
94 771
95 770
96 770
97 770
98 770
99 771
100 771
101 770
102 770
103 770
104 770
105 770
106 770
107 770
108 770
109 770
110 770
111 769
112 770
113 770
114 771
115 770
116 771
117 770
118 770
119 770
120 771
121 770
122 770
123 771
124 769
125 770
126 769
127 770
128 770
129 771
130 771
131 770
132 771
133 771
134 770
135 771
136 1149
137 1275
138 1330
139 1351
140 1360
141 1367
142 1368
143 1370
144 1369
145 1370
146 1370
147 1370
148 1371
149 1372
150 1371
151 1371
152 1371
153 1371
154 1370
155 1371
156 1370
157 1371
158 1371
159 1371
160 1371
161 1373
162 1371
163 1371
164 1372
165 1371
166 1372
167 1371
168 1371
169 1371
170 1371
171 1373
172 1372
173 1372
174 1371
175 1372
176 1372
177 1372
178 1371
179 1372
180 1372
181 1373
182 1372
183 1372
184 1372
185 1372
186 1372
187 1371
188 1372
189 1371
190 1371
191 1372
192 1372
193 1372
194 1372
195 1372
196 1372
197 1372
198 1372
199 1371
200 1372
201 1372
202 1371
203 1372
204 1372
205 1372
206 1372
207 1372
208 1372
209 1372
210 1372
211 1371
212 1371
213 1372
214 1372
215 1371
216 1372
217 1371
218 1372
219 1372
220 1372
221 1371
222 1371
223 1371
224 1372
225 1373
226 1372
227 1371
228 1371
229 1372
230 1372
231 1340
232 1004
233 868
234 814
235 790
236 779
237 775
238 774
239 773
240 773
241 772
242 772
243 773
244 772
245 772
246 771
247 771
248 772
249 772
250 771
251 772
252 771
253 772
254 771
255 771
256 771
257 771
258 771
259 771
260 771
261 772
262 771
263 771
264 771
265 771
266 771
267 771
268 770
269 771
270 771
271 771
272 771
273 770
274 769
275 771
276 770
277 770
278 771
279 771
280 770
281 772
282 771
283 770
284 770
285 770
286 770
287 770
288 771
289 770
290 771
291 772
292 771
293 771
294 771
295 770
296 771
297 771
298 770
299 771
300 771
301 771
302 771
303 771
304 770
305 771
306 771
307 771
308 771
309 771
310 771
311 771
312 771
313 770
314 771
315 771
316 771
317 770
318 771
319 770
320 771
321 770
322 771
323 770
324 771
325 771
326 771
327 1151
328 1276
329 1331
330 1353
331 1360
332 1366
333 1368
334 1368
335 1369
336 1371
337 1371
338 1370
339 1371
340 1371
341 1369
342 1370
343 1371
344 1371
345 1370
346 1371
347 1371
348 1371
349 1371
350 1372
351 1371
352 1371
353 1371
354 1371
355 1372
356 1371
357 1371
358 1372
359 1371
360 1372
361 1371
362 1371
363 1371
364 1371
365 1371
366 1372
367 1371
368 1371
369 1372
370 1372
371 1372
372 1372
373 1371
374 1372
375 1371
376 1373
377 1372
378 1372
379 1372
380 1372
381 1372
382 1372
383 1372
384 1371
385 1371
386 1372
387 1372
388 1372
389 1372
390 1372
391 1371
392 1372
393 1372
394 1371
395 1371
396 1372
397 1372
398 1372
399 1372
400 1372
401 1372
402 1372
403 1373
404 1373
405 1372
406 1372
407 1372
408 1372
409 1372
410 1372
411 1372
412 1372
413 1372
414 1372
415 1371
416 1371
417 1371
418 1372
419 1372
420 1372
421 1371
422 1280
423 980
424 857
425 810
426 789
427 779
428 775
429 773
430 774
431 774
432 773
433 773
434 773
435 772
436 772
437 771
438 772
439 772
440 771
441 771
442 772
443 772
444 772
445 772
446 772
447 771
448 771
449 771
450 771
451 771
452 771
453 771
454 771
455 771
456 771
457 771
458 771
459 771
460 771
461 770
462 770
463 771
464 771
465 770
466 771
467 772
468 771
469 771
470 770
471 771
472 771
473 771
474 771
475 771
476 770
477 771
478 771
479 771
480 770
481 772
482 772
483 771
484 770
485 771
486 770
487 771
488 771
489 771
490 771
491 772
492 772
493 771
494 771
495 771
496 770
497 771
498 771
499 771
500 771
501 771
502 770
503 771
504 770
505 771
506 771
507 770
508 771
509 771
510 771
511 771
512 770
513 771
514 771
515 771
516 770
517 787
518 1139
519 1272
520 1329
521 1351
522 1362
523 1365
524 1368
525 1369
526 1371
527 1371
528 1370
529 1371
530 1370
531 1371
532 1370
533 1371
534 1370
535 1371
536 1371
537 1371
538 1371
539 1370
540 1371
541 1371
542 1371
543 1371
544 1371
545 1371
546 1371
547 1371
548 1371
549 1371
550 1372
551 1372
552 1372
553 1371
554 1372
555 1372
556 1372
557 1371
558 1372
559 1372
560 1371
561 1372
562 1371
563 1372
564 1371
565 1372
566 1372
567 1372
568 1372
569 1372
570 1372
571 1371
572 1373
573 1373
574 1372
575 1372
576 1372
577 1370
578 1371
579 1372
580 1373
581 1371
582 1371
583 1372
584 1371
585 1372
586 1371
587 1371
588 1372
589 1372
590 1372
591 1372
592 1374
593 1372
594 1372
595 1372
596 1372
597 1372
598 1371
599 1371
600 1372
601 1372
602 1371
603 1371
604 1371
605 1372
606 1371
607 1372
608 1372
609 1372
610 1372
611 1372
612 1374
613 1042
614 884
615 820
616 792
617 780
618 776
619 774
620 774
621 773
622 773
623 772
624 772
625 772
626 772
627 772
628 772
629 772
630 772
631 772
632 771
633 771
634 771
635 772
636 772
637 772
638 770
639 772
640 771
641 771
642 772
643 771
644 771
645 772
646 771
647 771
648 771
649 770
650 771
651 771
652 770
653 771
654 770
655 770
656 771
657 771
658 770
659 770
660 770
661 770
662 771
663 771
664 771
665 771
666 769
667 771
668 771
669 770
670 771
671 771
672 771
673 770
674 771
675 770
676 771
677 771
678 770
679 771
680 771
681 771
682 771
683 771
684 771
685 770
686 771
687 770
688 771
689 770
690 771
691 770
692 770
693 771
694 771
695 770
696 770
697 771
698 771
699 771
700 771
701 771
702 771
703 770
704 771
705 771
706 771
707 771
708 803
709 1136
710 1270
711 1328
712 1350
713 1361
714 1367
715 1368
716 1369
717 1370
718 1370
719 1369
720 1371
721 1370
722 1372
723 1371
724 1370
725 1371
726 1371
727 1370
728 1371
729 1371
730 1371
731 1371
732 1372
733 1372
734 1371
735 1371
736 1370
737 1371
738 1370
739 1372
740 1371
741 1371
742 1372
743 1372
744 1372
745 1372
746 1372
747 1372
748 1372
749 1371
750 1371
751 1372
752 1372
753 1372
754 1372
755 1372
756 1373
757 1372
758 1372
759 1372
760 1372
761 1372
762 1372
763 1372
764 1373
765 1372
766 1372
767 1372
768 1372
769 1372
770 1373
771 1372
772 1372
773 1372
774 1371
775 1373
776 1372
777 1372
778 1372
779 1372
780 1371
781 1371
782 1372
783 1371
784 1371
785 1373
786 1373
787 1372
788 1372
789 1372
790 1372
791 1371
792 1372
793 1372
794 1372
795 1372
796 1372
797 1372
798 1372
799 1372
800 1372
801 1372
802 1372
803 1372
804 998
805 866
806 812
807 789
808 780
809 776
810 774
811 773
812 773
813 773
814 772
815 772
816 773
817 772
818 772
819 772
820 772
821 772
822 772
823 771
824 771
825 771
826 772
827 772
828 771
829 771
830 771
831 770
832 770
833 772
834 771
835 771
836 771
837 771
838 771
839 770
840 770
841 771
842 771
843 771
844 770
845 771
846 771
847 772
848 771
849 770
850 771
851 770
852 770
853 770
854 770
855 771
856 771
857 771
858 771
859 771
860 771
861 770
862 772
863 771
864 771
865 771
866 771
867 771
868 770
869 770
870 771
871 771
872 770
873 771
874 770
875 770
876 771
877 770
878 771
879 770
880 771
881 770
882 770
883 770
884 771
885 771
886 771
887 772
888 771
889 771
890 771
891 776
892 774
893 772
894 770
895 770
896 770
897 771
898 771
899 804
900 1134
901 1265
902 1324
903 1349
904 1360
905 1367
906 1368
907 1369
908 1370
909 1370
910 1369
911 1371
912 1371
913 1372
914 1371
915 1371
916 1371
917 1371
918 1372
919 1371
920 1370
921 1371
922 1371
923 1370
924 1370
925 1371
926 1372
927 1371
928 1371
929 1371
930 1371
931 1370
932 1372
933 1372
934 1372
935 1372
936 1371
937 1371
938 1371
939 1371
940 1371
941 1372
942 1371
943 1373
944 1372
945 1372
946 1373
947 1372
948 1371
949 1371
950 1371
951 1372
952 1372
953 1372
954 1372
955 1371
956 1371
957 1372
958 1372
959 1373
960 1372
961 1372
962 1372
963 1372
964 1372
965 1371
966 1371
967 1372
968 1373
969 1371
970 1372
971 1372
972 1372
973 1372
974 1372
975 1372
976 1372
977 1372
978 1372
979 1372
980 1372
981 1372
982 1371
983 1372
984 1373
985 1372
986 1372
987 1372
988 1372
989 1373
990 1372
991 1372
992 1372
993 1371
994 1371
995 988
996 862
997 812
998 789
999 781
1000 775
1001 775
1002 774
1003 773
1004 773
1005 773
1006 772
1007 773
1008 773
1009 773
1010 772
1011 772
1012 771
1013 771
1014 771
1015 770
1016 771
1017 771
1018 771
1019 771
1020 772
1021 771
1022 770
1023 771
1024 771
1025 771
1026 771
1027 771
1028 771
1029 770
1030 770
1031 771
1032 770
1033 771
1034 771
1035 772
1036 771
1037 769
1038 771
1039 770
1040 770
1041 770
1042 771
1043 770
1044 770
1045 771
1046 771
1047 771
1048 771
1049 770
1050 770
1051 770
1052 770
1053 770
1054 771
1055 770
1056 771
1057 771
1058 771
1059 771
1060 771
1061 771
1062 771
1063 771
1064 771
1065 770
1066 771
1067 771
1068 770
1069 771
1070 770
1071 771
1072 771
1073 771
1074 771
1075 770
1076 770
1077 771
1078 771
1079 770
1080 771
1081 770
1082 770
1083 771
1084 770
1085 770
1086 770
1087 770
1088 770
1089 771
1090 805
1091 1132
1092 1269
1093 1328
1094 1351
1095 1360
1096 1366
1097 1368
1098 1370
1099 1370
1100 1371
1101 1370
1102 1371
1103 1371
1104 1371
1105 1370
1106 1371
1107 1371
1108 1372
1109 1372
1110 1372
1111 1371
1112 1371
1113 1370
1114 1370
1115 1371
1116 1371
1117 1371
1118 1371
1119 1371
1120 1371
1121 1372
1122 1373
1123 1371
1124 1371
1125 1371
1126 1371
1127 1371
1128 1371
1129 1371
1130 1372
1131 1371
1132 1372
1133 1371
1134 1371
1135 1371
1136 1372
1137 1373
1138 1371
1139 1371
1140 1372
1141 1372
1142 1372
1143 1371
1144 1372
1145 1371
1146 1371
1147 1371
1148 1372
1149 1372
1150 1371
1151 1371
1152 1372
1153 1371
1154 1372
1155 1372
1156 1372
1157 1371
1158 1372
1159 1371
1160 1372
1161 1372
1162 1372
1163 1372
1164 1371
1165 1372
1166 1371
1167 1372
1168 1372
1169 1372
1170 1372
1171 1372
1172 1372
1173 1372
1174 1372
1175 1371
1176 1372
1177 1372
1178 1372
1179 1372
1180 1372
1181 1371
1182 1372
1183 1373
1184 1372
1185 1372
1186 987
1187 860
1188 810
1189 789
1190 779
1191 775
1192 773
1193 773
1194 773
1195 772
1196 772
1197 771
1198 771
1199 771
1200 772
1201 772
1202 771
1203 771
1204 771
1205 771
1206 772
1207 772
1208 771
1209 771
1210 771
1211 771
1212 771
1213 772
1214 771
1215 770
1216 771
1217 771
1218 770
1219 770
1220 771
1221 770
1222 770
1223 771
1224 770
1225 771
1226 770
1227 770
1228 771
1229 771
1230 770
1231 771
1232 770
1233 770
1234 770
1235 770
1236 771
1237 771
1238 770
1239 770
1240 771
1241 771
1242 772
1243 771
1244 771
1245 771
1246 771
1247 771
1248 771
1249 771
1250 770
1251 771
1252 771
1253 771
1254 770
1255 770
1256 770
1257 770
1258 771
1259 771
1260 771
1261 771
1262 771
1263 771
1264 771
1265 770
1266 770
1267 770
1268 771
1269 770
1270 771
1271 770
1272 771
1273 770
1274 770
1275 771
1276 771
1277 770
1278 770
1279 770
1280 771
1281 805
1282 1133
1283 1269
1284 1328
1285 1351
1286 1361
1287 1366
1288 1368
1289 1369
1290 1370
1291 1369
1292 1369
1293 1370
1294 1371
1295 1370
1296 1371
1297 1370
1298 1369
1299 1369
1300 1371
1301 1371
1302 1371
1303 1371
1304 1370
1305 1371
1306 1371
1307 1371
1308 1371
1309 1371
1310 1371
1311 1371
1312 1371
1313 1371
1314 1370
1315 1370
1316 1371
1317 1371
1318 1370
1319 1371
1320 1371
1321 1372
1322 1372
1323 1371
1324 1372
1325 1372
1326 1372
1327 1372
1328 1373
1329 1372
1330 1372
1331 1372
1332 1372
1333 1371
1334 1371
1335 1372
1336 1371
1337 1371
1338 1372
1339 1371
1340 1371
1341 1372
1342 1372
1343 1372
1344 1372
1345 1372
1346 1372
1347 1371
1348 1371
1349 1371
1350 1371
1351 1372
1352 1372
1353 1373
1354 1372
1355 1371
1356 1372
1357 1373
1358 1372
1359 1372
1360 1373
1361 1372
1362 1371
1363 1372
1364 1373
1365 1373
1366 1372
1367 1372
1368 1372
1369 1371
1370 1372
1371 1372
1372 1371
1373 1372
1374 1372
1375 1371
1376 1371
1377 988
1378 861
1379 812
1380 788
1381 780
1382 775
1383 773
1384 773
1385 773
1386 771
1387 773
1388 771
1389 772
1390 771
1391 772
1392 772
1393 771
1394 771
1395 772
1396 771
1397 772
1398 771
1399 771
1400 771
1401 771
1402 771
1403 771
1404 771
1405 770
1406 771
1407 771
1408 771
1409 772
1410 771
1411 770
1412 771
1413 771
1414 771
1415 770
1416 771
1417 771
1418 772
1419 771
1420 771
1421 770
1422 771
1423 771
1424 770
1425 771
1426 771
1427 770
1428 771
1429 771
1430 770
1431 771
1432 771
1433 770
1434 771
1435 770
1436 770
1437 771
1438 771
1439 771
1440 771
1441 771
1442 771
1443 770
1444 771
1445 771
1446 770
1447 771
1448 771
1449 771
1450 770
1451 771
1452 771
1453 771
1454 771
1455 771
1456 771
1457 771
1458 771
1459 771
1460 769
1461 770
1462 771
1463 772
1464 771
1465 771
1466 771
1467 771
1468 769
1469 771
1470 770
1471 771
1472 983
1473 1209
1474 1301
1475 1342
1476 1357
1477 1364
1478 1367
1479 1368
1480 1370
1481 1370
1482 1370
1483 1371
1484 1371
1485 1370
1486 1371
1487 1371
1488 1371
1489 1371
1490 1372
1491 1371
1492 1371
1493 1371
1494 1372
1495 1372
1496 1371
1497 1371
1498 1371
1499 1372
1500 1371
1501 1372
1502 1372
1503 1371
1504 1372
1505 1371
1506 1372
1507 1371
1508 1372
1509 1372
1510 1372
1511 1372
1512 1372
1513 1372
1514 1372
1515 1372
1516 1372
1517 1372
1518 1372
1519 1372
1520 1372
1521 1372
1522 1372
1523 1371
1524 1372
1525 1372
1526 1371
1527 1372
1528 1372
1529 1371
1530 1371
1531 1372
1532 1372
1533 1372
1534 1372
1535 1372
1536 1371
1537 1371
1538 1372
1539 1372
1540 1372
1541 1371
1542 1372
1543 1372
1544 1372
1545 1372
1546 1372
1547 1372
1548 1372
1549 1372
1550 1371
1551 1371
1552 1372
1553 1372
1554 1372
1555 1372
1556 1371
1557 1372
1558 1371
1559 1372
1560 1372
1561 1371
1562 1372
1563 1372
1564 1372
1565 1372
1566 1372
1567 1346
1568 1002
1569 867
1570 814
1571 790
1572 780
1573 777
1574 774
1575 773
1576 773
1577 773
1578 772
1579 772
1580 773
1581 772
1582 771
1583 772
1584 772
1585 772
1586 772
1587 772
1588 772
1589 771
1590 771
1591 771
1592 771
1593 771
1594 771
1595 770
1596 771
1597 772
1598 771
1599 771
1600 771
1601 770
1602 771
1603 771
1604 770
1605 771
1606 771
1607 771
1608 771
1609 771
1610 770
1611 770
1612 770
1613 771
1614 772
1615 771
1616 771
1617 770
1618 771
1619 770
1620 771
1621 770
1622 770
1623 770
1624 771
1625 771
1626 771
1627 771
1628 771
1629 770
1630 771
1631 771
1632 771
1633 771
1634 770
1635 770
1636 771
1637 770
1638 771
1639 770
1640 770
1641 770
1642 771
1643 770
1644 769
1645 770
1646 771
1647 770
1648 771
1649 770
1650 771
1651 770
1652 771
1653 771
1654 771
1655 772
1656 771
1657 771
1658 771
1659 771
1660 771
1661 771
1662 770
1663 1123
1664 1265
1665 1327
1666 1349
1667 1360
1668 1365
1669 1370
1670 1369
1671 1369
1672 1370
1673 1370
1674 1369
1675 1369
1676 1370
1677 1371
1678 1372
1679 1371
1680 1370
1681 1371
1682 1371
1683 1371
1684 1372
1685 1372
1686 1370
1687 1371
1688 1372
1689 1370
1690 1371
1691 1372
1692 1371
1693 1371
1694 1371
1695 1372
1696 1372
1697 1371
1698 1372
1699 1372
1700 1371
1701 1372
1702 1372
1703 1372
1704 1371
1705 1372
1706 1372
1707 1371
1708 1372
1709 1372
1710 1371
1711 1371
1712 1372
1713 1371
1714 1372
1715 1372
1716 1372
1717 1371
1718 1371
1719 1372
1720 1372
1721 1372
1722 1372
1723 1373
1724 1371
1725 1371
1726 1372
1727 1372
1728 1372
1729 1372
1730 1371
1731 1371
1732 1372
1733 1371
1734 1372
1735 1371
1736 1371
1737 1372
1738 1372
1739 1371
1740 1372
1741 1372
1742 1372
1743 1371
1744 1372
1745 1371
1746 1371
1747 1371
1748 1372
1749 1372
1750 1373
1751 1372
1752 1372
1753 1372
1754 1373
1755 1372
1756 1372
1757 1372
1758 1342
1759 1003
1760 868
1761 814
1762 790
1763 780
1764 776
1765 773
1766 772
1767 772
1768 773
1769 772
1770 772
1771 771
1772 773
1773 771
1774 772
1775 770
1776 771
1777 771
1778 771
1779 771
1780 772
1781 772
1782 772
1783 772
1784 771
1785 772
1786 772
1787 771
1788 771
1789 771
1790 771
1791 771
1792 771
1793 771
1794 771
1795 770
1796 770
1797 770
1798 771
1799 771
1800 771
1801 771
1802 771
1803 770
1804 770
1805 771
1806 771
1807 770
1808 769
1809 770
1810 769
1811 770
1812 770
1813 771
1814 771
1815 771
1816 770
1817 770
1818 770
1819 771
1820 770
1821 769
1822 771
1823 771
1824 770
1825 771
1826 771
1827 771
1828 770
1829 770
1830 770
1831 770
1832 771
1833 771
1834 771
1835 770
1836 772
1837 771
1838 771
1839 771
1840 770
1841 770
1842 771
1843 769
1844 770
1845 771
1846 775
1847 772
1848 771
1849 770
1850 770
1851 770
1852 770
1853 771
1854 1145
1855 1269
1856 1328
1857 1351
1858 1360
1859 1365
1860 1368
1861 1368
1862 1369
1863 1370
1864 1371
1865 1370
1866 1372
1867 1371
1868 1370
1869 1371
1870 1371
1871 1372
1872 1371
1873 1370
1874 1371
1875 1371
1876 1371
1877 1370
1878 1371
1879 1371
1880 1371
1881 1370
1882 1370
1883 1371
1884 1371
1885 1372
1886 1371
1887 1371
1888 1372
1889 1372
1890 1371
1891 1372
1892 1373
1893 1372
1894 1371
1895 1372
1896 1372
1897 1371
1898 1371
1899 1371
1900 1371
1901 1372
1902 1371
1903 1371
1904 1371
1905 1371
1906 1372
1907 1372
1908 1371
1909 1372
1910 1372
1911 1371
1912 1373
1913 1371
1914 1372
1915 1372
1916 1372
1917 1372
1918 1372
1919 1373
1920 1372
1921 1372
1922 1371
1923 1371
1924 1371
1925 1372
1926 1372
1927 1372
1928 1371
1929 1371
1930 1372
1931 1372
1932 1374
1933 1372
1934 1371
1935 1371
1936 1371
1937 1372
1938 1373
1939 1371
1940 1371
1941 1372
1942 1372
1943 1372
1944 1372
1945 1371
1946 1372
1947 1372
1948 1372
1949 1340
1950 1003
1951 868
1952 813
1953 788
1954 780
1955 775
1956 773
1957 774
1958 773
1959 773
1960 772
1961 772
1962 772
1963 771
1964 772
1965 772
1966 772
1967 771
1968 771
1969 772
1970 771
1971 772
1972 771
1973 771
1974 771
1975 771
1976 770
1977 771
1978 771
1979 771
1980 771
1981 771
1982 770
1983 771
1984 770
1985 770
1986 771
1987 771
1988 771
1989 771
1990 771
1991 770
1992 770
1993 770
1994 771
1995 770
1996 771
1997 770
1998 770
1999 771
2000 771
2001 771
2002 771
2003 771
2004 770
2005 770
2006 771
2007 770
2008 771
2009 770
2010 771
2011 770
2012 772
2013 770
2014 770
2015 770
2016 771
2017 770
2018 770
2019 770
2020 771
2021 770
2022 772
2023 771
2024 770
2025 770
2026 770
2027 771
2028 770
2029 770
2030 770
2031 770
2032 771
2033 770
2034 769
2035 770
2036 769
2037 771
2038 769
2039 770
2040 770
2041 770
2042 769
2043 770
2044 770
2045 1149
2046 1276
2047 1331
