1 756
2 758
3 756
4 756
5 756
6 756
7 757
8 748
9 757
10 756
11 755
12 756
13 756
14 756
15 762
16 757
17 756
18 756
19 756
20 755
21 752
22 753
23 755
24 755
25 755
26 755
27 755
28 755
29 755
30 754
31 755
32 754
33 2780
34 3480
35 3778
36 3910
37 3970
38 3994
39 4009
40 4008
41 4014
42 4016
43 4018
44 4019
45 4020
46 4020
47 4023
48 4020
49 4021
50 4022
51 4021
52 4023
53 4021
54 4022
55 4022
56 4024
57 4025
58 4026
59 4016
60 4024
61 4026
62 4027
63 4028
64 4029
65 4029
66 4034
67 4031
68 4030
69 4032
70 4031
71 4032
72 4032
73 4032
74 4032
75 4032
76 4031
77 4033
78 4031
79 4031
80 4030
81 4031
82 4031
83 4032
84 4031
85 4030
86 4029
87 4031
88 4031
89 4031
90 4031
91 4030
92 4030
93 4030
94 4030
95 4030
96 4031
97 4029
98 4032
99 4029
100 4030
101 4028
102 4029
103 4028
104 4032
105 4030
106 4030
107 4028
108 4029
109 4029
110 4045
111 4036
112 4031
113 4029
114 4029
115 4029
116 4027
117 4027
118 4027
119 4028
120 4028
121 4028
122 4028
123 4028
124 4026
125 4029
126 4027
127 4029
128 3862
129 2076
130 1325
131 1000
132 867
133 810
134 787
135 775
136 768
137 766
138 765
139 765
140 762
141 764
142 757
143 761
144 762
145 761
146 761
147 762
148 760
149 761
150 760
151 760
152 761
153 760
154 761
155 760
156 760
157 761
158 760
159 760
160 759
161 757
162 757
163 758
164 757
165 757
166 757
167 757
168 760
169 758
170 758
171 757
172 756
173 758
174 756
175 757
176 758
177 755
178 755
179 757
180 739
181 749
182 753
183 755
184 756
185 756
186 756
187 751
188 753
189 755
190 756
191 756
192 757
193 756
194 755
195 756
196 756
197 756
198 756
199 755
200 759
201 756
202 756
203 756
204 756
205 756
206 755
207 754
208 755
209 755
210 754
211 755
212 746
213 752
214 754
215 755
216 755
217 755
218 755
219 755
220 754
221 755
222 755
223 754
224 2779
225 3479
226 3779
227 3910
228 3969
229 3996
230 4009
231 4032
232 4026
233 4022
234 4020
235 4021
236 4021
237 4020
238 4024
239 4021
240 4020
241 4022
242 4021
243 4023
244 4027
245 4024
246 4024
247 4025
248 4026
249 4026
250 4025
251 4026
252 4026
253 4026
254 4028
255 4028
256 4028
257 4028
258 4027
259 4027
260 4029
261 4030
262 4031
263 4045
264 4038
265 4036
266 4032
267 4032
268 4032
269 4032
270 4034
271 4032
272 4031
273 4032
274 4031
275 4032
276 4030
277 4032
278 4032
279 4031
280 4030
281 4031
282 4048
283 4039
284 4034
285 4032
286 4032
287 4031
288 4031
289 4030
290 4027
291 4030
292 4029
293 4028
294 4029
295 4025
296 4029
297 4030
298 4029
299 4029
300 4030
301 4028
302 4027
303 4029
304 4030
305 4028
306 4030
307 4028
308 4032
309 4030
310 4031
311 4030
312 4032
313 4031
314 4033
315 4031
316 4032
317 4029
318 4030
319 2772
320 1606
321 1120
322 915
323 830
324 794
325 779
326 772
327 769
328 766
329 765
330 764
331 762
332 764
333 740
334 753
335 757
336 758
337 760
338 760
339 761
340 760
341 759
342 760
343 760
344 758
345 760
346 758
347 759
348 758
349 759
350 758
351 758
352 757
353 762
354 760
355 758
356 757
357 757
358 756
359 755
360 755
361 756
362 757
363 755
364 757
365 749
366 754
367 755
368 755
369 756
370 756
371 758
372 757
373 755
374 755
375 756
376 756
377 756
378 761
379 757
380 756
381 757
382 756
383 757
384 775
385 763
386 759
387 756
388 756
389 757
390 756
391 758
392 755
393 755
394 755
395 755
396 756
397 755
398 755
399 756
400 755
401 756
402 756
403 755
404 758
405 756
406 756
407 756
408 756
409 755
410 755
411 754
412 755
413 755
414 891
415 2703
416 3450
417 3770
418 3906
419 3967
420 3994
421 4008
422 4013
423 4017
424 4017
425 4019
426 4019
427 4019
428 4021
429 4020
430 4019
431 4021
432 4021
433 4021
434 4021
435 4006
436 4014
437 4021
438 4022
439 4025
440 4026
441 4026
442 4022
443 4023
444 4025
445 4028
446 4027
447 4029
448 4030
449 4029
450 4030
451 4028
452 4030
453 4029
454 4029
455 4028
456 4028
457 4029
458 4031
459 4030
460 4031
461 4025
462 4026
463 4028
464 4029
465 4029
466 4031
467 4025
468 4028
469 4029
470 4028
471 4030
472 4030
473 4030
474 4031
475 4028
476 4029
477 4030
478 4031
479 4031
480 4032
481 4028
482 4028
483 4030
484 4030
485 4030
486 4018
487 4025
488 4027
489 4028
490 4028
491 4029
492 4029
493 4032
494 4029
495 4028
496 4030
497 4030
498 4031
499 4030
500 4028
501 4030
502 4031
503 4032
504 4031
505 4026
506 4027
507 4028
508 4030
509 4030
510 2115
511 1334
512 1000
513 866
514 811
515 786
516 775
517 771
518 767
519 766
520 764
521 764
522 765
523 763
524 762
525 763
526 762
527 762
528 762
529 760
530 761
531 756
532 759
533 759
534 760
535 760
536 759
537 756
538 759
539 758
540 759
541 759
542 758
543 758
544 757
545 756
546 757
547 757
548 757
549 758
550 758
551 757
552 758
553 757
554 757
555 758
556 746
557 757
558 757
559 756
560 756
561 757
562 757
563 762
564 759
565 758
566 757
567 756
568 756
569 761
570 759
571 758
572 755
573 757
574 756
575 755
576 755
577 755
578 755
579 756
580 757
581 757
582 760
583 758
584 757
585 756
586 756
587 756
588 761
589 758
590 757
591 755
592 755
593 755
594 755
595 752
596 752
597 754
598 754
599 756
600 756
601 754
602 755
603 755
604 755
605 922
606 2695
607 3466
608 3776
609 3907
610 3968
611 3994
612 4009
613 4015
614 4014
615 4013
616 4018
617 4019
618 4020
619 4021
620 4019
621 4019
622 4021
623 4022
624 4023
625 4024
626 4023
627 4028
628 4025
629 4026
630 4026
631 4028
632 4026
633 4027
634 4025
635 4026
636 4027
637 4029
638 4029
639 4017
640 4022
641 4027
642 4028
643 4029
644 4029
645 4030
646 4027
647 4028
648 4030
649 4031
650 4031
651 4031
652 4031
653 4030
654 4031
655 4030
656 4030
657 4030
658 4043
659 4036
660 4031
661 4029
662 4031
663 4030
664 4030
665 4029
666 4029
667 4028
668 4029
669 4029
670 4031
671 4025
672 4029
673 4030
674 4030
675 4030
676 4031
677 4030
678 4032
679 4030
680 4030
681 4030
682 4029
683 4031
684 4031
685 4029
686 4030
687 4032
688 4029
689 4031
690 4020
691 4026
692 4028
693 4030
694 4031
695 4032
696 4031
697 4031
698 4030
699 4029
700 4032
701 2012
702 1290
703 985
704 859
705 809
706 785
707 775
708 770
709 748
710 756
711 761
712 761
713 763
714 762
715 762
716 768
717 764
718 763
719 762
720 760
721 761
722 761
723 761
724 761
725 760
726 760
727 759
728 760
729 763
730 760
731 759
732 759
733 758
734 757
735 762
736 757
737 757
738 757
739 757
740 757
741 759
742 758
743 757
744 757
745 757
746 757
747 756
748 755
749 755
750 756
751 756
752 755
753 757
754 760
755 757
756 757
757 757
758 756
759 757
760 779
761 770
762 762
763 759
764 758
765 757
766 758
767 756
768 755
769 755
770 757
771 755
772 756
773 755
774 757
775 757
776 755
777 755
778 756
779 771
780 767
781 760
782 756
783 756
784 756
785 756
786 757
787 755
788 756
789 755
790 755
791 756
792 758
793 757
794 756
795 757
796 929
797 2693
798 3441
799 3766
800 3903
801 3966
802 3993
803 4009
804 4015
805 4021
806 4020
807 4020
808 4020
809 4019
810 4021
811 4005
812 4015
813 4018
814 4021
815 4023
816 4024
817 4022
818 4023
819 4021
820 4025
821 4025
822 4026
823 4027
824 4026
825 4027
826 4028
827 4027
828 4028
829 4029
830 4053
831 4039
832 4031
833 4030
834 4030
835 4030
836 4030
837 4034
838 4031
839 4031
840 4030
841 4030
842 4030
843 4030
844 4029
845 4030
846 4029
847 4028
848 4028
849 4028
850 4028
851 4028
852 4028
853 4029
854 4028
855 4028
856 4028
857 4026
858 4028
859 4028
860 4028
861 4028
862 4034
863 4030
864 4031
865 4028
866 4030
867 4030
868 4029
869 4027
870 4027
871 4027
872 4028
873 4029
874 4029
875 4028
876 4029
877 4029
878 4029
879 4029
880 4029
881 4016
882 4020
883 4024
884 4028
885 4028
886 4028
887 4030
888 4028
889 4029
890 4029
891 4030
892 1992
893 1289
894 987
895 860
896 809
897 784
898 774
899 771
900 768
901 767
902 758
903 761
904 763
905 763
906 763
907 757
908 759
909 760
910 760
911 762
912 762
913 766
914 762
915 762
916 760
917 760
918 760
919 758
920 760
921 757
922 758
923 758
924 756
925 757
926 759
927 758
928 757
929 757
930 756
931 757
932 744
933 752
934 754
935 756
936 756
937 756
938 757
939 756
940 754
941 755
942 755
943 756
944 757
945 757
946 757
947 756
948 756
949 755
950 755
951 779
952 766
953 760
954 758
955 757
956 757
957 756
958 755
959 754
960 755
961 756
962 755
963 755
964 756
965 755
966 755
967 754
968 755
969 755
970 756
971 759
972 756
973 757
974 755
975 754
976 755
977 758
978 755
979 756
980 755
981 754
982 755
983 747
984 753
985 755
986 755
987 929
988 2693
989 3444
990 3766
991 3905
992 3966
993 3997
994 4009
995 4016
996 4019
997 4018
998 4019
999 4020
1000 4022
1001 4023
1002 4015
1003 4020
1004 4022
1005 4022
1006 4024
1007 4025
1008 4024
1009 4024
1010 4024
1011 4024
1012 4025
1013 4025
1014 4026
1015 4026
1016 4027
1017 4027
1018 4028
1019 4028
1020 4029
1021 4032
1022 4029
1023 4027
1024 4028
1025 4029
1026 4030
1027 4030
1028 4033
1029 4028
1030 4029
1031 4029
1032 4030
1033 4030
1034 4031
1035 4032
1036 4031
1037 4029
1038 4030
1039 4030
1040 4029
1041 4032
1042 4028
1043 4029
1044 4028
1045 4029
1046 4029
1047 4030
1048 4029
1049 4028
1050 4028
1051 4028
1052 4028
1053 4031
1054 4027
1055 4028
1056 4027
1057 4028
1058 4029
1059 4027
1060 4029
1061 4027
1062 4028
1063 4028
1064 4030
1065 4029
1066 4030
1067 4030
1068 4030
1069 4028
1070 4029
1071 4027
1072 4049
1073 4033
1074 4030
1075 4029
1076 4029
1077 4028
1078 4029
1079 4025
1080 4027
1081 4028
1082 4029
1083 1986
1084 1278
1085 977
1086 856
1087 807
1088 784
1089 773
1090 768
1091 767
1092 770
1093 765
1094 764
1095 763
1096 763
1097 762
1098 760
1099 762
1100 762
1101 762
1102 761
1103 761
1104 762
1105 761
1106 760
1107 760
1108 759
1109 759
1110 759
1111 759
1112 757
1113 757
1114 758
1115 757
1116 757
1117 757
1118 757
1119 756
1120 757
1121 757
1122 757
1123 736
1124 744
1125 751
1126 754
1127 756
1128 756
1129 755
1130 760
1131 757
1132 758
1133 756
1134 757
1135 758
1136 759
1137 758
1138 756
1139 756
1140 755
1141 756
1142 755
1143 758
1144 755
1145 756
1146 756
1147 756
1148 756
1149 761
1150 756
1151 756
1152 757
1153 756
1154 755
1155 749
1156 753
1157 755
1158 754
1159 754
1160 755
1161 756
1162 756
1163 754
1164 755
1165 756
1166 755
1167 755
1168 753
1169 754
1170 756
1171 755
1172 755
1173 755
1174 780
1175 770
1176 759
1177 756
1178 931
1179 2692
1180 3443
1181 3762
1182 3902
1183 3965
1184 3993
1185 4007
1186 4014
1187 4014
1188 4015
1189 4019
1190 4018
1191 4019
1192 4020
1193 4021
1194 4024
1195 4021
1196 4021
1197 4022
1198 4022
1199 4023
1200 4018
1201 4020
1202 4023
1203 4025
1204 4024
1205 4025
1206 4015
1207 4021
1208 4025
1209 4026
1210 4028
1211 4029
1212 4029
1213 4032
1214 4029
1215 4029
1216 4031
1217 4030
1218 4030
1219 4028
1220 4028
1221 4029
1222 4030
1223 4029
1224 4032
1225 4025
1226 4030
1227 4029
1228 4030
1229 4030
1230 4031
1231 4031
1232 4033
1233 4030
1234 4030
1235 4030
1236 4029
1237 4029
1238 4032
1239 4030
1240 4028
1241 4029
1242 4028
1243 4028
1244 4028
1245 4031
1246 4028
1247 4030
1248 4028
1249 4030
1250 4029
1251 4032
1252 4029
1253 4030
1254 4031
1255 4030
1256 4031
1257 4027
1258 4027
1259 4028
1260 4029
1261 4029
1262 4028
1263 4027
1264 4032
1265 4029
1266 4030
1267 4029
1268 4031
1269 4030
1270 4030
1271 4028
1272 4031
1273 4011
1274 2033
1275 1299
1276 1012
1277 872
1278 815
1279 786
1280 775
1281 769
1282 767
1283 771
1284 766
1285 765
1286 763
1287 763
1288 762
1289 764
1290 762
1291 762
1292 761
1293 760
1294 761
1295 760
1296 765
1297 761
1298 760
1299 760
1300 759
1301 758
1302 762
1303 761
1304 760
1305 758
1306 758
1307 758
1308 749
1309 755
1310 756
1311 757
1312 757
1313 756
1314 756
1315 760
1316 757
1317 757
1318 757
1319 756
1320 756
1321 755
1322 754
1323 755
1324 756
1325 756
1326 757
1327 744
1328 752
1329 754
1330 755
1331 756
1332 756
1333 757
1334 760
1335 757
1336 757
1337 757
1338 756
1339 756
1340 758
1341 756
1342 757
1343 755
1344 755
1345 755
1346 756
1347 757
1348 757
1349 755
1350 756
1351 755
1352 755
1353 756
1354 755
1355 755
1356 755
1357 756
1358 755
1359 760
1360 758
1361 758
1362 757
1363 756
1364 756
1365 755
1366 754
1367 755
1368 755
1369 2362
1370 3304
1371 3705
1372 3886
1373 3956
1374 3990
1375 4006
1376 4014
1377 4015
1378 4031
1379 4023
1380 4021
1381 4019
1382 4020
1383 4021
1384 4020
1385 4019
1386 4019
1387 4022
1388 4021
1389 4023
1390 4024
1391 4024
1392 4022
1393 4025
1394 4025
1395 4026
1396 4026
1397 4008
1398 4021
1399 4024
1400 4026
1401 4027
1402 4028
1403 4028
1404 4026
1405 4026
1406 4027
1407 4029
1408 4029
1409 4031
1410 4029
1411 4029
1412 4029
1413 4029
1414 4029
1415 4030
1416 4028
1417 4028
1418 4029
1419 4028
1420 4029
1421 4028
1422 4029
1423 4028
1424 4028
1425 4028
1426 4028
1427 4028
1428 4028
1429 4025
1430 4028
1431 4028
1432 4028
1433 4029
1434 4030
1435 4029
1436 4030
1437 4027
1438 4028
1439 4028
1440 4029
1441 4028
1442 4028
1443 4028
1444 4028
1445 4030
1446 4028
1447 4030
1448 4029
1449 4028
1450 4028
1451 4029
1452 4028
1453 4029
1454 4029
1455 4027
1456 4025
1457 4027
1458 4028
1459 4029
1460 4029
1461 4029
1462 4028
1463 4029
1464 3882
1465 2072
1466 1317
1467 1002
1468 869
1469 811
1470 786
1471 775
1472 770
1473 767
1474 767
1475 763
1476 764
1477 762
1478 762
1479 763
1480 755
1481 760
1482 760
1483 760
1484 760
1485 759
1486 760
1487 760
1488 760
1489 759
1490 758
1491 758
1492 759
1493 756
1494 757
1495 757
1496 760
1497 758
1498 758
1499 736
1500 747
1501 753
1502 755
1503 755
1504 755
1505 756
1506 754
1507 755
1508 755
1509 756
1510 755
1511 758
1512 757
1513 756
1514 755
1515 756
1516 755
1517 755
1518 739
1519 753
1520 755
1521 755
1522 756
1523 756
1524 755
1525 758
1526 756
1527 756
1528 756
1529 755
1530 757
1531 758
1532 755
1533 756
1534 755
1535 755
1536 757
1537 756
1538 758
1539 755
1540 755
1541 756
1542 756
1543 754
1544 755
1545 752
1546 755
1547 754
1548 755
1549 756
1550 751
1551 753
1552 755
1553 755
1554 755
1555 755
1556 754
1557 756
1558 755
1559 756
1560 2717
1561 3454
1562 3771
1563 3907
1564 3967
1565 3993
1566 4007
1567 4014
1568 4017
1569 4012
1570 4014
1571 4017
1572 4018
1573 4019
1574 4020
1575 4019
1576 4018
1577 4017
1578 4020
1579 4021
1580 4023
1581 4022
1582 4022
1583 4023
1584 4024
1585 4024
1586 4025
1587 4024
1588 4024
1589 4028
1590 4027
1591 4028
1592 4029
1593 4029
1594 4028
1595 4030
1596 4025
1597 4028
1598 4030
1599 4030
1600 4029
1601 4034
1602 4031
1603 4031
1604 4030
1605 4031
1606 4031
1607 4030
1608 4031
1609 4029
1610 4029
1611 4031
1612 4031
1613 4031
1614 4030
1615 4027
1616 4029
1617 4028
1618 4029
1619 4028
1620 4012
1621 4020
1622 4026
1623 4026
1624 4029
1625 4029
1626 4028
1627 4028
1628 4027
1629 4027
1630 4028
1631 4028
1632 4028
1633 4028
1634 4027
1635 4028
1636 4028
1637 4029
1638 4028
1639 4027
1640 4027
1641 4026
1642 4028
1643 4028
1644 4027
1645 4028
1646 4026
1647 4028
1648 4028
1649 4029
1650 4027
1651 4030
1652 4028
1653 4029
1654 4029
1655 3866
1656 2077
1657 1319
1658 997
1659 868
1660 810
1661 785
1662 775
1663 771
1664 767
1665 769
1666 767
1667 765
1668 763
1669 762
1670 762
1671 770
1672 765
1673 763
1674 761
1675 761
1676 760
1677 760
1678 764
1679 759
1680 759
1681 759
1682 759
1683 760
1684 760
1685 757
1686 757
1687 757
1688 756
1689 758
1690 768
1691 765
1692 761
1693 758
1694 758
1695 756
1696 757
1697 753
1698 754
1699 756
1700 755
1701 755
1702 756
1703 758
1704 758
1705 758
1706 756
1707 756
1708 757
1709 756
1710 758
1711 758
1712 756
1713 755
1714 755
1715 756
1716 760
1717 756
1718 756
1719 756
1720 756
1721 756
1722 757
1723 757
1724 755
1725 755
1726 754
1727 753
1728 754
1729 757
1730 753
1731 754
1732 755
1733 756
1734 755
1735 754
1736 754
1737 756
1738 755
1739 754
1740 756
1741 732
1742 745
1743 752
1744 754
1745 754
1746 755
1747 755
1748 753
1749 753
1750 754
1751 2771
1752 3476
1753 3780
1754 3911
1755 3968
1756 3994
1757 4008
1758 4014
1759 4017
1760 4019
1761 4024
1762 4021
1763 4020
1764 4020
1765 4022
1766 4023
1767 4022
1768 4021
1769 4021
1770 4024
1771 4024
1772 4025
1773 4028
1774 4026
1775 4026
1776 4027
1777 4026
1778 4027
1779 4025
1780 4029
1781 4027
1782 4028
1783 4029
1784 4028
1785 4028
1786 4028
1787 4027
1788 4028
1789 4029
1790 4029
1791 4030
1792 4014
1793 4022
1794 4026
1795 4028
1796 4029
1797 4031
1798 4029
1799 4033
1800 4029
1801 4030
1802 4029
1803 4029
1804 4028
1805 4027
1806 4027
1807 4029
1808 4029
1809 4029
1810 4030
1811 4048
1812 4040
1813 4034
1814 4030
1815 4029
1816 4030
1817 4029
1818 4027
1819 4028
1820 4030
1821 4029
1822 4030
1823 4029
1824 4028
1825 4028
1826 4030
1827 4029
1828 4029
1829 4031
1830 4029
1831 4029
1832 4029
1833 4029
1834 4030
1835 4030
1836 4029
1837 4032
1838 4031
1839 4031
1840 4030
1841 4030
1842 4030
1843 4035
1844 4033
1845 4031
1846 3863
1847 2085
1848 1321
1849 1000
1850 871
1851 814
1852 787
1853 775
1854 769
1855 768
1856 765
1857 756
1858 760
1859 762
1860 762
1861 761
1862 786
1863 776
1864 767
1865 764
1866 762
1867 761
1868 760
1869 766
1870 762
1871 762
1872 760
1873 761
1874 760
1875 761
1876 759
1877 759
1878 759
1879 758
1880 759
1881 759
1882 762
1883 758
1884 758
1885 757
1886 757
1887 758
1888 752
1889 753
1890 757
1891 757
1892 756
1893 757
1894 759
1895 757
1896 757
1897 756
1898 757
1899 756
1900 756
1901 761
1902 757
1903 756
1904 757
1905 757
1906 756
1907 757
1908 755
1909 757
1910 757
1911 756
1912 757
1913 774
1914 767
1915 761
1916 757
1917 756
1918 755
1919 756
1920 762
1921 757
1922 755
1923 755
1924 756
1925 755
1926 756
1927 756
1928 756
1929 756
1930 756
1931 756
1932 754
1933 756
1934 756
1935 755
1936 756
1937 755
1938 755
1939 755
1940 753
1941 755
1942 2778
1943 3479
1944 3780
1945 3916
1946 3971
1947 3995
1948 4007
1949 4013
1950 4017
1951 4018
1952 4020
1953 4019
1954 4020
1955 4022
1956 4020
1957 4021
1958 4020
1959 4020
1960 4021
1961 4021
1962 4021
1963 4023
1964 4011
1965 4017
1966 4020
1967 4021
1968 4025
1969 4026
1970 4025
1971 4027
1972 4025
1973 4027
1974 4028
1975 4027
1976 4028
1977 4027
1978 4028
1979 4028
1980 4028
1981 4029
1982 4030
1983 4028
1984 4031
1985 4029
1986 4029
1987 4028
1988 4030
1989 4030
1990 4029
1991 4028
1992 4030
1993 4030
1994 4030
1995 4030
1996 4027
1997 4026
1998 4028
1999 4029
2000 4029
2001 4030
2002 4028
2003 4028
2004 4026
2005 4028
2006 4029
2007 4030
2008 4029
2009 4032
2010 4030
2011 4030
2012 4030
2013 4030
2014 4029
2015 4044
2016 4035
2017 4032
2018 4031
2019 4029
2020 4030
2021 4029
2022 4033
2023 4030
2024 4031
2025 4028
2026 4031
2027 4030
2028 4031
2029 4029
2030 4030
2031 4029
2032 4029
2033 4030
2034 4028
2035 4030
2036 4028
2037 3863
2038 2078
2039 1318
2040 1000
2041 866
2042 810
2043 786
2044 774
2045 768
2046 768
2047 757
