1 758
2 758
3 755
4 754
5 754
6 753
7 751
8 757
9 754
10 754
11 753
12 753
13 754
14 756
15 753
16 752
17 753
18 753
19 754
20 752
21 753
22 753
23 752
24 754
25 752
26 753
27 751
28 752
29 751
30 753
31 753
32 753
33 751
34 752
35 753
36 752
37 752
38 755
39 780
40 769
41 760
42 756
43 754
44 753
45 753
46 748
47 749
48 753
49 753
50 752
51 754
52 755
53 754
54 753
55 754
56 753
57 753
58 752
59 753
60 753
61 754
62 753
63 753
64 754
65 752
66 752
67 752
68 753
69 753
70 753
71 754
72 754
73 754
74 787
75 1115
76 1250
77 1308
78 1336
79 1343
80 1347
81 1349
82 1351
83 1352
84 1351
85 1352
86 1353
87 1352
88 1353
89 1354
90 1334
91 1342
92 1348
93 1350
94 1351
95 1352
96 1353
97 1353
98 1352
99 1352
100 1354
101 1353
102 1354
103 1355
104 1355
105 1354
106 1353
107 1354
108 1354
109 1353
110 1354
111 1354
112 1353
113 1355
114 1354
115 1355
116 1363
117 1357
118 1356
119 1356
120 1355
121 1355
122 1350
123 1352
124 1352
125 1354
126 1354
127 1354
128 1354
129 1353
130 1351
131 1352
132 1354
133 1354
134 1355
135 1359
136 1355
137 1355
138 1354
139 1355
140 1354
141 1345
142 1353
143 1354
144 1354
145 1354
146 1354
147 1353
148 1353
149 1353
150 1354
151 1355
152 1355
153 1356
154 1354
155 1354
156 1355
157 1353
158 1354
159 1355
160 1352
161 1358
162 1355
163 1354
164 1355
165 1355
166 1355
167 1348
168 1352
169 1353
170 969
171 843
172 793
173 774
174 764
175 759
176 757
177 756
178 756
179 754
180 758
181 756
182 754
183 754
184 755
185 754
186 753
187 752
188 754
189 753
190 754
191 753
192 728
193 742
194 748
195 752
196 752
197 753
198 752
199 748
200 750
201 752
202 753
203 752
204 754
205 753
206 753
207 754
208 753
209 753
210 752
211 752
212 756
213 755
214 753
215 754
216 752
217 752
218 757
219 753
220 753
221 754
222 753
223 753
224 747
225 752
226 752
227 752
228 752
229 753
230 754
231 752
232 751
233 752
234 753
235 753
236 754
237 752
238 751
239 753
240 752
241 753
242 753
243 738
244 744
245 748
246 750
247 752
248 753
249 753
250 748
251 749
252 751
253 753
254 753
255 753
256 755
257 753
258 753
259 752
260 752
261 754
262 752
263 753
264 752
265 834
266 1133
267 1259
268 1313
269 1329
270 1343
271 1347
272 1348
273 1350
274 1351
275 1356
276 1355
277 1353
278 1353
279 1353
280 1352
281 1351
282 1351
283 1351
284 1351
285 1353
286 1353
287 1354
288 1351
289 1351
290 1353
291 1352
292 1353
293 1353
294 1356
295 1357
296 1355
297 1353
298 1354
299 1354
300 1353
301 1350
302 1351
303 1353
304 1354
305 1354
306 1354
307 1354
308 1353
309 1354
310 1355
311 1354
312 1354
313 1355
314 1355
315 1354
316 1353
317 1354
318 1353
319 1354
320 1350
321 1350
322 1353
323 1353
324 1354
325 1355
326 1362
327 1357
328 1355
329 1355
330 1354
331 1354
332 1353
333 1354
334 1353
335 1354
336 1354
337 1353
338 1354
339 1354
340 1353
341 1354
342 1354
343 1353
344 1355
345 1376
346 1364
347 1357
348 1355
349 1355
350 1354
351 1354
352 1353
353 1352
354 1353
355 1355
356 1354
357 1354
358 1356
359 1355
360 1341
361 980
362 847
363 795
364 771
365 762
366 756
367 756
368 755
369 755
370 755
371 756
372 754
373 754
374 754
375 754
376 755
377 755
378 755
379 754
380 753
381 754
382 754
383 754
384 753
385 751
386 753
387 753
388 754
389 753
390 752
391 752
392 753
393 753
394 752
395 754
396 780
397 768
398 757
399 755
400 754
401 753
402 753
403 751
404 749
405 752
406 753
407 753
408 752
409 752
410 752
411 753
412 752
413 753
414 752
415 752
416 756
417 754
418 753
419 753
420 753
421 753
422 753
423 753
424 753
425 752
426 752
427 753
428 745
429 749
430 752
431 752
432 752
433 752
434 752
435 755
436 753
437 753
438 754
439 753
440 754
441 752
442 752
443 753
444 752
445 751
446 753
447 755
448 752
449 752
450 752
451 752
452 753
453 752
454 749
455 749
456 1076
457 1233
458 1302
459 1332
460 1341
461 1346
462 1349
463 1350
464 1351
465 1353
466 1353
467 1351
468 1351
469 1352
470 1353
471 1352
472 1354
473 1353
474 1352
475 1353
476 1354
477 1353
478 1352
479 1343
480 1349
481 1351
482 1353
483 1353
484 1353
485 1353
486 1354
487 1353
488 1353
489 1354
490 1354
491 1353
492 1352
493 1353
494 1354
495 1354
496 1354
497 1354
498 1379
499 1364
500 1358
501 1355
502 1355
503 1354
504 1354
505 1351
506 1351
507 1353
508 1354
509 1353
510 1354
511 1354
512 1354
513 1354
514 1352
515 1353
516 1354
517 1354
518 1357
519 1356
520 1355
521 1355
522 1355
523 1352
524 1359
525 1355
526 1354
527 1353
528 1354
529 1355
530 1349
531 1353
532 1353
533 1354
534 1354
535 1354
536 1354
537 1355
538 1353
539 1354
540 1355
541 1354
542 1354
543 1353
544 1353
545 1353
546 1353
547 1354
548 1354
549 1346
550 1350
551 1323
552 983
553 848
554 795
555 772
556 758
557 755
558 755
559 755
560 755
561 755
562 751
563 752
564 754
565 754
566 754
567 755
568 754
569 755
570 754
571 754
572 754
573 755
574 753
575 753
576 753
577 755
578 755
579 754
580 754
581 742
582 749
583 752
584 753
585 753
586 754
587 754
588 752
589 752
590 752
591 753
592 754
593 753
594 753
595 753
596 753
597 752
598 753
599 754
600 772
601 758
602 755
603 753
604 754
605 753
606 753
607 753
608 752
609 752
610 753
611 752
612 753
613 748
614 751
615 752
616 752
617 752
618 753
619 754
620 757
621 754
622 751
623 753
624 752
625 754
626 758
627 756
628 754
629 754
630 753
631 753
632 745
633 749
634 753
635 753
636 753
637 753
638 753
639 754
640 754
641 753
642 753
643 753
644 754
645 753
646 752
647 1124
648 1253
649 1310
650 1336
651 1330
652 1343
653 1348
654 1351
655 1351
656 1352
657 1353
658 1348
659 1350
660 1351
661 1352
662 1352
663 1352
664 1351
665 1352
666 1354
667 1352
668 1354
669 1353
670 1353
671 1355
672 1354
673 1353
674 1354
675 1353
676 1354
677 1355
678 1351
679 1353
680 1354
681 1354
682 1354
683 1348
684 1350
685 1351
686 1353
687 1353
688 1354
689 1354
690 1351
691 1351
692 1353
693 1354
694 1354
695 1354
696 1353
697 1354
698 1355
699 1354
700 1354
701 1354
702 1354
703 1358
704 1355
705 1354
706 1355
707 1353
708 1355
709 1353
710 1352
711 1354
712 1354
713 1353
714 1354
715 1356
716 1355
717 1354
718 1354
719 1354
720 1355
721 1353
722 1355
723 1354
724 1354
725 1354
726 1355
727 1353
728 1358
729 1356
730 1355
731 1353
732 1354
733 1355
734 1349
735 1351
736 1354
737 1353
738 1353
739 1353
740 1355
741 1356
742 1321
743 985
744 851
745 795
746 772
747 763
748 758
749 756
750 755
751 754
752 755
753 782
754 769
755 760
756 756
757 755
758 755
759 754
760 751
761 752
762 753
763 754
764 754
765 754
766 753
767 754
768 754
769 754
770 753
771 755
772 752
773 755
774 753
775 753
776 753
777 753
778 752
779 753
780 752
781 752
782 753
783 752
784 753
785 744
786 749
787 752
788 752
789 752
790 754
791 753
792 751
793 750
794 752
795 753
796 752
797 752
798 751
799 751
800 752
801 753
802 752
803 753
804 764
805 760
806 756
807 753
808 754
809 753
810 753
811 753
812 752
813 752
814 753
815 752
816 753
817 748
818 752
819 753
820 752
821 752
822 754
823 754
824 757
825 755
826 753
827 753
828 753
829 753
830 756
831 753
832 753
833 753
834 753
835 754
836 757
837 756
838 1132
839 1257
840 1310
841 1336
842 1343
843 1350
844 1350
845 1351
846 1351
847 1351
848 1352
849 1352
850 1353
851 1352
852 1353
853 1353
854 1353
855 1382
856 1365
857 1358
858 1354
859 1354
860 1354
861 1353
862 1356
863 1352
864 1353
865 1354
866 1353
867 1353
868 1355
869 1353
870 1354
871 1353
872 1353
873 1353
874 1353
875 1354
876 1352
877 1353
878 1353
879 1353
880 1354
881 1355
882 1352
883 1353
884 1354
885 1354
886 1354
887 1348
888 1351
889 1353
890 1353
891 1362
892 1357
893 1356
894 1353
895 1353
896 1353
897 1354
898 1353
899 1356
900 1355
901 1347
902 1351
903 1353
904 1354
905 1354
906 1347
907 1354
908 1354
909 1354
910 1354
911 1355
912 1355
913 1352
914 1352
915 1354
916 1355
917 1355
918 1355
919 1355
920 1354
921 1355
922 1355
923 1355
924 1354
925 1355
926 1354
927 1353
928 1353
929 1354
930 1355
931 1354
932 1354
933 1323
934 986
935 851
936 795
937 774
938 756
939 757
940 756
941 755
942 755
943 756
944 754
945 758
946 755
947 754
948 755
949 754
950 755
951 753
952 752
953 756
954 754
955 754
956 755
957 740
958 745
959 749
960 753
961 753
962 754
963 754
964 756
965 754
966 753
967 753
968 753
969 753
970 753
971 753
972 753
973 754
974 753
975 753
976 754
977 759
978 755
979 754
980 753
981 753
982 753
983 757
984 754
985 754
986 754
987 752
988 754
989 758
990 755
991 753
992 753
993 754
994 753
995 752
996 756
997 753
998 753
999 753
1000 753
1001 752
1002 753
1003 749
1004 752
1005 752
1006 752
1007 753
1008 731
1009 743
1010 748
1011 751
1012 752
1013 752
1014 754
1015 751
1016 750
1017 752
1018 754
1019 752
1020 754
1021 752
1022 752
1023 753
1024 752
1025 753
1026 754
1027 755
1028 755
1029 1132
1030 1258
1031 1314
1032 1336
1033 1345
1034 1356
1035 1353
1036 1353
1037 1352
1038 1351
1039 1352
1040 1356
1041 1354
1042 1354
1043 1354
1044 1353
1045 1353
1046 1352
1047 1355
1048 1353
1049 1353
1050 1353
1051 1353
1052 1354
1053 1353
1054 1351
1055 1353
1056 1352
1057 1353
1058 1353
1059 1377
1060 1366
1061 1359
1062 1355
1063 1355
1064 1354
1065 1354
1066 1358
1067 1354
1068 1355
1069 1353
1070 1353
1071 1354
1072 1354
1073 1353
1074 1353
1075 1353
1076 1353
1077 1354
1078 1352
1079 1358
1080 1355
1081 1354
1082 1355
1083 1354
1084 1354
1085 1362
1086 1357
1087 1355
1088 1355
1089 1354
1090 1354
1091 1360
1092 1357
1093 1357
1094 1355
1095 1354
1096 1355
1097 1355
1098 1354
1099 1353
1100 1354
1101 1354
1102 1354
1103 1354
1104 1353
1105 1354
1106 1355
1107 1355
1108 1354
1109 1354
1110 1330
1111 1343
1112 1348
1113 1351
1114 1353
1115 1354
1116 1354
1117 1349
1118 1351
1119 1353
1120 1354
1121 1353
1122 1354
1123 1351
1124 1321
1125 986
1126 851
1127 794
1128 772
1129 761
1130 758
1131 756
1132 755
1133 755
1134 755
1135 755
1136 752
1137 753
1138 754
1139 755
1140 755
1141 755
1142 747
1143 752
1144 753
1145 754
1146 754
1147 754
1148 755
1149 754
1150 753
1151 754
1152 754
1153 754
1154 755
1155 753
1156 752
1157 754
1158 753
1159 753
1160 754
1161 760
1162 756
1163 753
1164 752
1165 753
1166 754
1167 753
1168 752
1169 750
1170 752
1171 753
1172 753
1173 754
1174 754
1175 752
1176 753
1177 753
1178 753
1179 753
1180 755
1181 751
1182 752
1183 752
1184 752
1185 753
1186 754
1187 754
1188 752
1189 753
1190 752
1191 753
1192 753
1193 763
1194 758
1195 755
1196 754
1197 753
1198 753
1199 752
1200 758
1201 754
1202 754
1203 754
1204 753
1205 753
1206 754
1207 753
1208 753
1209 753
1210 752
1211 753
1212 747
1213 747
1214 749
1215 752
1216 752
1217 752
1218 753
1219 757
1220 1132
1221 1260
1222 1314
1223 1336
1224 1344
1225 1348
1226 1350
1227 1352
1228 1352
1229 1352
1230 1353
1231 1351
1232 1351
1233 1351
1234 1351
1235 1354
1236 1353
1237 1354
1238 1347
1239 1349
1240 1351
1241 1352
1242 1353
1243 1353
1244 1351
1245 1353
1246 1353
1247 1353
1248 1352
1249 1354
1250 1353
1251 1353
1252 1353
1253 1353
1254 1355
1255 1353
1256 1355
1257 1356
1258 1354
1259 1354
1260 1354
1261 1354
1262 1354
1263 1341
1264 1347
1265 1351
1266 1353
1267 1354
1268 1354
1269 1354
1270 1354
1271 1353
1272 1353
1273 1354
1274 1353
1275 1354
1276 1352
1277 1352
1278 1354
1279 1353
1280 1354
1281 1355
1282 1355
1283 1358
1284 1355
1285 1355
1286 1355
1287 1353
1288 1354
1289 1351
1290 1353
1291 1353
1292 1354
1293 1353
1294 1354
1295 1347
1296 1351
1297 1354
1298 1353
1299 1354
1300 1354
1301 1354
1302 1357
1303 1355
1304 1354
1305 1354
1306 1354
1307 1355
1308 1351
1309 1351
1310 1354
1311 1353
1312 1354
1313 1355
1314 1367
1315 1141
1316 914
1317 822
1318 783
1319 768
1320 761
1321 755
1322 754
1323 755
1324 755
1325 755
1326 755
1327 755
1328 754
1329 755
1330 755
1331 755
1332 755
1333 748
1334 752
1335 753
1336 753
1337 754
1338 754
1339 754
1340 753
1341 753
1342 754
1343 754
1344 753
1345 754
1346 746
1347 751
1348 752
1349 753
1350 753
1351 754
1352 754
1353 756
1354 752
1355 753
1356 753
1357 753
1358 752
1359 752
1360 753
1361 752
1362 753
1363 751
1364 753
1365 755
1366 753
1367 752
1368 753
1369 752
1370 753
1371 753
1372 751
1373 752
1374 752
1375 752
1376 753
1377 753
1378 753
1379 752
1380 753
1381 752
1382 753
1383 753
1384 749
1385 749
1386 751
1387 752
1388 753
1389 754
1390 753
1391 760
1392 755
1393 753
1394 752
1395 752
1396 752
1397 757
1398 755
1399 754
1400 753
1401 753
1402 753
1403 752
1404 754
1405 752
1406 753
1407 753
1408 753
1409 752
1410 775
1411 1114
1412 1250
1413 1309
1414 1333
1415 1344
1416 1337
1417 1344
1418 1349
1419 1350
1420 1352
1421 1352
1422 1352
1423 1349
1424 1349
1425 1351
1426 1353
1427 1353
1428 1353
1429 1353
1430 1353
1431 1354
1432 1353
1433 1354
1434 1354
1435 1342
1436 1351
1437 1352
1438 1352
1439 1352
1440 1353
1441 1354
1442 1359
1443 1355
1444 1354
1445 1355
1446 1353
1447 1354
1448 1350
1449 1353
1450 1353
1451 1352
1452 1354
1453 1353
1454 1353
1455 1352
1456 1353
1457 1354
1458 1355
1459 1355
1460 1354
1461 1349
1462 1351
1463 1354
1464 1354
1465 1353
1466 1354
1467 1364
1468 1359
1469 1356
1470 1355
1471 1353
1472 1354
1473 1354
1474 1353
1475 1352
1476 1354
1477 1353
1478 1354
1479 1354
1480 1355
1481 1352
1482 1353
1483 1353
1484 1354
1485 1354
1486 1359
1487 1355
1488 1355
1489 1354
1490 1353
1491 1354
1492 1354
1493 1349
1494 1350
1495 1354
1496 1355
1497 1354
1498 1354
1499 1348
1500 1351
1501 1352
1502 1353
1503 1354
1504 1354
1505 1355
1506 1003
1507 856
1508 798
1509 774
1510 763
1511 758
1512 753
1513 752
1514 754
1515 755
1516 755
1517 755
1518 770
1519 763
1520 758
1521 754
1522 756
1523 754
1524 755
1525 757
1526 755
1527 754
1528 754
1529 754
1530 755
1531 754
1532 754
1533 754
1534 753
1535 753
1536 754
1537 754
1538 752
1539 751
1540 753
1541 753
1542 754
1543 755
1544 752
1545 751
1546 752
1547 752
1548 752
1549 753
1550 748
1551 752
1552 752
1553 753
1554 752
1555 753
1556 753
1557 753
1558 752
1559 752
1560 753
1561 753
1562 754
1563 758
1564 754
1565 753
1566 753
1567 754
1568 754
1569 739
1570 751
1571 752
1572 752
1573 754
1574 753
1575 753
1576 748
1577 749
1578 752
1579 754
1580 753
1581 753
1582 755
1583 753
1584 754
1585 753
1586 752
1587 753
1588 753
1589 757
1590 753
1591 753
1592 754
1593 753
1594 753
1595 757
1596 754
1597 754
1598 753
1599 753
1600 754
1601 779
1602 1112
1603 1249
1604 1309
1605 1335
1606 1344
1607 1348
1608 1349
1609 1350
1610 1351
1611 1351
1612 1352
1613 1353
1614 1351
1615 1352
1616 1352
1617 1354
1618 1354
1619 1353
1620 1383
1621 1367
1622 1358
1623 1355
1624 1354
1625 1353
1626 1354
1627 1355
1628 1353
1629 1353
1630 1354
1631 1354
1632 1354
1633 1351
1634 1352
1635 1353
1636 1354
1637 1353
1638 1353
1639 1355
1640 1357
1641 1355
1642 1354
1643 1355
1644 1354
1645 1354
1646 1354
1647 1354
1648 1354
1649 1355
1650 1354
1651 1355
1652 1358
1653 1356
1654 1354
1655 1354
1656 1355
1657 1354
1658 1354
1659 1357
1660 1354
1661 1354
1662 1355
1663 1355
1664 1355
1665 1352
1666 1353
1667 1354
1668 1354
1669 1353
1670 1354
1671 1341
1672 1346
1673 1351
1674 1352
1675 1353
1676 1354
1677 1355
1678 1348
1679 1351
1680 1353
1681 1354
1682 1353
1683 1355
1684 1354
1685 1354
1686 1355
1687 1354
1688 1353
1689 1354
1690 1355
1691 1353
1692 1353
1693 1354
1694 1354
1695 1355
1696 1353
1697 976
1698 845
1699 793
1700 772
1701 763
1702 759
1703 752
1704 752
1705 754
1706 754
1707 754
1708 754
1709 755
1710 753
1711 753
1712 754
1713 753
1714 754
1715 755
1716 754
1717 753
1718 755
1719 753
1720 754
1721 755
1722 724
1723 740
1724 747
1725 751
1726 752
1727 752
1728 753
1729 748
1730 748
1731 752
1732 752
1733 751
1734 753
1735 750
1736 752
1737 753
1738 752
1739 753
1740 753
1741 752
1742 752
1743 752
1744 752
1745 753
1746 753
1747 753
1748 756
1749 753
1750 753
1751 753
1752 752
1753 753
1754 743
1755 749
1756 752
1757 752
1758 753
1759 753
1760 753
1761 753
1762 752
1763 753
1764 752
1765 752
1766 752
1767 753
1768 752
1769 753
1770 753
1771 752
1772 752
1773 741
1774 745
1775 749
1776 752
1777 752
1778 753
1779 753
1780 749
1781 749
1782 752
1783 752
1784 753
1785 753
1786 751
1787 752
1788 753
1789 752
1790 753
1791 753
1792 787
1793 1114
1794 1250
1795 1308
1796 1334
1797 1343
1798 1348
1799 1353
1800 1351
1801 1351
1802 1352
1803 1352
1804 1353
1805 1356
1806 1355
1807 1353
1808 1353
1809 1353
1810 1354
1811 1353
1812 1352
1813 1351
1814 1352
1815 1354
1816 1354
1817 1354
1818 1353
1819 1352
1820 1354
1821 1354
1822 1353
1823 1354
1824 1378
1825 1366
1826 1359
1827 1356
1828 1354
1829 1354
1830 1355
1831 1355
1832 1353
1833 1354
1834 1354
1835 1354
1836 1354
1837 1351
1838 1352
1839 1354
1840 1354
1841 1353
1842 1354
1843 1353
1844 1352
1845 1354
1846 1362
1847 1357
1848 1356
1849 1355
1850 1355
1851 1354
1852 1355
1853 1354
1854 1354
1855 1348
1856 1343
1857 1349
1858 1352
1859 1354
1860 1355
1861 1354
1862 1355
1863 1356
1864 1352
1865 1354
1866 1354
1867 1355
1868 1355
1869 1354
1870 1354
1871 1353
1872 1354
1873 1354
1874 1355
1875 1334
1876 1343
1877 1351
1878 1350
1879 1353
1880 1353
1881 1354
1882 1351
1883 1351
1884 1354
1885 1355
1886 1355
1887 1354
1888 967
1889 843
1890 793
1891 771
1892 761
1893 758
1894 757
1895 755
1896 755
1897 754
1898 755
1899 754
1900 755
1901 759
1902 755
1903 755
1904 754
1905 755
1906 754
1907 754
1908 754
1909 754
1910 753
1911 754
1912 755
1913 754
1914 758
1915 755
1916 754
1917 754
1918 753
1919 754
1920 758
1921 754
1922 754
1923 754
1924 754
1925 753
1926 775
1927 764
1928 757
1929 754
1930 754
1931 752
1932 753
1933 753
1934 751
1935 752
1936 753
1937 752
1938 753
1939 753
1940 754
1941 753
1942 754
1943 753
1944 753
1945 749
1946 756
1947 754
1948 753
1949 754
1950 753
1951 753
1952 747
1953 749
1954 752
1955 753
1956 753
1957 753
1958 752
1959 753
1960 752
1961 754
1962 752
1963 754
1964 753
1965 753
1966 752
1967 752
1968 753
1969 753
1970 753
1971 752
1972 753
1973 754
1974 754
1975 753
1976 753
1977 732
1978 743
1979 748
1980 751
1981 752
1982 752
1983 788
1984 1121
1985 1252
1986 1310
1987 1335
1988 1343
1989 1348
1990 1354
1991 1353
1992 1354
1993 1352
1994 1353
1995 1354
1996 1352
1997 1350
1998 1351
1999 1352
2000 1354
2001 1353
2002 1353
2003 1354
2004 1354
2005 1354
2006 1353
2007 1353
2008 1354
2009 1370
2010 1362
2011 1356
2012 1355
2013 1354
2014 1354
2015 1354
2016 1351
2017 1351
2018 1352
2019 1353
2020 1353
2021 1354
2022 1352
2023 1353
2024 1354
2025 1354
2026 1353
2027 1353
2028 1350
2029 1351
2030 1353
2031 1353
2032 1354
2033 1353
2034 1354
2035 1350
2036 1351
2037 1353
2038 1353
2039 1355
2040 1354
2041 1348
2042 1351
2043 1353
2044 1354
2045 1354
2046 1354
2047 1353
