1 2659
2 2659
3 2659
4 2658
5 2658
6 2659
7 2658
8 2657
9 2659
10 2659
11 2659
12 2660
13 2659
14 2664
15 2661
16 2658
17 2658
18 2659
19 2658
20 2663
21 2658
22 2658
23 2658
24 2659
25 2658
26 2660
27 2659
28 2659
29 2658
30 2658
31 2659
32 2657
33 2662
34 2660
35 2659
36 2659
37 2660
38 2660
39 2663
40 2659
41 2660
42 2658
43 2658
44 2659
45 2659
46 2658
47 2659
48 2658
49 2659
50 2659
51 2657
52 2662
53 1464
54 1051
55 880
56 810
57 779
58 769
59 761
60 757
61 757
62 757
63 756
64 741
65 746
66 751
67 752
68 754
69 754
70 753
71 752
72 751
73 753
74 752
75 753
76 752
77 754
78 752
79 752
80 751
81 751
82 752
83 752
84 757
85 753
86 752
87 751
88 752
89 749
90 756
91 751
92 752
93 749
94 749
95 751
96 744
97 747
98 748
99 749
100 749
101 750
102 749
103 751
104 749
105 749
106 749
107 749
108 751
109 753
110 751
111 751
112 750
113 749
114 751
115 764
116 760
117 754
118 752
119 751
120 749
121 751
122 757
123 752
124 751
125 752
126 748
127 749
128 748
129 748
130 749
131 749
132 748
133 749
134 749
135 755
136 751
137 749
138 750
139 749
140 751
141 754
142 750
143 749
144 748
145 748
146 749
147 749
148 1540
149 2171
150 2440
151 2559
152 2611
153 2631
154 2644
155 2647
156 2649
157 2651
158 2651
159 2652
160 2652
161 2650
162 2653
163 2653
164 2653
165 2654
166 2651
167 2654
168 2653
169 2654
170 2656
171 2656
172 2657
173 2657
174 2654
175 2656
176 2657
177 2656
178 2656
179 2653
180 2656
181 2657
182 2658
183 2657
184 2658
185 2657
186 2663
187 2660
188 2659
189 2659
190 2659
191 2658
192 2653
193 2654
194 2657
195 2658
196 2659
197 2658
198 2657
199 2658
200 2659
201 2658
202 2659
203 2660
204 2658
205 2657
206 2658
207 2658
208 2660
209 2659
210 2659
211 2659
212 2659
213 2659
214 2658
215 2659
216 2659
217 2676
218 2667
219 2661
220 2660
221 2660
222 2658
223 2659
224 2663
225 2659
226 2660
227 2659
228 2659
229 2660
230 2661
231 2659
232 2660
233 2658
234 2659
235 2659
236 2659
237 2664
238 2660
239 2659
240 2659
241 2659
242 2660
243 2581
244 1499
245 1067
246 887
247 814
248 781
249 768
250 764
251 759
252 757
253 756
254 756
255 754
256 755
257 755
258 755
259 754
260 754
261 754
262 755
263 754
264 753
265 754
266 753
267 753
268 738
269 745
270 749
271 750
272 752
273 751
274 750
275 751
276 748
277 749
278 750
279 751
280 749
281 750
282 749
283 749
284 748
285 749
286 749
287 730
288 747
289 748
290 748
291 749
292 748
293 749
294 755
295 749
296 751
297 751
298 751
299 752
300 749
301 748
302 749
303 749
304 749
305 751
306 749
307 751
308 751
309 749
310 751
311 749
312 751
313 752
314 750
315 750
316 751
317 749
318 749
319 746
320 751
321 749
322 750
323 749
324 751
325 749
326 753
327 748
328 749
329 749
330 748
331 749
332 748
333 749
334 748
335 747
336 748
337 749
338 740
339 1866
340 2309
341 2501
342 2585
343 2622
344 2637
345 2650
346 2650
347 2651
348 2651
349 2652
350 2652
351 2653
352 2654
353 2655
354 2652
355 2653
356 2654
357 2654
358 2660
359 2657
360 2656
361 2657
362 2656
363 2656
364 2652
365 2654
366 2658
367 2658
368 2657
369 2658
370 2645
371 2651
372 2656
373 2657
374 2656
375 2658
376 2657
377 2657
378 2657
379 2658
380 2659
381 2659
382 2658
383 2658
384 2657
385 2659
386 2659
387 2659
388 2659
389 2670
390 2660
391 2659
392 2658
393 2658
394 2659
395 2659
396 2652
397 2653
398 2657
399 2658
400 2658
401 2659
402 2654
403 2656
404 2658
405 2658
406 2659
407 2659
408 2658
409 2660
410 2659
411 2658
412 2659
413 2658
414 2659
415 2657
416 2656
417 2659
418 2658
419 2659
420 2660
421 2647
422 2656
423 2658
424 2658
425 2659
426 2660
427 2659
428 2656
429 2656
430 2658
431 2659
432 2659
433 2660
434 2560
435 1503
436 1069
437 888
438 813
439 781
440 753
441 755
442 756
443 756
444 755
445 755
446 754
447 760
448 755
449 756
450 756
451 753
452 754
453 751
454 752
455 753
456 753
457 753
458 753
459 751
460 752
461 749
462 752
463 749
464 751
465 751
466 755
467 753
468 752
469 749
470 749
471 749
472 740
473 743
474 745
475 748
476 748
477 748
478 748
479 753
480 748
481 749
482 749
483 748
484 749
485 751
486 749
487 750
488 750
489 749
490 750
491 742
492 746
493 748
494 748
495 749
496 750
497 751
498 756
499 752
500 751
501 752
502 749
503 751
504 749
505 749
506 750
507 749
508 750
509 749
510 751
511 753
512 749
513 749
514 749
515 749
516 749
517 753
518 751
519 749
520 750
521 749
522 749
523 754
524 752
525 751
526 749
527 749
528 749
529 750
530 1921
531 2332
532 2510
533 2589
534 2624
535 2637
536 2645
537 2647
538 2650
539 2650
540 2652
541 2653
542 2651
543 2652
544 2652
545 2652
546 2654
547 2656
548 2656
549 2653
550 2651
551 2653
552 2654
553 2654
554 2656
555 2658
556 2656
557 2656
558 2654
559 2656
560 2658
561 2657
562 2656
563 2656
564 2656
565 2657
566 2658
567 2658
568 2658
569 2657
570 2658
571 2659
572 2659
573 2659
574 2672
575 2664
576 2661
577 2659
578 2659
579 2659
580 2659
581 2658
582 2654
583 2658
584 2658
585 2658
586 2658
587 2658
588 2657
589 2659
590 2658
591 2659
592 2659
593 2672
594 2663
595 2660
596 2658
597 2658
598 2659
599 2658
600 2659
601 2657
602 2659
603 2659
604 2659
605 2660
606 2656
607 2657
608 2658
609 2658
610 2659
611 2660
612 2661
613 2661
614 2659
615 2659
616 2660
617 2659
618 2658
619 2667
620 2661
621 2660
622 2660
623 2659
624 2659
625 2553
626 1504
627 1070
628 888
629 815
630 781
631 767
632 765
633 758
634 756
635 757
636 755
637 756
638 752
639 753
640 753
641 753
642 754
643 755
644 757
645 754
646 754
647 753
648 754
649 753
650 753
651 751
652 749
653 751
654 752
655 751
656 752
657 751
658 751
659 750
660 749
661 748
662 751
663 756
664 749
665 749
666 750
667 749
668 749
669 749
670 746
671 747
672 748
673 749
674 749
675 750
676 748
677 749
678 749
679 748
680 748
681 749
682 748
683 751
684 748
685 749
686 749
687 749
688 750
689 749
690 748
691 749
692 749
693 749
694 749
695 764
696 757
697 752
698 751
699 750
700 748
701 749
702 753
703 749
704 749
705 750
706 748
707 749
708 748
709 748
710 748
711 748
712 748
713 748
714 746
715 746
716 747
717 747
718 748
719 748
720 748
721 1933
722 2338
723 2511
724 2590
725 2623
726 2638
727 2644
728 2648
729 2651
730 2652
731 2652
732 2653
733 2652
734 2658
735 2656
736 2653
737 2653
738 2656
739 2656
740 2652
741 2652
742 2653
743 2654
744 2656
745 2657
746 2664
747 2660
748 2656
749 2654
750 2657
751 2658
752 2658
753 2657
754 2656
755 2657
756 2658
757 2657
758 2658
759 2657
760 2657
761 2658
762 2658
763 2658
764 2659
765 2680
766 2673
767 2664
768 2660
769 2659
770 2659
771 2658
772 2658
773 2656
774 2658
775 2659
776 2658
777 2660
778 2657
779 2657
780 2658
781 2658
782 2659
783 2659
784 2658
785 2659
786 2658
787 2658
788 2658
789 2659
790 2659
791 2664
792 2660
793 2659
794 2658
795 2660
796 2659
797 2647
798 2656
799 2658
800 2658
801 2658
802 2659
803 2659
804 2662
805 2659
806 2660
807 2659
808 2659
809 2659
810 2662
811 2659
812 2659
813 2658
814 2659
815 2660
816 2576
817 1516
818 1075
819 890
820 814
821 780
822 767
823 759
824 756
825 755
826 755
827 754
828 755
829 753
830 753
831 754
832 753
833 752
834 755
835 753
836 758
837 754
838 752
839 752
840 752
841 753
842 754
843 752
844 752
845 751
846 749
847 751
848 745
849 748
850 748
851 749
852 749
853 749
854 747
855 752
856 749
857 749
858 748
859 748
860 748
861 751
862 747
863 748
864 748
865 748
866 749
867 760
868 756
869 752
870 750
871 749
872 750
873 750
874 749
875 748
876 749
877 751
878 748
879 749
880 749
881 750
882 751
883 750
884 749
885 750
886 775
887 760
888 753
889 753
890 751
891 751
892 756
893 753
894 748
895 748
896 748
897 748
898 749
899 747
900 747
901 741
902 744
903 746
904 748
905 748
906 749
907 748
908 749
909 749
910 749
911 749
912 1925
913 2332
914 2509
915 2589
916 2623
917 2638
918 2630
919 2642
920 2648
921 2649
922 2652
923 2653
924 2652
925 2657
926 2653
927 2654
928 2656
929 2656
930 2653
931 2656
932 2654
933 2656
934 2654
935 2656
936 2656
937 2629
938 2645
939 2650
940 2653
941 2656
942 2657
943 2657
944 2662
945 2658
946 2658
947 2658
948 2657
949 2658
950 2659
951 2659
952 2659
953 2658
954 2659
955 2659
956 2658
957 2659
958 2658
959 2658
960 2658
961 2659
962 2658
963 2659
964 2656
965 2659
966 2659
967 2658
968 2659
969 2647
970 2656
971 2658
972 2657
973 2659
974 2658
975 2659
976 2657
977 2656
978 2658
979 2660
980 2660
981 2659
982 2659
983 2658
984 2659
985 2659
986 2659
987 2659
988 2636
989 2646
990 2653
991 2656
992 2659
993 2660
994 2659
995 2657
996 2656
997 2658
998 2659
999 2659
1000 2659
1001 2660
1002 2660
1003 2660
1004 2660
1005 2659
1006 2660
1007 2536
1008 1497
1009 1066
1010 885
1011 813
1012 780
1013 768
1014 755
1015 755
1016 755
1017 756
1018 755
1019 755
1020 755
1021 755
1022 755
1023 753
1024 754
1025 753
1026 753
1027 755
1028 752
1029 753
1030 753
1031 752
1032 752
1033 756
1034 753
1035 753
1036 753
1037 752
1038 752
1039 770
1040 760
1041 754
1042 751
1043 749
1044 751
1045 748
1046 752
1047 749
1048 748
1049 749
1050 749
1051 749
1052 748
1053 749
1054 749
1055 750
1056 748
1057 749
1058 749
1059 755
1060 751
1061 751
1062 749
1063 749
1064 750
1065 751
1066 749
1067 750
1068 751
1069 751
1070 751
1071 743
1072 749
1073 749
1074 751
1075 749
1076 751
1077 748
1078 749
1079 749
1080 751
1081 749
1082 749
1083 750
1084 747
1085 748
1086 749
1087 748
1088 749
1089 751
1090 747
1091 747
1092 748
1093 748
1094 748
1095 749
1096 749
1097 754
1098 749
1099 749
1100 748
1101 749
1102 781
1103 1895
1104 2320
1105 2506
1106 2587
1107 2622
1108 2638
1109 2619
1110 2635
1111 2644
1112 2648
1113 2652
1114 2652
1115 2653
1116 2661
1117 2657
1118 2656
1119 2656
1120 2656
1121 2656
1122 2659
1123 2658
1124 2658
1125 2657
1126 2656
1127 2658
1128 2656
1129 2656
1130 2656
1131 2656
1132 2656
1133 2656
1134 2657
1135 2657
1136 2653
1137 2656
1138 2656
1139 2657
1140 2658
1141 2647
1142 2652
1143 2656
1144 2658
1145 2657
1146 2658
1147 2658
1148 2659
1149 2657
1150 2659
1151 2659
1152 2659
1153 2659
1154 2659
1155 2657
1156 2658
1157 2659
1158 2657
1159 2659
1160 2632
1161 2643
1162 2652
1163 2656
1164 2657
1165 2657
1166 2658
1167 2665
1168 2660
1169 2660
1170 2658
1171 2659
1172 2659
1173 2660
1174 2659
1175 2658
1176 2658
1177 2659
1178 2659
1179 2660
1180 2663
1181 2660
1182 2659
1183 2659
1184 2659
1185 2660
1186 2659
1187 2658
1188 2660
1189 2659
1190 2659
1191 2659
1192 2648
1193 2656
1194 2658
1195 2657
1196 2660
1197 2660
1198 1635
1199 1118
1200 907
1201 823
1202 785
1203 769
1204 762
1205 759
1206 757
1207 756
1208 756
1209 756
1210 756
1211 779
1212 765
1213 757
1214 755
1215 754
1216 754
1217 754
1218 760
1219 755
1220 754
1221 752
1222 753
1223 752
1224 757
1225 753
1226 753
1227 750
1228 751
1229 749
1230 749
1231 752
1232 751
1233 750
1234 751
1235 748
1236 748
1237 748
1238 748
1239 748
1240 747
1241 747
1242 748
1243 735
1244 743
1245 747
1246 748
1247 748
1248 748
1249 748
1250 746
1251 747
1252 747
1253 748
1254 747
1255 748
1256 748
1257 748
1258 749
1259 749
1260 748
1261 749
1262 772
1263 757
1264 754
1265 751
1266 749
1267 749
1268 749
1269 752
1270 749
1271 749
1272 751
1273 751
1274 750
1275 754
1276 753
1277 752
1278 750
1279 748
1280 750
1281 749
1282 753
1283 751
1284 750
1285 751
1286 749
1287 749
1288 746
1289 746
1290 748
1291 748
1292 748
1293 845
1294 1885
1295 2320
1296 2505
1297 2587
1298 2622
1299 2636
1300 2645
1301 2650
1302 2650
1303 2652
1304 2651
1305 2651
1306 2653
1307 2657
1308 2656
1309 2654
1310 2653
1311 2657
1312 2656
1313 2654
1314 2656
1315 2653
1316 2654
1317 2656
1318 2656
1319 2656
1320 2660
1321 2657
1322 2658
1323 2657
1324 2657
1325 2658
1326 2663
1327 2660
1328 2659
1329 2658
1330 2657
1331 2658
1332 2657
1333 2660
1334 2657
1335 2659
1336 2659
1337 2659
1338 2659
1339 2659
1340 2659
1341 2659
1342 2659
1343 2658
1344 2659
1345 2629
1346 2643
1347 2650
1348 2656
1349 2656
1350 2658
1351 2657
1352 2653
1353 2654
1354 2657
1355 2657
1356 2657
1357 2659
1358 2661
1359 2659
1360 2660
1361 2659
1362 2659
1363 2660
1364 2660
1365 2663
1366 2659
1367 2659
1368 2660
1369 2659
1370 2659
1371 2662
1372 2660
1373 2659
1374 2659
1375 2659
1376 2660
1377 2664
1378 2661
1379 2660
1380 2659
1381 2660
1382 2660
1383 2660
1384 2658
1385 2656
1386 2659
1387 2659
1388 2660
1389 1486
1390 1061
1391 882
1392 813
1393 780
1394 766
1395 763
1396 735
1397 752
1398 754
1399 755
1400 755
1401 755
1402 754
1403 748
1404 749
1405 754
1406 753
1407 754
1408 754
1409 748
1410 752
1411 752
1412 752
1413 752
1414 751
1415 750
1416 751
1417 749
1418 751
1419 751
1420 749
1421 751
1422 751
1423 748
1424 750
1425 749
1426 749
1427 750
1428 744
1429 747
1430 749
1431 748
1432 749
1433 749
1434 751
1435 753
1436 750
1437 749
1438 749
1439 749
1440 752
1441 750
1442 748
1443 750
1444 750
1445 751
1446 749
1447 762
1448 758
1449 753
1450 751
1451 751
1452 749
1453 750
1454 752
1455 749
1456 750
1457 751
1458 749
1459 749
1460 747
1461 750
1462 749
1463 749
1464 748
1465 749
1466 749
1467 753
1468 749
1469 749
1470 749
1471 748
1472 750
1473 752
1474 748
1475 749
1476 749
1477 749
1478 750
1479 727
1480 740
1481 746
1482 748
1483 748
1484 851
1485 1872
1486 2316
1487 2500
1488 2587
1489 2622
1490 2637
1491 2645
1492 2649
1493 2650
1494 2652
1495 2651
1496 2652
1497 2654
1498 2661
1499 2656
1500 2655
1501 2656
1502 2656
1503 2654
1504 2657
1505 2656
1506 2653
1507 2654
1508 2654
1509 2656
1510 2656
1511 2659
1512 2658
1513 2658
1514 2657
1515 2658
1516 2658
1517 2657
1518 2660
1519 2657
1520 2658
1521 2659
1522 2658
1523 2657
1524 2656
1525 2656
1526 2658
1527 2658
1528 2659
1529 2659
1530 2657
1531 2659
1532 2657
1533 2658
1534 2658
1535 2659
1536 2658
1537 2657
1538 2656
1539 2658
1540 2658
1541 2658
1542 2660
1543 2660
1544 2658
1545 2660
1546 2659
1547 2659
1548 2660
1549 2660
1550 2664
1551 2660
1552 2658
1553 2659
1554 2660
1555 2660
1556 2666
1557 2661
1558 2660
1559 2659
1560 2659
1561 2659
1562 2663
1563 2661
1564 2660
1565 2659
1566 2659
1567 2661
1568 2658
1569 2658
1570 2657
1571 2659
1572 2659
1573 2659
1574 2659
1575 2653
1576 2656
1577 2659
1578 2659
1579 2660
1580 1459
1581 1065
1582 885
1583 811
1584 780
1585 767
1586 761
1587 758
1588 759
1589 755
1590 756
1591 756
1592 755
1593 755
1594 755
1595 754
1596 754
1597 754
1598 753
1599 754
1600 724
1601 740
1602 746
1603 750
1604 751
1605 752
1606 752
1607 747
1608 748
1609 749
1610 749
1611 749
1612 751
1613 753
1614 749
1615 749
1616 747
1617 748
1618 749
1619 749
1620 753
1621 748
1622 748
1623 749
1624 748
1625 748
1626 747
1627 748
1628 747
1629 748
1630 748
1631 749
1632 747
1633 749
1634 748
1635 748
1636 748
1637 748
1638 748
1639 751
1640 748
1641 750
1642 751
1643 749
1644 751
1645 751
1646 749
1647 748
1648 750
1649 751
1650 751
1651 731
1652 742
1653 746
1654 748
1655 749
1656 750
1657 749
1658 748
1659 748
1660 749
1661 749
1662 748
1663 751
1664 748
1665 748
1666 749
1667 749
1668 749
1669 750
1670 747
1671 751
1672 749
1673 748
1674 748
1675 853
1676 1873
1677 2317
1678 2503
1679 2587
1680 2623
1681 2636
1682 2646
1683 2650
1684 2651
1685 2652
1686 2652
1687 2653
1688 2653
1689 2652
1690 2652
1691 2651
1692 2652
1693 2653
1694 2656
1695 2656
1696 2660
1697 2657
1698 2657
1699 2656
1700 2656
1701 2657
1702 2673
1703 2666
1704 2660
1705 2658
1706 2659
1707 2659
1708 2657
1709 2665
1710 2660
1711 2659
1712 2659
1713 2657
1714 2658
1715 2659
1716 2659
1717 2658
1718 2657
1719 2658
1720 2658
1721 2654
1722 2661
1723 2658
1724 2659
1725 2657
1726 2659
1727 2659
1728 2666
1729 2660
1730 2660
1731 2659
1732 2659
1733 2659
1734 2664
1735 2661
1736 2659
1737 2657
1738 2657
1739 2659
1740 2658
1741 2658
1742 2657
1743 2659
1744 2659
1745 2659
1746 2659
1747 2661
1748 2659
1749 2659
1750 2658
1751 2659
1752 2659
1753 2668
1754 2665
1755 2661
1756 2659
1757 2660
1758 2659
1759 2658
1760 2663
1761 2659
1762 2658
1763 2659
1764 2659
1765 2659
1766 2659
1767 2658
1768 2659
1769 2660
1770 2659
1771 1453
1772 1051
1773 878
1774 809
1775 777
1776 765
1777 760
1778 758
1779 754
1780 755
1781 755
1782 755
1783 755
1784 755
1785 753
1786 755
1787 754
1788 754
1789 754
1790 754
1791 753
1792 756
1793 752
1794 753
1795 752
1796 752
1797 753
1798 746
1799 748
1800 751
1801 750
1802 748
1803 751
1804 729
1805 741
1806 746
1807 747
1808 748
1809 748
1810 748
1811 747
1812 747
1813 748
1814 749
1815 749
1816 748
1817 748
1818 747
1819 749
1820 748
1821 748
1822 750
1823 750
1824 752
1825 750
1826 748
1827 748
1828 748
1829 748
1830 746
1831 747
1832 748
1833 748
1834 749
1835 749
1836 745
1837 747
1838 748
1839 748
1840 748
1841 749
1842 748
1843 751
1844 749
1845 748
1846 757
1847 752
1848 749
1849 744
1850 747
1851 747
1852 748
1853 747
1854 748
1855 738
1856 739
1857 744
1858 745
1859 747
1860 747
1861 748
1862 753
1863 750
1864 749
1865 750
1866 853
1867 1872
1868 2311
1869 2501
1870 2587
1871 2622
1872 2636
1873 2645
1874 2630
1875 2647
1876 2650
1877 2651
1878 2652
1879 2654
1880 2656
1881 2652
1882 2651
1883 2656
1884 2654
1885 2656
1886 2657
1887 2660
1888 2658
1889 2658
1890 2658
1891 2657
1892 2657
1893 2657
1894 2658
1895 2656
1896 2657
1897 2657
1898 2657
1899 2656
1900 2652
1901 2653
1902 2657
1903 2657
1904 2658
1905 2659
1906 2641
1907 2652
1908 2654
1909 2657
1910 2658
1911 2659
1912 2659
1913 2662
1914 2659
1915 2659
1916 2658
1917 2658
1918 2659
1919 2657
1920 2657
1921 2658
1922 2659
1923 2658
1924 2659
1925 2656
1926 2663
1927 2660
1928 2658
1929 2658
1930 2659
1931 2659
1932 2651
1933 2654
1934 2659
1935 2659
1936 2659
1937 2660
1938 2656
1939 2656
1940 2658
1941 2658
1942 2658
1943 2659
1944 2658
1945 2660
1946 2659
1947 2659
1948 2659
1949 2660
1950 2660
1951 2659
1952 2659
1953 2660
1954 2659
1955 2659
1956 2660
1957 2672
1958 2666
1959 2661
1960 2660
1961 2660
1962 1452
1963 1047
1964 876
1965 808
1966 778
1967 766
1968 760
1969 759
1970 758
1971 757
1972 756
1973 756
1974 755
1975 756
1976 755
1977 759
1978 755
1979 754
1980 754
1981 755
1982 754
1983 757
1984 754
1985 754
1986 753
1987 751
1988 754
1989 763
1990 757
1991 752
1992 753
1993 750
1994 749
1995 751
1996 754
1997 750
1998 751
1999 749
2000 749
2001 749
2002 752
2003 749
2004 749
2005 749
2006 748
2007 749
2008 761
2009 752
2010 748
2011 749
2012 749
2013 748
2014 748
2015 755
2016 749
2017 751
2018 749
2019 748
2020 749
2021 751
2022 749
2023 750
2024 749
2025 749
2026 749
2027 748
2028 753
2029 749
2030 748
2031 750
2032 748
2033 749
2034 755
2035 753
2036 751
2037 749
2038 748
2039 750
2040 746
2041 747
2042 748
2043 748
2044 748
2045 748
2046 749
2047 747
