1 758
2 758
3 758
4 758
5 760
6 759
7 758
8 758
9 758
10 758
11 757
12 758
13 761
14 759
15 760
16 758
17 758
18 758
19 762
20 759
21 759
22 758
23 758
24 759
25 757
26 761
27 757
28 757
29 760
30 758
31 759
32 904
33 2444
34 3101
35 3383
36 3507
37 3560
38 3594
39 3598
40 3603
41 3605
42 3607
43 3609
44 3608
45 3614
46 3610
47 3612
48 3611
49 3612
50 3612
51 3610
52 3610
53 3612
54 3613
55 3614
56 3612
57 3618
58 3615
59 3614
60 3614
61 3617
62 3615
63 3618
64 3619
65 3619
66 3620
67 3621
68 3619
69 3620
70 3614
71 3618
72 3620
73 3619
74 3620
75 3620
76 3621
77 3622
78 3620
79 3621
80 3621
81 3621
82 3619
83 3620
84 3619
85 3619
86 3620
87 3620
88 3621
89 3620
90 3623
91 3620
92 3621
93 3621
94 3621
95 3619
96 3613
97 3617
98 3618
99 3618
100 3618
101 3620
102 3613
103 3618
104 3618
105 3620
106 3619
107 3620
108 3617
109 3620
110 3619
111 3621
112 3620
113 3620
114 3621
115 3619
116 3619
117 3619
118 3619
119 3619
120 3620
121 3633
122 3626
123 3623
124 3621
125 3621
126 3622
127 3620
128 1856
129 1221
130 959
131 850
132 806
133 785
134 775
135 770
136 769
137 766
138 765
139 767
140 787
141 774
142 768
143 765
144 764
145 763
146 764
147 765
148 763
149 764
150 762
151 762
152 763
153 765
154 763
155 763
156 762
157 761
158 761
159 762
160 763
161 761
162 760
163 761
164 761
165 760
166 764
167 761
168 761
169 761
170 760
171 760
172 764
173 763
174 762
175 759
176 759
177 760
178 759
179 757
180 757
181 758
182 760
183 759
184 760
185 759
186 759
187 760
188 758
189 759
190 758
191 736
192 746
193 753
194 756
195 760
196 760
197 760
198 764
199 760
200 761
201 759
202 759
203 758
204 760
205 758
206 758
207 758
208 758
209 759
210 757
211 757
212 757
213 757
214 757
215 758
216 758
217 754
218 755
219 757
220 756
221 756
222 757
223 916
224 2447
225 3103
226 3384
227 3507
228 3560
229 3584
230 3601
231 3601
232 3606
233 3608
234 3608
235 3610
236 3608
237 3608
238 3610
239 3610
240 3611
241 3612
242 3614
243 3611
244 3612
245 3613
246 3614
247 3615
248 3615
249 3612
250 3611
251 3617
252 3617
253 3620
254 3619
255 3618
256 3617
257 3620
258 3619
259 3620
260 3619
261 3622
262 3625
263 3622
264 3621
265 3622
266 3622
267 3621
268 3619
269 3619
270 3621
271 3621
272 3621
273 3621
274 3618
275 3615
276 3619
277 3618
278 3619
279 3618
280 3619
281 3619
282 3618
283 3618
284 3620
285 3618
286 3618
287 3618
288 3618
289 3618
290 3618
291 3619
292 3619
293 3614
294 3613
295 3617
296 3617
297 3619
298 3619
299 3619
300 3612
301 3615
302 3617
303 3620
304 3619
305 3620
306 3614
307 3618
308 3619
309 3620
310 3620
311 3620
312 3620
313 3621
314 3618
315 3620
316 3619
317 3620
318 3621
319 1833
320 1213
321 957
322 848
323 804
324 786
325 780
326 772
327 770
328 768
329 767
330 765
331 765
332 764
333 763
334 764
335 765
336 764
337 764
338 767
339 765
340 764
341 764
342 762
343 762
344 769
345 767
346 764
347 762
348 761
349 762
350 761
351 765
352 760
353 761
354 761
355 760
356 760
357 760
358 760
359 759
360 760
361 761
362 761
363 765
364 761
365 759
366 760
367 760
368 760
369 760
370 763
371 760
372 760
373 760
374 760
375 761
376 754
377 758
378 760
379 761
380 760
381 761
382 760
383 763
384 759
385 759
386 759
387 758
388 758
389 761
390 758
391 760
392 760
393 758
394 760
395 743
396 751
397 755
398 756
399 758
400 760
401 760
402 758
403 757
404 758
405 759
406 760
407 760
408 759
409 758
410 758
411 759
412 760
413 760
414 895
415 2444
416 3098
417 3382
418 3504
419 3560
420 3585
421 3595
422 3599
423 3604
424 3605
425 3608
426 3608
427 3610
428 3610
429 3608
430 3610
431 3610
432 3612
433 3611
434 3615
435 3612
436 3613
437 3613
438 3615
439 3613
440 3618
441 3613
442 3617
443 3615
444 3615
445 3614
446 3609
447 3612
448 3614
449 3617
450 3619
451 3619
452 3617
453 3618
454 3615
455 3618
456 3619
457 3620
458 3620
459 3621
460 3620
461 3621
462 3619
463 3620
464 3620
465 3629
466 3624
467 3621
468 3619
469 3620
470 3619
471 3620
472 3621
473 3619
474 3619
475 3620
476 3619
477 3620
478 3615
479 3614
480 3618
481 3619
482 3620
483 3619
484 3620
485 3625
486 3622
487 3620
488 3620
489 3619
490 3621
491 3623
492 3621
493 3620
494 3620
495 3620
496 3620
497 3614
498 3615
499 3618
500 3619
501 3619
502 3620
503 3619
504 3622
505 3619
506 3619
507 3620
508 3618
509 3620
510 1831
511 1212
512 955
513 847
514 806
515 786
516 782
517 777
518 771
519 768
520 767
521 766
522 765
523 764
524 763
525 763
526 764
527 763
528 764
529 764
530 763
531 763
532 762
533 762
534 763
535 750
536 757
537 760
538 761
539 762
540 761
541 760
542 754
543 757
544 759
545 760
546 759
547 760
548 757
549 759
550 760
551 759
552 760
553 760
554 760
555 761
556 759
557 759
558 760
559 759
560 759
561 756
562 758
563 760
564 760
565 759
566 761
567 771
568 765
569 760
570 760
571 759
572 759
573 760
574 762
575 760
576 759
577 759
578 758
579 760
580 759
581 758
582 758
583 758
584 757
585 759
586 777
587 769
588 763
589 760
590 759
591 758
592 758
593 760
594 758
595 758
596 758
597 757
598 758
599 757
600 759
601 760
602 759
603 759
604 758
605 909
606 2444
607 3100
608 3382
609 3507
610 3560
611 3586
612 3594
613 3602
614 3606
615 3607
616 3609
617 3610
618 3610
619 3610
620 3610
621 3611
622 3611
623 3611
624 3610
625 3612
626 3610
627 3612
628 3612
629 3613
630 3614
631 3612
632 3613
633 3613
634 3617
635 3617
636 3618
637 3597
638 3606
639 3611
640 3615
641 3619
642 3621
643 3619
644 3619
645 3617
646 3620
647 3619
648 3621
649 3622
650 3622
651 3620
652 3621
653 3621
654 3621
655 3621
656 3620
657 3622
658 3620
659 3619
660 3620
661 3620
662 3620
663 3625
664 3620
665 3622
666 3620
667 3619
668 3620
669 3613
670 3614
671 3618
672 3618
673 3619
674 3619
675 3615
676 3618
677 3615
678 3618
679 3618
680 3619
681 3618
682 3620
683 3617
684 3619
685 3617
686 3619
687 3620
688 3599
689 3607
690 3613
691 3614
692 3618
693 3618
694 3620
695 3622
696 3619
697 3620
698 3620
699 3619
700 3619
701 1855
702 1223
703 959
704 850
705 805
706 786
707 758
708 769
709 768
710 766
711 766
712 766
713 766
714 762
715 763
716 763
717 764
718 763
719 763
720 760
721 760
722 761
723 762
724 764
725 764
726 762
727 762
728 762
729 762
730 762
731 760
732 761
733 767
734 764
735 762
736 763
737 761
738 761
739 751
740 757
741 758
742 757
743 759
744 760
745 759
746 764
747 762
748 760
749 760
750 760
751 760
752 758
753 759
754 759
755 759
756 760
757 759
758 776
759 771
760 764
761 761
762 760
763 760
764 760
765 764
766 761
767 760
768 760
769 759
770 760
771 762
772 760
773 759
774 758
775 758
776 760
777 760
778 761
779 759
780 760
781 758
782 759
783 759
784 757
785 758
786 758
787 758
788 758
789 758
790 767
791 763
792 760
793 758
794 758
795 757
796 2059
797 2940
798 3309
799 3475
800 3545
801 3578
802 3593
803 3601
804 3604
805 3606
806 3608
807 3609
808 3610
809 3585
810 3596
811 3604
812 3608
813 3610
814 3610
815 3612
816 3613
817 3611
818 3611
819 3613
820 3612
821 3613
822 3611
823 3615
824 3617
825 3618
826 3618
827 3618
828 3615
829 3615
830 3615
831 3619
832 3620
833 3620
834 3621
835 3620
836 3620
837 3620
838 3621
839 3620
840 3622
841 3609
842 3617
843 3618
844 3620
845 3620
846 3622
847 3620
848 3621
849 3618
850 3620
851 3620
852 3622
853 3621
854 3620
855 3618
856 3620
857 3619
858 3619
859 3620
860 3601
861 3611
862 3615
863 3619
864 3619
865 3620
866 3619
867 3619
868 3617
869 3619
870 3619
871 3620
872 3619
873 3622
874 3620
875 3620
876 3619
877 3620
878 3619
879 3619
880 3620
881 3618
882 3617
883 3617
884 3619
885 3618
886 3618
887 3614
888 3619
889 3619
890 3619
891 3490
892 1916
893 1251
894 970
895 855
896 807
897 786
898 776
899 768
900 766
901 767
902 762
903 762
904 763
905 764
906 764
907 763
908 762
909 762
910 764
911 762
912 767
913 764
914 762
915 763
916 763
917 763
918 766
919 761
920 762
921 762
922 761
923 763
924 764
925 761
926 761
927 761
928 759
929 760
930 759
931 760
932 758
933 760
934 758
935 758
936 760
937 766
938 762
939 761
940 761
941 760
942 760
943 747
944 752
945 756
946 758
947 760
948 760
949 759
950 764
951 760
952 760
953 759
954 758
955 758
956 756
957 756
958 759
959 759
960 758
961 759
962 760
963 757
964 756
965 757
966 759
967 757
968 759
969 757
970 757
971 759
972 758
973 759
974 759
975 763
976 759
977 757
978 759
979 758
980 760
981 758
982 757
983 755
984 756
985 758
986 757
987 2456
988 3108
989 3384
990 3507
991 3559
992 3585
993 3596
994 3620
995 3611
996 3608
997 3608
998 3608
999 3608
1000 3610
1001 3605
1002 3608
1003 3609
1004 3610
1005 3610
1006 3612
1007 3610
1008 3611
1009 3612
1010 3612
1011 3613
1012 3614
1013 3612
1014 3620
1015 3614
1016 3615
1017 3618
1018 3618
1019 3619
1020 3618
1021 3617
1022 3618
1023 3619
1024 3618
1025 3620
1026 3625
1027 3622
1028 3619
1029 3621
1030 3620
1031 3620
1032 3619
1033 3621
1034 3619
1035 3620
1036 3620
1037 3619
1038 3620
1039 3621
1040 3618
1041 3619
1042 3619
1043 3618
1044 3619
1045 3626
1046 3625
1047 3621
1048 3620
1049 3620
1050 3619
1051 3619
1052 3619
1053 3617
1054 3621
1055 3619
1056 3619
1057 3619
1058 3615
1059 3615
1060 3618
1061 3619
1062 3619
1063 3620
1064 3619
1065 3624
1066 3619
1067 3620
1068 3619
1069 3619
1070 3619
1071 3614
1072 3613
1073 3618
1074 3618
1075 3620
1076 3620
1077 3624
1078 3621
1079 3621
1080 3620
1081 3620
1082 3475
1083 1907
1084 1241
1085 966
1086 853
1087 807
1088 785
1089 776
1090 771
1091 768
1092 767
1093 767
1094 766
1095 766
1096 754
1097 765
1098 765
1099 764
1100 764
1101 763
1102 763
1103 763
1104 762
1105 762
1106 762
1107 762
1108 763
1109 764
1110 762
1111 763
1112 761
1113 761
1114 760
1115 760
1116 763
1117 761
1118 760
1119 760
1120 760
1121 760
1122 764
1123 760
1124 760
1125 760
1126 760
1127 760
1128 752
1129 756
1130 760
1131 758
1132 758
1133 761
1134 758
1135 761
1136 758
1137 760
1138 760
1139 759
1140 760
1141 760
1142 759
1143 759
1144 760
1145 758
1146 760
1147 772
1148 766
1149 763
1150 760
1151 760
1152 761
1153 760
1154 755
1155 756
1156 758
1157 759
1158 758
1159 759
1160 758
1161 758
1162 759
1163 758
1164 758
1165 759
1166 758
1167 765
1168 761
1169 760
1170 759
1171 759
1172 759
1173 756
1174 756
1175 757
1176 757
1177 757
1178 2511
1179 3136
1180 3394
1181 3512
1182 3562
1183 3585
1184 3598
1185 3603
1186 3606
1187 3605
1188 3607
1189 3609
1190 3610
1191 3611
1192 3613
1193 3610
1194 3613
1195 3611
1196 3612
1197 3612
1198 3627
1199 3618
1200 3615
1201 3613
1202 3614
1203 3615
1204 3615
1205 3613
1206 3613
1207 3614
1208 3617
1209 3618
1210 3619
1211 3619
1212 3619
1213 3619
1214 3619
1215 3620
1216 3621
1217 3608
1218 3620
1219 3619
1220 3620
1221 3621
1222 3621
1223 3620
1224 3614
1225 3619
1226 3619
1227 3620
1228 3620
1229 3620
1230 3622
1231 3621
1232 3621
1233 3622
1234 3619
1235 3621
1236 3619
1237 3620
1238 3619
1239 3619
1240 3620
1241 3620
1242 3621
1243 3619
1244 3618
1245 3619
1246 3621
1247 3621
1248 3622
1249 3627
1250 3623
1251 3621
1252 3620
1253 3620
1254 3619
1255 3619
1256 3617
1257 3615
1258 3619
1259 3620
1260 3619
1261 3620
1262 3620
1263 3619
1264 3620
1265 3620
1266 3620
1267 3621
1268 3594
1269 3605
1270 3611
1271 3615
1272 3615
1273 3471
1274 1908
1275 1243
1276 968
1277 853
1278 807
1279 785
1280 776
1281 770
1282 769
1283 766
1284 766
1285 765
1286 765
1287 766
1288 768
1289 766
1290 765
1291 764
1292 764
1293 762
1294 767
1295 765
1296 762
1297 762
1298 762
1299 761
1300 768
1301 765
1302 762
1303 762
1304 762
1305 761
1306 761
1307 761
1308 759
1309 760
1310 760
1311 760
1312 760
1313 758
1314 758
1315 759
1316 758
1317 759
1318 761
1319 732
1320 746
1321 754
1322 757
1323 759
1324 760
1325 758
1326 758
1327 756
1328 757
1329 759
1330 758
1331 759
1332 759
1333 758
1334 758
1335 758
1336 758
1337 760
1338 760
1339 760
1340 758
1341 759
1342 758
1343 757
1344 758
1345 764
1346 759
1347 760
1348 761
1349 759
1350 758
1351 752
1352 756
1353 757
1354 757
1355 758
1356 758
1357 756
1358 761
1359 759
1360 758
1361 759
1362 758
1363 758
1364 758
1365 759
1366 759
1367 758
1368 758
1369 2521
1370 3119
1371 3388
1372 3506
1373 3560
1374 3586
1375 3598
1376 3601
1377 3599
1378 3603
1379 3607
1380 3608
1381 3609
1382 3610
1383 3613
1384 3610
1385 3612
1386 3612
1387 3613
1388 3613
1389 3611
1390 3615
1391 3613
1392 3614
1393 3615
1394 3618
1395 3614
1396 3613
1397 3613
1398 3618
1399 3617
1400 3619
1401 3619
1402 3619
1403 3620
1404 3619
1405 3618
1406 3620
1407 3620
1408 3621
1409 3619
1410 3618
1411 3619
1412 3620
1413 3620
1414 3621
1415 3622
1416 3620
1417 3620
1418 3619
1419 3620
1420 3621
1421 3621
1422 3620
1423 3620
1424 3620
1425 3620
1426 3619
1427 3620
1428 3615
1429 3615
1430 3618
1431 3619
1432 3618
1433 3619
1434 3620
1435 3620
1436 3619
1437 3618
1438 3619
1439 3620
1440 3619
1441 3619
1442 3618
1443 3618
1444 3619
1445 3619
1446 3620
1447 3622
1448 3618
1449 3619
1450 3620
1451 3619
1452 3620
1453 3609
1454 3617
1455 3617
1456 3618
1457 3619
1458 3620
1459 3619
1460 3618
1461 3617
1462 3619
1463 3619
1464 3469
1465 1907
1466 1243
1467 967
1468 853
1469 807
1470 784
1471 775
1472 760
1473 763
1474 765
1475 766
1476 765
1477 764
1478 765
1479 760
1480 761
1481 763
1482 764
1483 763
1484 763
1485 765
1486 763
1487 762
1488 763
1489 761
1490 763
1491 761
1492 761
1493 761
1494 761
1495 761
1496 761
1497 761
1498 758
1499 758
1500 760
1501 760
1502 760
1503 761
1504 765
1505 763
1506 760
1507 761
1508 760
1509 760
1510 759
1511 760
1512 757
1513 759
1514 760
1515 759
1516 760
1517 758
1518 758
1519 760
1520 760
1521 759
1522 759
1523 774
1524 763
1525 762
1526 759
1527 760
1528 760
1529 758
1530 764
1531 761
1532 760
1533 760
1534 758
1535 760
1536 761
1537 760
1538 760
1539 759
1540 758
1541 759
1542 760
1543 760
1544 758
1545 758
1546 759
1547 759
1548 758
1549 757
1550 757
1551 759
1552 759
1553 757
1554 758
1555 751
1556 755
1557 757
1558 757
1559 756
1560 2523
1561 3134
1562 3399
1563 3512
1564 3564
1565 3587
1566 3598
1567 3604
1568 3609
1569 3607
1570 3608
1571 3609
1572 3610
1573 3611
1574 3629
1575 3623
1576 3617
1577 3614
1578 3612
1579 3613
1580 3612
1581 3618
1582 3612
1583 3613
1584 3614
1585 3614
1586 3615
1587 3613
1588 3613
1589 3617
1590 3617
1591 3618
1592 3618
1593 3604
1594 3613
1595 3615
1596 3619
1597 3620
1598 3620
1599 3621
1600 3618
1601 3618
1602 3620
1603 3620
1604 3622
1605 3621
1606 3622
1607 3621
1608 3622
1609 3620
1610 3621
1611 3620
1612 3618
1613 3620
1614 3619
1615 3618
1616 3620
1617 3619
1618 3619
1619 3619
1620 3618
1621 3619
1622 3617
1623 3620
1624 3619
1625 3601
1626 3609
1627 3615
1628 3615
1629 3619
1630 3619
1631 3620
1632 3621
1633 3619
1634 3619
1635 3620
1636 3618
1637 3619
1638 3619
1639 3618
1640 3618
1641 3619
1642 3618
1643 3620
1644 3629
1645 3627
1646 3622
1647 3620
1648 3619
1649 3619
1650 3619
1651 3621
1652 3618
1653 3615
1654 3617
1655 3184
1656 1784
1657 1196
1658 949
1659 844
1660 802
1661 783
1662 775
1663 772
1664 769
1665 766
1666 766
1667 766
1668 766
1669 766
1670 767
1671 765
1672 764
1673 764
1674 763
1675 765
1676 756
1677 760
1678 761
1679 762
1680 763
1681 763
1682 763
1683 764
1684 762
1685 762
1686 762
1687 761
1688 761
1689 759
1690 760
1691 761
1692 761
1693 760
1694 761
1695 772
1696 768
1697 763
1698 761
1699 760
1700 760
1701 760
1702 763
1703 759
1704 760
1705 760
1706 760
1707 761
1708 761
1709 760
1710 760
1711 759
1712 759
1713 760
1714 743
1715 754
1716 757
1717 757
1718 758
1719 758
1720 759
1721 762
1722 761
1723 761
1724 760
1725 761
1726 760
1727 754
1728 757
1729 758
1730 758
1731 758
1732 759
1733 759
1734 760
1735 758
1736 758
1737 758
1738 758
1739 759
1740 757
1741 758
1742 758
1743 758
1744 757
1745 758
1746 760
1747 761
1748 760
1749 758
1750 831
1751 2471
1752 3114
1753 3390
1754 3508
1755 3560
1756 3587
1757 3597
1758 3603
1759 3605
1760 3606
1761 3607
1762 3608
1763 3610
1764 3611
1765 3602
1766 3611
1767 3610
1768 3610
1769 3613
1770 3613
1771 3613
1772 3609
1773 3611
1774 3613
1775 3615
1776 3615
1777 3618
1778 3620
1779 3619
1780 3617
1781 3618
1782 3618
1783 3619
1784 3618
1785 3619
1786 3619
1787 3619
1788 3620
1789 3620
1790 3619
1791 3621
1792 3621
1793 3620
1794 3620
1795 3620
1796 3621
1797 3617
1798 3619
1799 3619
1800 3619
1801 3619
1802 3620
1803 3619
1804 3620
1805 3617
1806 3619
1807 3619
1808 3621
1809 3621
1810 3619
1811 3615
1812 3620
1813 3620
1814 3619
1815 3619
1816 3636
1817 3632
1818 3624
1819 3622
1820 3621
1821 3622
1822 3621
1823 3625
1824 3620
1825 3620
1826 3620
1827 3620
1828 3621
1829 3619
1830 3620
1831 3623
1832 3621
1833 3621
1834 3621
1835 3620
1836 3621
1837 3620
1838 3619
1839 3620
1840 3620
1841 3620
1842 3620
1843 3620
1844 3620
1845 3620
1846 2049
1847 1313
1848 997
1849 868
1850 814
1851 787
1852 776
1853 772
1854 770
1855 766
1856 765
1857 759
1858 762
1859 763
1860 764
1861 764
1862 764
1863 764
1864 765
1865 765
1866 763
1867 774
1868 770
1869 765
1870 763
1871 763
1872 763
1873 762
1874 768
1875 763
1876 761
1877 762
1878 761
1879 762
1880 758
1881 760
1882 761
1883 760
1884 760
1885 760
1886 762
1887 762
1888 760
1889 760
1890 760
1891 761
1892 759
1893 758
1894 758
1895 759
1896 760
1897 760
1898 760
1899 758
1900 759
1901 759
1902 760
1903 760
1904 759
1905 758
1906 758
1907 758
1908 758
1909 761
1910 758
1911 759
1912 760
1913 758
1914 760
1915 759
1916 759
1917 760
1918 788
1919 771
1920 763
1921 760
1922 759
1923 759
1924 759
1925 756
1926 756
1927 757
1928 758
1929 757
1930 757
1931 756
1932 758
1933 759
1934 759
1935 759
1936 760
1937 758
1938 757
1939 758
1940 757
1941 901
1942 2447
1943 3102
1944 3386
1945 3505
1946 3560
1947 3586
1948 3597
1949 3603
1950 3604
1951 3606
1952 3608
1953 3607
1954 3610
1955 3612
1956 3609
1957 3612
1958 3611
1959 3611
1960 3613
1961 3612
1962 3613
1963 3614
1964 3612
1965 3614
1966 3614
1967 3617
1968 3618
1969 3635
1970 3627
1971 3620
1972 3619
1973 3621
1974 3620
1975 3620
1976 3617
1977 3618
1978 3620
1979 3621
1980 3621
1981 3622
1982 3621
1983 3621
1984 3621
1985 3622
1986 3621
1987 3622
1988 3622
1989 3620
1990 3619
1991 3620
1992 3621
1993 3621
1994 3621
1995 3626
1996 3622
1997 3621
1998 3620
1999 3620
2000 3621
2001 3620
2002 3620
2003 3619
2004 3618
2005 3619
2006 3621
2007 3619
2008 3618
2009 3615
2010 3619
2011 3619
2012 3620
2013 3618
2014 3619
2015 3617
2016 3619
2017 3618
2018 3619
2019 3619
2020 3627
2021 3620
2022 3619
2023 3619
2024 3619
2025 3620
2026 3619
2027 3621
2028 3619
2029 3621
2030 3619
2031 3620
2032 3619
2033 3619
2034 3618
2035 3619
2036 3618
2037 1868
2038 1229
2039 962
2040 855
2041 806
2042 786
2043 776
2044 770
2045 768
2046 773
2047 769
