1 757
2 756
3 754
4 760
5 756
6 757
7 756
8 757
9 756
10 755
11 755
12 755
13 756
14 756
15 757
16 740
17 755
18 754
19 755
20 756
21 756
22 756
23 757
24 755
25 755
26 755
27 755
28 755
29 753
30 754
31 830
32 2552
33 3223
34 3512
35 3641
36 3698
37 3719
38 3732
39 3737
40 3739
41 3741
42 3742
43 3742
44 3744
45 3746
46 3747
47 3747
48 3728
49 3737
50 3745
51 3747
52 3751
53 3750
54 3750
55 3744
56 3747
57 3749
58 3752
59 3752
60 3753
61 3756
62 3753
63 3754
64 3753
65 3754
66 3755
67 3753
68 3753
69 3753
70 3753
71 3754
72 3754
73 3754
74 3757
75 3754
76 3755
77 3756
78 3755
79 3756
80 3755
81 3756
82 3755
83 3755
84 3755
85 3754
86 3754
87 3753
88 3753
89 3753
90 3754
91 3754
92 3755
93 3754
94 3753
95 3754
96 3754
97 3755
98 3754
99 3772
100 3763
101 3756
102 3755
103 3753
104 3754
105 3754
106 3750
107 3750
108 3753
109 3753
110 3754
111 3754
112 3755
113 3755
114 3755
115 3754
116 3754
117 3754
118 3754
119 3759
120 3755
121 3756
122 3754
123 3755
124 3754
125 3754
126 3752
127 2109
128 1329
129 1002
130 869
131 819
132 788
133 777
134 771
135 768
136 765
137 763
138 765
139 762
140 762
141 762
142 761
143 762
144 759
145 758
146 761
147 761
148 760
149 761
150 748
151 754
152 757
153 758
154 758
155 757
156 760
157 757
158 757
159 758
160 757
161 757
162 758
163 757
164 757
165 758
166 757
167 757
168 758
169 780
170 767
171 761
172 759
173 758
174 756
175 757
176 753
177 754
178 755
179 756
180 757
181 758
182 756
183 757
184 758
185 757
186 757
187 757
188 756
189 757
190 757
191 757
192 757
193 756
194 757
195 763
196 759
197 758
198 757
199 757
200 756
201 736
202 747
203 752
204 754
205 755
206 757
207 755
208 760
209 757
210 756
211 755
212 755
213 755
214 755
215 756
216 757
217 755
218 755
219 755
220 758
221 760
222 907
223 2530
224 3214
225 3510
226 3639
227 3692
228 3717
229 3733
230 3737
231 3741
232 3742
233 3747
234 3746
235 3745
236 3745
237 3747
238 3747
239 3747
240 3748
241 3746
242 3747
243 3748
244 3748
245 3749
246 3750
247 3749
248 3750
249 3749
250 3752
251 3751
252 3760
253 3756
254 3755
255 3754
256 3756
257 3755
258 3755
259 3755
260 3755
261 3754
262 3755
263 3754
264 3754
265 3750
266 3752
267 3753
268 3754
269 3756
270 3753
271 3753
272 3753
273 3753
274 3754
275 3755
276 3754
277 3755
278 3754
279 3753
280 3753
281 3753
282 3753
283 3753
284 3767
285 3760
286 3756
287 3754
288 3755
289 3753
290 3753
291 3757
292 3754
293 3753
294 3754
295 3753
296 3754
297 3752
298 3754
299 3754
300 3752
301 3754
302 3756
303 3766
304 3759
305 3754
306 3755
307 3755
308 3756
309 3755
310 3761
311 3758
312 3756
313 3755
314 3755
315 3756
316 3753
317 3755
318 1924
319 1251
320 969
321 853
322 806
323 787
324 774
325 768
326 767
327 765
328 764
329 764
330 763
331 763
332 763
333 761
334 762
335 760
336 760
337 760
338 762
339 761
340 760
341 760
342 759
343 757
344 758
345 759
346 758
347 758
348 759
349 758
350 760
351 759
352 759
353 759
354 753
355 760
356 758
357 757
358 757
359 756
360 758
361 764
362 760
363 758
364 758
365 757
366 756
367 757
368 757
369 757
370 757
371 757
372 757
373 757
374 758
375 757
376 757
377 756
378 756
379 757
380 763
381 760
382 759
383 757
384 758
385 757
386 756
387 755
388 757
389 755
390 755
391 756
392 756
393 757
394 755
395 756
396 756
397 756
398 757
399 757
400 756
401 756
402 756
403 756
404 755
405 761
406 763
407 758
408 757
409 756
410 756
411 756
412 760
413 915
414 2527
415 3214
416 3510
417 3641
418 3699
419 3722
420 3733
421 3738
422 3741
423 3746
424 3743
425 3747
426 3745
427 3746
428 3747
429 3748
430 3748
431 3751
432 3750
433 3750
434 3749
435 3749
436 3750
437 3764
438 3759
439 3755
440 3753
441 3752
442 3752
443 3753
444 3757
445 3753
446 3755
447 3753
448 3754
449 3755
450 3755
451 3753
452 3755
453 3754
454 3755
455 3755
456 3728
457 3740
458 3748
459 3751
460 3755
461 3754
462 3755
463 3756
464 3754
465 3755
466 3755
467 3754
468 3755
469 3759
470 3756
471 3758
472 3756
473 3758
474 3755
475 3756
476 3755
477 3754
478 3754
479 3755
480 3756
481 3755
482 3754
483 3753
484 3754
485 3755
486 3754
487 3755
488 3737
489 3747
490 3751
491 3754
492 3755
493 3756
494 3755
495 3758
496 3754
497 3753
498 3755
499 3755
500 3755
501 3754
502 3754
503 3754
504 3755
505 3754
506 3756
507 3762
508 3756
509 1890
510 1234
511 964
512 851
513 805
514 781
515 772
516 769
517 767
518 766
519 767
520 762
521 763
522 764
523 762
524 761
525 762
526 762
527 764
528 762
529 761
530 761
531 761
532 761
533 758
534 758
535 760
536 760
537 759
538 760
539 770
540 765
541 760
542 761
543 757
544 758
545 758
546 761
547 759
548 758
549 758
550 757
551 759
552 757
553 757
554 757
555 756
556 756
557 756
558 781
559 770
560 762
561 757
562 757
563 757
564 757
565 762
566 756
567 757
568 757
569 756
570 758
571 753
572 755
573 756
574 756
575 756
576 757
577 756
578 758
579 756
580 756
581 757
582 757
583 756
584 755
585 756
586 756
587 756
588 755
589 755
590 764
591 761
592 758
593 757
594 756
595 755
596 755
597 760
598 757
599 756
600 757
601 756
602 757
603 755
604 914
605 2524
606 3211
607 3507
608 3637
609 3665
610 3706
611 3724
612 3733
613 3739
614 3740
615 3742
616 3748
617 3745
618 3746
619 3747
620 3747
621 3748
622 3746
623 3748
624 3748
625 3749
626 3749
627 3750
628 3751
629 3755
630 3751
631 3752
632 3752
633 3755
634 3753
635 3756
636 3753
637 3755
638 3755
639 3755
640 3756
641 3745
642 3751
643 3754
644 3755
645 3755
646 3756
647 3755
648 3756
649 3753
650 3755
651 3755
652 3756
653 3755
654 3754
655 3754
656 3755
657 3755
658 3755
659 3754
660 3754
661 3756
662 3755
663 3755
664 3756
665 3754
666 3754
667 3760
668 3756
669 3756
670 3755
671 3755
672 3754
673 3753
674 3752
675 3754
676 3754
677 3755
678 3755
679 3756
680 3758
681 3756
682 3754
683 3755
684 3755
685 3755
686 3753
687 3752
688 3754
689 3754
690 3755
691 3754
692 3750
693 3751
694 3754
695 3754
696 3755
697 3754
698 3754
699 3758
700 1882
701 1232
702 963
703 851
704 806
705 781
706 772
707 769
708 768
709 764
710 765
711 760
712 766
713 762
714 762
715 763
716 763
717 761
718 767
719 762
720 761
721 761
722 761
723 760
724 760
725 760
726 760
727 760
728 760
729 760
730 761
731 759
732 760
733 757
734 757
735 757
736 758
737 756
738 757
739 756
740 757
741 758
742 759
743 756
744 758
745 758
746 756
747 758
748 756
749 757
750 760
751 757
752 757
753 758
754 757
755 757
756 752
757 753
758 756
759 756
760 756
761 758
762 769
763 764
764 760
765 757
766 757
767 757
768 756
769 759
770 756
771 756
772 756
773 757
774 756
775 755
776 755
777 757
778 756
779 756
780 756
781 778
782 771
783 762
784 758
785 757
786 756
787 756
788 763
789 758
790 757
791 756
792 755
793 757
794 756
795 915
796 2524
797 3211
798 3509
799 3639
800 3695
801 3724
802 3733
803 3737
804 3742
805 3744
806 3745
807 3743
808 3745
809 3746
810 3746
811 3747
812 3748
813 3731
814 3740
815 3746
816 3748
817 3749
818 3749
819 3751
820 3750
821 3749
822 3750
823 3751
824 3751
825 3751
826 3752
827 3753
828 3754
829 3754
830 3755
831 3755
832 3766
833 3765
834 3759
835 3756
836 3756
837 3756
838 3755
839 3760
840 3756
841 3755
842 3755
843 3755
844 3756
845 3751
846 3752
847 3754
848 3755
849 3756
850 3756
851 3754
852 3754
853 3754
854 3755
855 3755
856 3755
857 3754
858 3751
859 3751
860 3753
861 3754
862 3755
863 3755
864 3750
865 3753
866 3754
867 3755
868 3755
869 3754
870 3754
871 3756
872 3754
873 3755
874 3754
875 3755
876 3756
877 3755
878 3753
879 3755
880 3754
881 3754
882 3754
883 3736
884 3746
885 3751
886 3754
887 3754
888 3754
889 3753
890 3750
891 1878
892 1237
893 964
894 851
895 806
896 783
897 774
898 769
899 767
900 765
901 758
902 762
903 761
904 761
905 761
906 762
907 762
908 763
909 767
910 762
911 761
912 762
913 760
914 762
915 757
916 758
917 759
918 760
919 759
920 760
921 760
922 761
923 758
924 757
925 758
926 757
927 759
928 760
929 757
930 757
931 757
932 758
933 757
934 748
935 754
936 756
937 757
938 758
939 757
940 756
941 755
942 755
943 756
944 756
945 756
946 758
947 757
948 756
949 757
950 757
951 756
952 757
953 757
954 762
955 759
956 758
957 757
958 756
959 756
960 761
961 757
962 757
963 756
964 756
965 756
966 749
967 753
968 755
969 756
970 756
971 757
972 756
973 760
974 756
975 755
976 757
977 756
978 756
979 757
980 756
981 756
982 755
983 754
984 756
985 762
986 1818
987 2913
988 3378
989 3582
990 3670
991 3711
992 3730
993 3736
994 3740
995 3742
996 3744
997 3747
998 3745
999 3744
1000 3747
1001 3746
1002 3748
1003 3749
1004 3753
1005 3750
1006 3749
1007 3748
1008 3750
1009 3749
1010 3751
1011 3753
1012 3751
1013 3750
1014 3751
1015 3752
1016 3753
1017 3756
1018 3755
1019 3755
1020 3755
1021 3755
1022 3754
1023 3755
1024 3755
1025 3755
1026 3754
1027 3756
1028 3754
1029 3757
1030 3759
1031 3758
1032 3756
1033 3755
1034 3755
1035 3756
1036 3765
1037 3759
1038 3756
1039 3755
1040 3755
1041 3754
1042 3754
1043 3754
1044 3752
1045 3754
1046 3755
1047 3753
1048 3756
1049 3754
1050 3753
1051 3754
1052 3754
1053 3754
1054 3754
1055 3736
1056 3750
1057 3752
1058 3752
1059 3754
1060 3755
1061 3756
1062 3756
1063 3754
1064 3755
1065 3756
1066 3756
1067 3756
1068 3751
1069 3754
1070 3755
1071 3754
1072 3755
1073 3756
1074 3754
1075 3756
1076 3754
1077 3754
1078 3754
1079 3755
1080 3755
1081 3635
1082 1953
1083 1264
1084 974
1085 855
1086 806
1087 792
1088 779
1089 771
1090 768
1091 766
1092 766
1093 765
1094 766
1095 761
1096 761
1097 762
1098 762
1099 762
1100 760
1101 760
1102 761
1103 761
1104 760
1105 760
1106 761
1107 765
1108 760
1109 760
1110 760
1111 760
1112 760
1113 766
1114 761
1115 759
1116 759
1117 759
1118 758
1119 751
1120 755
1121 756
1122 757
1123 756
1124 758
1125 757
1126 758
1127 757
1128 757
1129 756
1130 757
1131 757
1132 753
1133 755
1134 756
1135 757
1136 756
1137 757
1138 758
1139 757
1140 757
1141 756
1142 755
1143 756
1144 756
1145 755
1146 756
1147 757
1148 757
1149 757
1150 756
1151 756
1152 757
1153 756
1154 757
1155 755
1156 757
1157 771
1158 767
1159 760
1160 758
1161 756
1162 757
1163 757
1164 757
1165 755
1166 755
1167 755
1168 756
1169 756
1170 756
1171 755
1172 756
1173 755
1174 755
1175 756
1176 755
1177 2494
1178 3199
1179 3504
1180 3638
1181 3696
1182 3720
1183 3736
1184 3738
1185 3742
1186 3742
1187 3745
1188 3745
1189 3746
1190 3747
1191 3747
1192 3747
1193 3748
1194 3747
1195 3747
1196 3747
1197 3746
1198 3748
1199 3748
1200 3750
1201 3750
1202 3750
1203 3748
1204 3751
1205 3750
1206 3751
1207 3752
1208 3732
1209 3741
1210 3749
1211 3752
1212 3754
1213 3755
1214 3755
1215 3759
1216 3756
1217 3756
1218 3756
1219 3759
1220 3755
1221 3759
1222 3756
1223 3757
1224 3755
1225 3755
1226 3756
1227 3756
1228 3756
1229 3756
1230 3756
1231 3756
1232 3754
1233 3756
1234 3750
1235 3751
1236 3754
1237 3754
1238 3754
1239 3754
1240 3747
1241 3750
1242 3753
1243 3752
1244 3754
1245 3753
1246 3754
1247 3752
1248 3752
1249 3753
1250 3753
1251 3754
1252 3753
1253 3752
1254 3752
1255 3753
1256 3755
1257 3754
1258 3755
1259 3774
1260 3767
1261 3761
1262 3756
1263 3755
1264 3755
1265 3754
1266 3756
1267 3754
1268 3753
1269 3754
1270 3754
1271 3754
1272 3603
1273 1960
1274 1267
1275 975
1276 856
1277 807
1278 783
1279 776
1280 769
1281 766
1282 765
1283 763
1284 764
1285 768
1286 763
1287 763
1288 762
1289 762
1290 761
1291 753
1292 756
1293 760
1294 760
1295 759
1296 760
1297 758
1298 759
1299 757
1300 759
1301 759
1302 758
1303 760
1304 757
1305 756
1306 757
1307 757
1308 757
1309 759
1310 767
1311 763
1312 760
1313 759
1314 757
1315 757
1316 757
1317 763
1318 757
1319 757
1320 757
1321 756
1322 757
1323 756
1324 756
1325 757
1326 756
1327 756
1328 757
1329 740
1330 753
1331 755
1332 756
1333 755
1334 756
1335 756
1336 758
1337 755
1338 756
1339 756
1340 756
1341 757
1342 749
1343 755
1344 755
1345 756
1346 755
1347 756
1348 755
1349 757
1350 756
1351 755
1352 756
1353 756
1354 756
1355 751
1356 752
1357 755
1358 755
1359 755
1360 755
1361 753
1362 753
1363 755
1364 755
1365 755
1366 756
1367 756
1368 2597
1369 3242
1370 3518
1371 3644
1372 3697
1373 3721
1374 3732
1375 3737
1376 3740
1377 3741
1378 3741
1379 3745
1380 3734
1381 3744
1382 3742
1383 3746
1384 3747
1385 3748
1386 3747
1387 3747
1388 3746
1389 3748
1390 3750
1391 3751
1392 3751
1393 3747
1394 3749
1395 3750
1396 3750
1397 3751
1398 3753
1399 3752
1400 3755
1401 3753
1402 3753
1403 3754
1404 3756
1405 3753
1406 3753
1407 3754
1408 3756
1409 3754
1410 3756
1411 3754
1412 3749
1413 3753
1414 3752
1415 3754
1416 3754
1417 3755
1418 3755
1419 3751
1420 3752
1421 3753
1422 3754
1423 3753
1424 3754
1425 3753
1426 3752
1427 3754
1428 3754
1429 3754
1430 3754
1431 3741
1432 3747
1433 3752
1434 3752
1435 3755
1436 3753
1437 3754
1438 3754
1439 3754
1440 3756
1441 3756
1442 3756
1443 3755
1444 3755
1445 3754
1446 3755
1447 3754
1448 3756
1449 3755
1450 3758
1451 3756
1452 3755
1453 3755
1454 3756
1455 3755
1456 3755
1457 3756
1458 3753
1459 3756
1460 3755
1461 3756
1462 3756
1463 3588
1464 1959
1465 1266
1466 975
1467 856
1468 807
1469 784
1470 773
1471 767
1472 765
1473 766
1474 764
1475 763
1476 763
1477 762
1478 762
1479 763
1480 762
1481 762
1482 779
1483 769
1484 765
1485 762
1486 760
1487 761
1488 761
1489 756
1490 756
1491 760
1492 759
1493 758
1494 759
1495 760
1496 760
1497 758
1498 759
1499 759
1500 759
1501 757
1502 756
1503 756
1504 757
1505 758
1506 757
1507 757
1508 755
1509 756
1510 757
1511 757
1512 757
1513 757
1514 767
1515 761
1516 759
1517 758
1518 758
1519 758
1520 757
1521 754
1522 754
1523 756
1524 757
1525 756
1526 755
1527 755
1528 755
1529 756
1530 756
1531 756
1532 756
1533 779
1534 767
1535 760
1536 757
1537 757
1538 756
1539 756
1540 758
1541 755
1542 756
1543 755
1544 757
1545 757
1546 760
1547 757
1548 756
1549 755
1550 755
1551 756
1552 755
1553 756
1554 755
1555 756
1556 755
1557 754
1558 755
1559 2601
1560 3246
1561 3521
1562 3646
1563 3698
1564 3723
1565 3726
1566 3736
1567 3740
1568 3742
1569 3746
1570 3747
1571 3747
1572 3746
1573 3747
1574 3747
1575 3750
1576 3751
1577 3750
1578 3750
1579 3750
1580 3750
1581 3750
1582 3751
1583 3753
1584 3735
1585 3750
1586 3750
1587 3751
1588 3750
1589 3751
1590 3752
1591 3755
1592 3752
1593 3754
1594 3754
1595 3754
1596 3754
1597 3750
1598 3753
1599 3754
1600 3756
1601 3755
1602 3755
1603 3754
1604 3756
1605 3754
1606 3756
1607 3755
1608 3755
1609 3755
1610 3754
1611 3752
1612 3754
1613 3754
1614 3755
1615 3752
1616 3750
1617 3753
1618 3753
1619 3754
1620 3753
1621 3755
1622 3754
1623 3758
1624 3755
1625 3756
1626 3755
1627 3756
1628 3754
1629 3755
1630 3752
1631 3754
1632 3753
1633 3753
1634 3754
1635 3727
1636 3738
1637 3749
1638 3751
1639 3755
1640 3753
1641 3754
1642 3760
1643 3754
1644 3755
1645 3754
1646 3755
1647 3755
1648 3750
1649 3751
1650 3754
1651 3753
1652 3753
1653 3754
1654 3599
1655 1964
1656 1268
1657 976
1658 856
1659 805
1660 783
1661 775
1662 769
1663 766
1664 765
1665 764
1666 763
1667 762
1668 762
1669 762
1670 761
1671 762
1672 761
1673 762
1674 766
1675 760
1676 760
1677 760
1678 759
1679 760
1680 760
1681 759
1682 758
1683 759
1684 760
1685 758
1686 785
1687 774
1688 764
1689 760
1690 759
1691 759
1692 757
1693 761
1694 758
1695 757
1696 757
1697 755
1698 757
1699 759
1700 758
1701 758
1702 757
1703 756
1704 758
1705 757
1706 756
1707 756
1708 756
1709 758
1710 757
1711 756
1712 759
1713 757
1714 757
1715 758
1716 757
1717 757
1718 749
1719 756
1720 756
1721 756
1722 757
1723 757
1724 757
1725 759
1726 756
1727 756
1728 757
1729 756
1730 756
1731 755
1732 754
1733 756
1734 755
1735 755
1736 756
1737 744
1738 755
1739 756
1740 755
1741 756
1742 755
1743 756
1744 756
1745 755
1746 756
1747 756
1748 755
1749 755
1750 2612
1751 3248
1752 3522
1753 3644
1754 3698
1755 3721
1756 3732
1757 3736
1758 3740
1759 3741
1760 3745
1761 3745
1762 3746
1763 3742
1764 3742
1765 3746
1766 3748
1767 3749
1768 3749
1769 3747
1770 3747
1771 3749
1772 3748
1773 3751
1774 3751
1775 3751
1776 3751
1777 3750
1778 3750
1779 3754
1780 3751
1781 3754
1782 3751
1783 3753
1784 3754
1785 3755
1786 3754
1787 3755
1788 3768
1789 3758
1790 3756
1791 3754
1792 3755
1793 3755
1794 3755
1795 3755
1796 3754
1797 3754
1798 3754
1799 3754
1800 3754
1801 3751
1802 3752
1803 3752
1804 3753
1805 3754
1806 3756
1807 3755
1808 3759
1809 3754
1810 3754
1811 3754
1812 3753
1813 3753
1814 3751
1815 3749
1816 3753
1817 3753
1818 3754
1819 3755
1820 3761
1821 3758
1822 3756
1823 3756
1824 3755
1825 3756
1826 3754
1827 3754
1828 3751
1829 3754
1830 3754
1831 3755
1832 3755
1833 3759
1834 3755
1835 3756
1836 3756
1837 3758
1838 3757
1839 3736
1840 3748
1841 3753
1842 3755
1843 3755
1844 3756
1845 3603
1846 1970
1847 1269
1848 976
1849 858
1850 807
1851 783
1852 773
1853 768
1854 766
1855 766
1856 758
1857 762
1858 763
1859 767
1860 763
1861 762
1862 762
1863 761
1864 760
1865 759
1866 759
1867 760
1868 760
1869 760
1870 760
1871 761
1872 761
1873 759
1874 758
1875 758
1876 759
1877 757
1878 762
1879 757
1880 758
1881 758
1882 757
1883 758
1884 755
1885 755
1886 757
1887 758
1888 757
1889 757
1890 767
1891 762
1892 759
1893 758
1894 756
1895 756
1896 757
1897 757
1898 756
1899 757
1900 757
1901 756
1902 756
1903 756
1904 756
1905 758
1906 756
1907 757
1908 757
1909 773
1910 766
1911 761
1912 759
1913 758
1914 757
1915 756
1916 755
1917 754
1918 756
1919 756
1920 755
1921 757
1922 755
1923 756
1924 756
1925 756
1926 756
1927 756
1928 755
1929 755
1930 755
1931 755
1932 757
1933 757
1934 756
1935 757
1936 754
1937 756
1938 755
1939 755
1940 772
1941 2569
1942 3235
1943 3516
1944 3641
1945 3695
1946 3720
1947 3732
1948 3733
1949 3735
1950 3739
1951 3740
1952 3740
1953 3741
1954 3744
1955 3742
1956 3744
1957 3746
1958 3746
1959 3745
1960 3742
1961 3749
1962 3748
1963 3747
1964 3748
1965 3748
1966 3748
1967 3751
1968 3750
1969 3751
1970 3750
1971 3751
1972 3752
1973 3754
1974 3754
1975 3755
1976 3754
1977 3757
1978 3756
1979 3756
1980 3756
1981 3756
1982 3756
1983 3759
1984 3758
1985 3758
1986 3761
1987 3759
1988 3756
1989 3758
1990 3758
1991 3758
1992 3752
1993 3755
1994 3755
1995 3755
1996 3756
1997 3757
1998 3755
1999 3758
2000 3755
2001 3754
2002 3755
2003 3753
2004 3755
2005 3754
2006 3752
2007 3752
2008 3753
2009 3752
2010 3754
2011 3740
2012 3751
2013 3751
2014 3753
2015 3754
2016 3754
2017 3754
2018 3755
2019 3754
2020 3754
2021 3755
2022 3754
2023 3756
2024 3758
2025 3755
2026 3755
2027 3754
2028 3755
2029 3756
2030 3756
2031 3758
2032 3755
2033 3756
2034 3755
2035 3756
2036 2239
2037 1387
2038 1025
2039 877
2040 816
2041 788
2042 776
2043 767
2044 768
2045 766
2046 765
2047 764
