1 3053
2 3052
3 3058
4 3056
5 3058
6 3056
7 3056
8 3057
9 3056
10 3057
11 3058
12 3058
13 3056
14 3060
15 3059
16 3059
17 3057
18 3057
19 3057
20 3054
21 3059
22 3059
23 3058
24 3058
25 3057
26 3056
27 3060
28 3056
29 3056
30 3058
31 3056
32 3058
33 3057
34 3056
35 3057
36 3058
37 3058
38 3058
39 3061
40 3058
41 3058
42 3058
43 3059
44 3058
45 3058
46 3053
47 3054
48 3057
49 3057
50 3058
51 3059
52 2938
53 1666
54 1136
55 914
56 824
57 786
58 769
59 765
60 758
61 756
62 755
63 755
64 756
65 755
66 754
67 754
68 754
69 753
70 753
71 763
72 758
73 754
74 754
75 751
76 751
77 751
78 749
79 748
80 749
81 749
82 749
83 749
84 747
85 749
86 748
87 748
88 747
89 748
90 745
91 749
92 746
93 746
94 746
95 746
96 746
97 750
98 745
99 747
100 746
101 746
102 747
103 748
104 747
105 747
106 747
107 746
108 746
109 745
110 750
111 746
112 747
113 747
114 746
115 747
116 746
117 746
118 747
119 746
120 747
121 747
122 758
123 749
124 749
125 748
126 747
127 746
128 747
129 743
130 745
131 746
132 746
133 746
134 747
135 746
136 746
137 748
138 748
139 747
140 747
141 747
142 746
143 747
144 747
145 748
146 747
147 748
148 2172
149 2667
150 2880
151 2971
152 3012
153 3031
154 3037
155 3044
156 3046
157 3047
158 3049
159 3050
160 3050
161 3049
162 3048
163 3051
164 3052
165 3052
166 3052
167 3052
168 3052
169 3055
170 3053
171 3053
172 3055
173 3060
174 3059
175 3056
176 3056
177 3056
178 3056
179 3055
180 3052
181 3053
182 3055
183 3056
184 3056
185 3057
186 3053
187 3056
188 3056
189 3056
190 3056
191 3057
192 3056
193 3057
194 3056
195 3057
196 3057
197 3056
198 3056
199 3053
200 3056
201 3057
202 3056
203 3056
204 3057
205 3070
206 3065
207 3060
208 3056
209 3057
210 3058
211 3058
212 3060
213 3056
214 3057
215 3056
216 3056
217 3057
218 3056
219 3056
220 3057
221 3058
222 3058
223 3058
224 3058
225 3056
226 3057
227 3056
228 3058
229 3059
230 3056
231 3052
232 3053
233 3056
234 3057
235 3057
236 3057
237 3052
238 3055
239 3056
240 3057
241 3059
242 3058
243 2151
244 1339
245 997
246 857
247 802
248 774
249 764
250 756
251 755
252 756
253 755
254 754
255 755
256 777
257 766
258 757
259 754
260 754
261 753
262 753
263 750
264 749
265 749
266 751
267 750
268 752
269 748
270 748
271 750
272 748
273 748
274 749
275 746
276 747
277 746
278 746
279 747
280 747
281 747
282 746
283 744
284 746
285 746
286 745
287 746
288 743
289 746
290 746
291 746
292 747
293 747
294 747
295 746
296 745
297 746
298 747
299 747
300 747
301 746
302 746
303 747
304 746
305 747
306 748
307 772
308 757
309 751
310 748
311 748
312 748
313 747
314 752
315 747
316 747
317 747
318 746
319 747
320 745
321 745
322 746
323 747
324 748
325 746
326 743
327 752
328 747
329 746
330 747
331 746
332 747
333 753
334 748
335 748
336 747
337 747
338 845
339 2113
340 2643
341 2871
342 2968
343 3011
344 3030
345 3040
346 3045
347 3045
348 3048
349 3050
350 3051
351 3051
352 3055
353 3052
354 3052
355 3052
356 3052
357 3054
358 3053
359 3052
360 3053
361 3053
362 3054
363 3054
364 3053
365 3057
366 3052
367 3055
368 3053
369 3055
370 3056
371 3056
372 3056
373 3057
374 3056
375 3056
376 3057
377 3070
378 3068
379 3060
380 3058
381 3059
382 3058
383 3057
384 3062
385 3057
386 3058
387 3057
388 3056
389 3057
390 3057
391 3056
392 3057
393 3057
394 3057
395 3057
396 3053
397 3053
398 3056
399 3055
400 3057
401 3057
402 3058
403 3058
404 3054
405 3057
406 3057
407 3057
408 3058
409 3070
410 3064
411 3060
412 3058
413 3059
414 3059
415 3057
416 3055
417 3055
418 3056
419 3056
420 3057
421 3058
422 3057
423 3058
424 3058
425 3058
426 3059
427 3058
428 3080
429 3064
430 3060
431 3058
432 3058
433 3059
434 1693
435 1146
436 919
437 826
438 786
439 767
440 761
441 757
442 755
443 755
444 755
445 755
446 753
447 753
448 754
449 753
450 753
451 753
452 751
453 753
454 746
455 749
456 749
457 751
458 749
459 749
460 747
461 748
462 749
463 748
464 748
465 747
466 747
467 753
468 747
469 747
470 748
471 746
472 747
473 746
474 746
475 745
476 746
477 744
478 746
479 741
480 742
481 742
482 744
483 745
484 745
485 745
486 744
487 743
488 745
489 746
490 745
491 746
492 740
493 745
494 745
495 747
496 746
497 747
498 747
499 751
500 748
501 748
502 747
503 746
504 747
505 744
506 743
507 746
508 746
509 746
510 747
511 761
512 755
513 749
514 748
515 747
516 745
517 747
518 752
519 747
520 747
521 747
522 747
523 747
524 748
525 747
526 747
527 746
528 747
529 868
530 2111
531 2638
532 2869
533 2968
534 3010
535 3030
536 3041
537 3043
538 3045
539 3048
540 3049
541 3052
542 3051
543 3046
544 3050
545 3052
546 3053
547 3052
548 3053
549 3053
550 3056
551 3052
552 3053
553 3054
554 3055
555 3053
556 3056
557 3054
558 3055
559 3055
560 3056
561 3057
562 3068
563 3062
564 3059
565 3057
566 3058
567 3056
568 3057
569 3057
570 3055
571 3056
572 3057
573 3057
574 3058
575 3058
576 3057
577 3058
578 3057
579 3058
580 3058
581 3059
582 3058
583 3057
584 3057
585 3058
586 3058
587 3058
588 3063
589 3058
590 3059
591 3057
592 3058
593 3057
594 3053
595 3054
596 3056
597 3056
598 3058
599 3059
600 3056
601 3058
602 3055
603 3056
604 3056
605 3056
606 3058
607 3059
608 3056
609 3057
610 3057
611 3056
612 3059
613 3060
614 3060
615 3058
616 3057
617 3057
618 3058
619 3057
620 3059
621 3057
622 3058
623 3059
624 3059
625 1617
626 1116
627 907
628 821
629 783
630 768
631 760
632 757
633 758
634 756
635 754
636 755
637 754
638 755
639 753
640 749
641 751
642 752
643 751
644 752
645 742
646 746
647 748
648 748
649 749
650 749
651 749
652 748
653 747
654 748
655 748
656 747
657 748
658 748
659 747
660 747
661 747
662 746
663 747
664 718
665 735
666 742
667 745
668 746
669 746
670 747
671 745
672 745
673 746
674 747
675 747
676 748
677 751
678 749
679 748
680 748
681 747
682 747
683 748
684 752
685 748
686 747
687 747
688 747
689 747
690 749
691 746
692 747
693 747
694 747
695 747
696 758
697 753
698 749
699 747
700 745
701 747
702 746
703 747
704 745
705 747
706 746
707 746
708 747
709 748
710 746
711 747
712 747
713 747
714 747
715 761
716 757
717 752
718 749
719 749
720 872
721 2110
722 2644
723 2871
724 2968
725 3011
726 3030
727 3042
728 3045
729 3047
730 3048
731 3049
732 3050
733 3052
734 3052
735 3055
736 3054
737 3052
738 3053
739 3053
740 3056
741 3049
742 3050
743 3052
744 3053
745 3053
746 3054
747 3049
748 3052
749 3052
750 3053
751 3055
752 3054
753 3055
754 3057
755 3055
756 3055
757 3056
758 3056
759 3057
760 3056
761 3055
762 3056
763 3056
764 3058
765 3057
766 3033
767 3047
768 3052
769 3056
770 3056
771 3056
772 3056
773 3052
774 3052
775 3054
776 3056
777 3056
778 3057
779 3056
780 3054
781 3056
782 3056
783 3057
784 3057
785 3057
786 3056
787 3056
788 3056
789 3057
790 3057
791 3057
792 3063
793 3060
794 3059
795 3057
796 3057
797 3057
798 3042
799 3050
800 3054
801 3056
802 3056
803 3057
804 3058
805 3058
806 3056
807 3059
808 3058
809 3057
810 3058
811 3056
812 3056
813 3057
814 3058
815 3057
816 1603
817 1090
818 898
819 817
820 780
821 767
822 760
823 757
824 756
825 753
826 755
827 755
828 754
829 753
830 756
831 753
832 753
833 751
834 751
835 752
836 749
837 749
838 749
839 748
840 749
841 749
842 751
843 754
844 752
845 751
846 749
847 747
848 749
849 731
850 741
851 744
852 746
853 747
854 747
855 747
856 743
857 743
858 746
859 747
860 746
861 747
862 745
863 747
864 746
865 747
866 747
867 748
868 746
869 752
870 748
871 747
872 748
873 747
874 746
875 752
876 749
877 747
878 747
879 746
880 748
881 752
882 749
883 748
884 748
885 746
886 748
887 746
888 747
889 744
890 746
891 754
892 749
893 748
894 746
895 744
896 746
897 744
898 745
899 745
900 720
901 727
902 737
903 741
904 743
905 745
906 746
907 749
908 747
909 747
910 747
911 872
912 2111
913 2636
914 2868
915 2967
916 3009
917 3031
918 3040
919 3046
920 3051
921 3049
922 3049
923 3050
924 3051
925 3053
926 3052
927 3050
928 3052
929 3052
930 3052
931 3053
932 3053
933 3052
934 3053
935 3053
936 3052
937 3053
938 3054
939 3052
940 3050
941 3053
942 3053
943 3055
944 3056
945 3053
946 3053
947 3055
948 3053
949 3055
950 3056
951 3077
952 3062
953 3058
954 3055
955 3056
956 3057
957 3057
958 3062
959 3056
960 3057
961 3057
962 3058
963 3056
964 3056
965 3056
966 3056
967 3058
968 3058
969 3056
970 3056
971 3056
972 3056
973 3056
974 3057
975 3058
976 3058
977 3057
978 3056
979 3057
980 3057
981 3058
982 3058
983 3051
984 3055
985 3057
986 3057
987 3058
988 3058
989 3059
990 3062
991 3058
992 3058
993 3058
994 3058
995 3059
996 3057
997 3056
998 3056
999 3058
1000 3057
1001 3058
1002 3079
1003 3069
1004 3061
1005 3059
1006 3058
1007 1599
1008 1107
1009 900
1010 818
1011 782
1012 767
1013 760
1014 756
1015 754
1016 754
1017 753
1018 753
1019 754
1020 753
1021 753
1022 754
1023 749
1024 752
1025 753
1026 752
1027 752
1028 756
1029 752
1030 752
1031 749
1032 749
1033 748
1034 757
1035 758
1036 752
1037 749
1038 748
1039 748
1040 748
1041 749
1042 747
1043 746
1044 747
1045 746
1046 748
1047 743
1048 746
1049 746
1050 746
1051 746
1052 747
1053 748
1054 749
1055 747
1056 746
1057 747
1058 746
1059 746
1060 749
1061 748
1062 748
1063 748
1064 747
1065 747
1066 740
1067 744
1068 746
1069 747
1070 746
1071 747
1072 747
1073 751
1074 747
1075 747
1076 747
1077 748
1078 748
1079 747
1080 746
1081 747
1082 746
1083 746
1084 748
1085 729
1086 741
1087 744
1088 745
1089 744
1090 747
1091 746
1092 747
1093 745
1094 748
1095 747
1096 745
1097 747
1098 749
1099 748
1100 748
1101 747
1102 871
1103 2111
1104 2640
1105 2872
1106 2967
1107 3010
1108 3030
1109 3040
1110 3044
1111 3051
1112 3050
1113 3050
1114 3050
1115 3051
1116 3051
1117 3059
1118 3058
1119 3053
1120 3053
1121 3052
1122 3053
1123 3052
1124 3058
1125 3055
1126 3054
1127 3053
1128 3055
1129 3056
1130 3053
1131 3052
1132 3054
1133 3053
1134 3055
1135 3056
1136 3059
1137 3058
1138 3056
1139 3056
1140 3057
1141 3057
1142 3057
1143 3057
1144 3055
1145 3056
1146 3056
1147 3057
1148 3057
1149 3056
1150 3058
1151 3057
1152 3056
1153 3058
1154 3057
1155 3056
1156 3061
1157 3057
1158 3057
1159 3058
1160 3058
1161 3058
1162 3056
1163 3056
1164 3057
1165 3057
1166 3058
1167 3058
1168 3044
1169 3056
1170 3056
1171 3056
1172 3057
1173 3058
1174 3059
1175 3063
1176 3059
1177 3058
1178 3058
1179 3058
1180 3058
1181 3061
1182 3059
1183 3058
1184 3056
1185 3058
1186 3058
1187 3058
1188 3060
1189 3059
1190 3057
1191 3058
1192 3058
1193 3059
1194 3057
1195 3057
1196 3057
1197 3040
1198 1632
1199 1120
1200 918
1201 825
1202 787
1203 768
1204 760
1205 757
1206 755
1207 754
1208 752
1209 752
1210 752
1211 753
1212 754
1213 752
1214 752
1215 752
1216 751
1217 751
1218 750
1219 723
1220 733
1221 743
1222 746
1223 748
1224 747
1225 749
1226 742
1227 746
1228 747
1229 747
1230 746
1231 747
1232 746
1233 747
1234 747
1235 747
1236 747
1237 747
1238 747
1239 746
1240 745
1241 745
1242 747
1243 746
1244 747
1245 746
1246 746
1247 748
1248 747
1249 746
1250 747
1251 748
1252 748
1253 747
1254 747
1255 747
1256 747
1257 746
1258 744
1259 746
1260 746
1261 747
1262 746
1263 747
1264 747
1265 747
1266 746
1267 747
1268 746
1269 749
1270 717
1271 737
1272 742
1273 745
1274 746
1275 746
1276 746
1277 743
1278 743
1279 746
1280 746
1281 746
1282 748
1283 744
1284 746
1285 747
1286 746
1287 747
1288 747
1289 746
1290 746
1291 746
1292 746
1293 1883
1294 2543
1295 2828
1296 2947
1297 3000
1298 3026
1299 3036
1300 3044
1301 3048
1302 3032
1303 3042
1304 3045
1305 3048
1306 3051
1307 3051
1308 3052
1309 3048
1310 3048
1311 3050
1312 3052
1313 3052
1314 3053
1315 3052
1316 3052
1317 3053
1318 3053
1319 3053
1320 3054
1321 3046
1322 3056
1323 3056
1324 3054
1325 3056
1326 3056
1327 3057
1328 3052
1329 3052
1330 3055
1331 3056
1332 3056
1333 3056
1334 3060
1335 3058
1336 3057
1337 3054
1338 3056
1339 3057
1340 3056
1341 3060
1342 3057
1343 3057
1344 3057
1345 3058
1346 3058
1347 3055
1348 3054
1349 3056
1350 3056
1351 3056
1352 3057
1353 3035
1354 3048
1355 3052
1356 3054
1357 3056
1358 3057
1359 3058
1360 3056
1361 3054
1362 3058
1363 3053
1364 3056
1365 3057
1366 3057
1367 3056
1368 3057
1369 3057
1370 3056
1371 3059
1372 3060
1373 3062
1374 3060
1375 3059
1376 3058
1377 3059
1378 3058
1379 3053
1380 3054
1381 3057
1382 3056
1383 3057
1384 3058
1385 3052
1386 3053
1387 3055
1388 2947
1389 1660
1390 1132
1391 912
1392 827
1393 783
1394 768
1395 760
1396 757
1397 757
1398 758
1399 754
1400 755
1401 754
1402 754
1403 754
1404 730
1405 742
1406 747
1407 748
1408 750
1409 750
1410 750
1411 756
1412 752
1413 752
1414 751
1415 749
1416 749
1417 749
1418 748
1419 749
1420 747
1421 748
1422 748
1423 747
1424 745
1425 745
1426 744
1427 747
1428 745
1429 746
1430 745
1431 744
1432 744
1433 746
1434 746
1435 746
1436 752
1437 748
1438 748
1439 747
1440 747
1441 746
1442 746
1443 746
1444 747
1445 746
1446 748
1447 747
1448 748
1449 746
1450 746
1451 747
1452 749
1453 747
1454 749
1455 729
1456 737
1457 743
1458 746
1459 747
1460 747
1461 747
1462 747
1463 747
1464 746
1465 747
1466 747
1467 748
1468 747
1469 747
1470 747
1471 747
1472 745
1473 747
1474 746
1475 750
1476 747
1477 746
1478 746
1479 746
1480 746
1481 748
1482 747
1483 747
1484 2133
1485 2649
1486 2874
1487 2970
1488 3011
1489 3031
1490 3040
1491 3045
1492 3047
1493 3048
1494 3048
1495 3047
1496 3049
1497 3050
1498 3050
1499 3051
1500 3053
1501 3052
1502 3053
1503 3052
1504 3055
1505 3055
1506 3073
1507 3065
1508 3060
1509 3056
1510 3056
1511 3057
1512 3054
1513 3054
1514 3053
1515 3055
1516 3055
1517 3056
1518 3056
1519 3052
1520 3053
1521 3056
1522 3055
1523 3056
1524 3057
1525 3058
1526 3060
1527 3058
1528 3056
1529 3056
1530 3056
1531 3057
1532 3056
1533 3053
1534 3056
1535 3056
1536 3057
1537 3057
1538 3039
1539 3048
1540 3052
1541 3054
1542 3057
1543 3058
1544 3056
1545 3058
1546 3057
1547 3056
1548 3057
1549 3057
1550 3057
1551 3057
1552 3055
1553 3056
1554 3058
1555 3058
1556 3057
1557 3047
1558 3047
1559 3052
1560 3053
1561 3057
1562 3057
1563 3058
1564 3061
1565 3057
1566 3058
1567 3058
1568 3058
1569 3058
1570 3055
1571 3057
1572 3058
1573 3057
1574 3058
1575 3057
1576 3055
1577 3059
1578 3057
1579 2939
1580 1663
1581 1135
1582 914
1583 819
1584 782
1585 768
1586 760
1587 756
1588 756
1589 732
1590 744
1591 748
1592 750
1593 751
1594 753
1595 752
1596 756
1597 752
1598 752
1599 751
1600 751
1601 752
1602 750
1603 749
1604 750
1605 749
1606 750
1607 748
1608 735
1609 747
1610 748
1611 748
1612 749
1613 748
1614 747
1615 749
1616 748
1617 748
1618 748
1619 747
1620 747
1621 748
1622 748
1623 748
1624 746
1625 747
1626 747
1627 746
1628 749
1629 748
1630 746
1631 747
1632 747
1633 747
1634 747
1635 746
1636 747
1637 747
1638 747
1639 748
1640 770
1641 762
1642 753
1643 749
1644 748
1645 748
1646 747
1647 752
1648 748
1649 747
1650 748
1651 747
1652 747
1653 746
1654 747
1655 747
1656 747
1657 747
1658 747
1659 746
1660 747
1661 746
1662 746
1663 747
1664 747
1665 748
1666 752
1667 748
1668 747
1669 748
1670 746
1671 747
1672 751
1673 748
1674 747
1675 2168
1676 2664
1677 2879
1678 2972
1679 3011
1680 3028
1681 3040
1682 3046
1683 3047
1684 3048
1685 3048
1686 3048
1687 3051
1688 3050
1689 3052
1690 3052
1691 3059
1692 3055
1693 3052
1694 3052
1695 3052
1696 3053
1697 3053
1698 3056
1699 3051
1700 3052
1701 3052
1702 3053
1703 3054
1704 3054
1705 3053
1706 3053
1707 3053
1708 3055
1709 3057
1710 3056
1711 3059
1712 3056
1713 3057
1714 3058
1715 3057
1716 3057
1717 3060
1718 3057
1719 3056
1720 3057
1721 3056
1722 3056
1723 3050
1724 3055
1725 3056
1726 3056
1727 3056
1728 3057
1729 3055
1730 3059
1731 3055
1732 3056
1733 3056
1734 3056
1735 3057
1736 3057
1737 3056
1738 3056
1739 3056
1740 3057
1741 3058
1742 3064
1743 3059
1744 3057
1745 3057
1746 3058
1747 3057
1748 3057
1749 3061
1750 3058
1751 3056
1752 3057
1753 3058
1754 3058
1755 3053
1756 3055
1757 3057
1758 3056
1759 3056
1760 3057
1761 3058
1762 3061
1763 3059
1764 3056
1765 3058
1766 3058
1767 3057
1768 3060
1769 3058
1770 2936
1771 1664
1772 1136
1773 915
1774 832
1775 789
1776 770
1777 762
1778 758
1779 756
1780 754
1781 758
1782 755
1783 754
1784 753
1785 754
1786 753
1787 753
1788 751
1789 752
1790 749
1791 752
1792 752
1793 776
1794 763
1795 755
1796 753
1797 751
1798 751
1799 749
1800 745
1801 744
1802 747
1803 747
1804 748
1805 748
1806 745
1807 746
1808 747
1809 746
1810 747
1811 747
1812 746
1813 747
1814 747
1815 747
1816 747
1817 746
1818 748
1819 753
1820 748
1821 748
1822 747
1823 747
1824 748
1825 744
1826 745
1827 746
1828 745
1829 747
1830 747
1831 747
1832 744
1833 744
1834 746
1835 747
1836 746
1837 748
1838 746
1839 746
1840 746
1841 747
1842 747
1843 746
1844 747
1845 747
1846 753
1847 750
1848 748
1849 746
1850 746
1851 743
1852 742
1853 744
1854 745
1855 738
1856 744
1857 740
1858 743
1859 745
1860 746
1861 746
1862 747
1863 747
1864 752
1865 748
1866 2172
1867 2668
1868 2880
1869 2973
1870 3015
1871 3031
1872 3042
1873 3045
1874 3048
1875 3050
1876 3027
1877 3039
1878 3046
1879 3049
1880 3050
1881 3052
1882 3051
1883 3059
1884 3053
1885 3055
1886 3053
1887 3052
1888 3053
1889 3052
1890 3052
1891 3053
1892 3055
1893 3055
1894 3055
1895 3053
1896 3053
1897 3053
1898 3054
1899 3055
1900 3056
1901 3057
1902 3054
1903 3052
1904 3053
1905 3055
1906 3056
1907 3057
1908 3059
1909 3059
1910 3058
1911 3057
1912 3057
1913 3057
1914 3056
1915 3057
1916 3055
1917 3056
1918 3057
1919 3057
1920 3057
1921 3057
1922 3054
1923 3056
1924 3056
1925 3056
1926 3057
1927 3053
1928 3053
1929 3055
1930 3056
1931 3056
1932 3057
1933 3057
1934 3059
1935 3057
1936 3057
1937 3057
1938 3057
1939 3059
1940 3055
1941 3055
1942 3055
1943 3056
1944 3057
1945 3058
1946 3057
1947 3059
1948 3057
1949 3057
1950 3058
1951 3056
1952 3057
1953 3061
1954 3059
1955 3059
1956 3058
1957 3057
1958 3057
1959 3046
1960 3051
1961 2933
1962 1663
1963 1135
1964 914
1965 824
1966 782
1967 767
1968 761
1969 756
1970 755
1971 755
1972 755
1973 753
1974 753
1975 753
1976 752
1977 753
1978 727
1979 742
1980 745
1981 748
1982 748
1983 749
1984 749
1985 752
1986 748
1987 749
1988 748
1989 748
1990 748
1991 747
1992 747
1993 748
1994 747
1995 747
1996 747
1997 746
1998 749
1999 746
2000 747
2001 746
2002 747
2003 747
2004 749
2005 747
2006 747
2007 747
2008 747
2009 746
2010 743
2011 745
2012 747
2013 747
2014 746
2015 748
2016 748
2017 750
2018 747
2019 746
2020 748
2021 747
2022 748
2023 746
2024 746
2025 747
2026 747
2027 747
2028 748
2029 728
2030 737
2031 744
2032 745
2033 748
2034 747
2035 748
2036 747
2037 748
2038 747
2039 748
2040 747
2041 748
2042 748
2043 747
2044 747
2045 747
2046 747
2047 747
