1 992
2 993
3 992
4 988
5 992
6 989
7 991
8 992
9 991
10 992
11 997
12 993
13 993
14 992
15 992
16 991
17 992
18 991
19 993
20 992
21 992
22 993
23 972
24 985
25 988
26 989
27 992
28 992
29 989
30 986
31 986
32 989
33 989
34 991
35 992
36 999
37 995
38 993
39 993
40 992
41 992
42 992
43 994
44 993
45 992
46 993
47 992
48 993
49 993
50 991
51 992
52 992
53 992
54 992
55 1014
56 1004
57 996
58 993
59 993
60 992
61 991
62 987
63 988
64 976
65 846
66 793
67 771
68 763
69 758
70 757
71 755
72 756
73 755
74 757
75 762
76 757
77 755
78 755
79 755
80 755
81 755
82 755
83 755
84 755
85 755
86 755
87 761
88 757
89 755
90 754
91 755
92 755
93 754
94 757
95 755
96 755
97 755
98 755
99 756
100 754
101 753
102 754
103 754
104 754
105 755
106 780
107 767
108 760
109 756
110 755
111 754
112 754
113 748
114 752
115 753
116 754
117 754
118 754
119 751
120 754
121 754
122 754
123 754
124 755
125 754
126 757
127 755
128 755
129 755
130 754
131 755
132 754
133 754
134 754
135 754
136 755
137 755
138 740
139 748
140 752
141 754
142 754
143 754
144 754
145 752
146 752
147 754
148 755
149 754
150 755
151 754
152 754
153 754
154 755
155 754
156 756
157 743
158 756
159 755
160 904
161 956
162 974
163 984
164 983
165 986
166 988
167 989
168 991
169 992
170 983
171 988
172 991
173 991
174 991
175 992
176 991
177 995
178 991
179 992
180 992
181 989
182 992
183 989
184 988
185 992
186 992
187 992
188 992
189 964
190 977
191 985
192 988
193 989
194 992
195 991
196 994
197 992
198 992
199 992
200 992
201 993
202 994
203 993
204 993
205 992
206 991
207 992
208 992
209 998
210 995
211 993
212 992
213 992
214 992
215 988
216 987
217 989
218 992
219 993
220 993
221 1003
222 998
223 994
224 992
225 992
226 992
227 992
228 995
229 991
230 989
231 992
232 992
233 992
234 992
235 992
236 991
237 993
238 992
239 992
240 1001
241 992
242 992
243 991
244 992
245 992
246 993
247 992
248 988
249 992
250 992
251 991
252 991
253 994
254 993
255 979
256 846
257 794
258 771
259 761
260 761
261 756
262 756
263 756
264 756
265 755
266 755
267 753
268 754
269 754
270 755
271 756
272 741
273 751
274 753
275 754
276 755
277 755
278 755
279 753
280 752
281 754
282 755
283 755
284 755
285 755
286 754
287 754
288 755
289 753
290 755
291 758
292 758
293 755
294 754
295 754
296 754
297 754
298 750
299 752
300 753
301 754
302 755
303 755
304 755
305 754
306 754
307 754
308 754
309 755
310 755
311 755
312 754
313 754
314 754
315 754
316 755
317 756
318 753
319 755
320 755
321 754
322 755
323 753
324 753
325 754
326 754
327 755
328 754
329 754
330 752
331 752
332 753
333 754
334 754
335 755
336 754
337 754
338 755
339 755
340 754
341 755
342 737
343 751
344 752
345 753
346 754
347 754
348 754
349 752
350 753
351 904
352 955
353 974
354 983
355 982
356 986
357 988
358 988
359 989
360 989
361 989
362 993
363 988
364 991
365 991
366 989
367 991
368 985
369 987
370 991
371 991
372 991
373 992
374 1008
375 999
376 995
377 993
378 992
379 992
380 989
381 996
382 992
383 991
384 992
385 992
386 992
387 991
388 991
389 992
390 991
391 992
392 991
393 971
394 985
395 988
396 991
397 992
398 992
399 992
400 986
401 987
402 991
403 992
404 992
405 993
406 986
407 989
408 992
409 992
410 992
411 993
412 992
413 992
414 988
415 992
416 991
417 993
418 993
419 997
420 994
421 993
422 993
423 992
424 992
425 984
426 988
427 991
428 991
429 991
430 993
431 993
432 986
433 988
434 991
435 992
436 992
437 992
438 991
439 992
440 992
441 992
442 992
443 992
444 987
445 996
446 977
447 845
448 794
449 771
450 762
451 760
452 756
453 757
454 756
455 756
456 755
457 752
458 754
459 754
460 754
461 754
462 755
463 755
464 755
465 754
466 755
467 754
468 754
469 755
470 753
471 754
472 755
473 755
474 754
475 755
476 725
477 741
478 748
479 752
480 754
481 754
482 754
483 757
484 755
485 755
486 755
487 754
488 754
489 752
490 753
491 754
492 754
493 754
494 756
495 755
496 755
497 754
498 755
499 755
500 754
501 755
502 751
503 754
504 755
505 754
506 754
507 755
508 770
509 760
510 757
511 755
512 755
513 755
514 755
515 758
516 755
517 754
518 756
519 754
520 754
521 755
522 755
523 755
524 754
525 754
526 755
527 743
528 753
529 753
530 754
531 754
532 753
533 754
534 748
535 749
536 753
537 754
538 753
539 754
540 749
541 754
542 906
543 955
544 975
545 983
546 986
547 988
548 988
549 988
550 992
551 992
552 991
553 994
554 989
555 991
556 993
557 991
558 992
559 986
560 991
561 991
562 991
563 992
564 992
565 991
566 988
567 988
568 992
569 992
570 992
571 992
572 989
573 989
574 989
575 991
576 991
577 992
578 1019
579 998
580 994
581 992
582 993
583 993
584 993
585 992
586 991
587 992
588 992
589 992
590 992
591 987
592 989
593 991
594 989
595 992
596 992
597 989
598 992
599 991
600 991
601 991
602 991
603 992
604 998
605 995
606 994
607 993
608 992
609 992
610 970
611 981
612 987
613 988
614 992
615 992
616 992
617 995
618 992
619 992
620 992
621 992
622 992
623 993
624 989
625 992
626 992
627 992
628 991
629 992
630 998
631 995
632 991
633 992
634 992
635 992
636 995
637 944
638 832
639 788
640 767
641 762
642 753
643 755
644 755
645 755
646 755
647 755
648 755
649 757
650 755
651 755
652 755
653 755
654 755
655 753
656 754
657 755
658 754
659 753
660 755
661 775
662 764
663 758
664 755
665 755
666 755
667 755
668 752
669 752
670 754
671 755
672 753
673 754
674 753
675 753
676 754
677 754
678 753
679 755
680 755
681 753
682 754
683 754
684 754
685 754
686 755
687 755
688 753
689 754
690 752
691 754
692 754
693 753
694 756
695 755
696 753
697 754
698 754
699 755
700 753
701 752
702 754
703 755
704 755
705 755
706 755
707 754
708 755
709 755
710 755
711 755
712 735
713 748
714 752
715 752
716 754
717 754
718 754
719 751
720 751
721 753
722 755
723 753
724 755
725 755
726 755
727 754
728 754
729 753
730 755
731 755
732 765
733 902
734 954
735 974
736 983
737 988
738 987
739 988
740 989
741 992
742 989
743 992
744 984
745 988
746 989
747 988
748 991
749 992
750 992
751 992
752 989
753 989
754 991
755 991
756 992
757 991
758 991
759 992
760 992
761 992
762 991
763 975
764 992
765 991
766 988
767 992
768 992
769 992
770 995
771 991
772 991
773 992
774 991
775 992
776 991
777 993
778 992
779 989
780 992
781 992
782 991
783 991
784 992
785 989
786 992
787 992
788 991
789 989
790 988
791 992
792 991
793 992
794 992
795 969
796 982
797 987
798 989
799 992
800 992
801 992
802 998
803 992
804 992
805 992
806 991
807 992
808 989
809 991
810 992
811 992
812 992
813 992
814 992
815 998
816 994
817 993
818 993
819 993
820 992
821 995
822 993
823 992
824 992
825 991
826 991
827 987
828 860
829 799
830 773
831 763
832 758
833 756
834 754
835 753
836 754
837 754
838 755
839 755
840 755
841 755
842 755
843 755
844 755
845 755
846 781
847 770
848 760
849 757
850 757
851 756
852 755
853 747
854 749
855 753
856 754
857 754
858 755
859 756
860 754
861 754
862 754
863 755
864 754
865 754
866 758
867 755
868 754
869 754
870 754
871 755
872 756
873 753
874 754
875 754
876 754
877 755
878 765
879 759
880 756
881 755
882 754
883 754
884 754
885 757
886 753
887 754
888 754
889 754
890 755
891 754
892 754
893 763
894 758
895 756
896 756
897 746
898 755
899 753
900 754
901 755
902 748
903 751
904 757
905 754
906 755
907 754
908 753
909 754
910 757
911 755
912 754
913 753
914 754
915 754
916 754
917 754
918 755
919 754
920 754
921 754
922 755
923 768
924 897
925 953
926 974
927 983
928 987
929 975
930 983
931 987
932 988
933 989
934 991
935 992
936 987
937 988
938 988
939 991
940 992
941 992
942 991
943 989
944 989
945 989
946 992
947 992
948 970
949 987
950 988
951 988
952 992
953 992
954 992
955 993
956 992
957 993
958 992
959 991
960 992
961 995
962 994
963 993
964 992
965 992
966 992
967 988
968 989
969 991
970 991
971 989
972 992
973 993
974 993
975 989
976 992
977 991
978 992
979 992
980 1015
981 1004
982 997
983 994
984 993
985 992
986 992
987 992
988 989
989 992
990 992
991 991
992 992
993 993
994 993
995 992
996 991
997 992
998 992
999 991
1000 989
1001 989
1002 991
1003 991
1004 992
1005 992
1006 988
1007 988
1008 991
1009 991
1010 991
1011 992
1012 995
1013 993
1014 992
1015 992
1016 991
1017 992
1018 992
1019 844
1020 792
1021 770
1022 761
1023 758
1024 756
1025 755
1026 754
1027 755
1028 755
1029 754
1030 755
1031 727
1032 741
1033 748
1034 752
1035 754
1036 754
1037 755
1038 751
1039 752
1040 753
1041 755
1042 753
1043 755
1044 755
1045 755
1046 755
1047 754
1048 754
1049 755
1050 754
1051 759
1052 755
1053 755
1054 754
1055 755
1056 755
1057 757
1058 754
1059 754
1060 754
1061 754
1062 754
1063 748
1064 752
1065 753
1066 754
1067 754
1068 754
1069 754
1070 758
1071 755
1072 754
1073 754
1074 754
1075 755
1076 754
1077 753
1078 753
1079 754
1080 754
1081 755
1082 761
1083 758
1084 756
1085 754
1086 754
1087 755
1088 755
1089 754
1090 753
1091 753
1092 753
1093 754
1094 755
1095 756
1096 754
1097 756
1098 754
1099 754
1100 755
1101 754
1102 756
1103 753
1104 754
1105 754
1106 753
1107 754
1108 754
1109 754
1110 755
1111 754
1112 754
1113 753
1114 757
1115 894
1116 951
1117 972
1118 981
1119 986
1120 988
1121 986
1122 987
1123 989
1124 991
1125 989
1126 991
1127 989
1128 989
1129 991
1130 992
1131 992
1132 992
1133 998
1134 1000
1135 994
1136 993
1137 992
1138 992
1139 992
1140 993
1141 991
1142 992
1143 992
1144 991
1145 992
1146 995
1147 993
1148 993
1149 992
1150 991
1151 991
1152 989
1153 989
1154 988
1155 991
1156 991
1157 991
1158 991
1159 985
1160 987
1161 989
1162 992
1163 992
1164 992
1165 980
1166 988
1167 991
1168 989
1169 991
1170 991
1171 992
1172 996
1173 993
1174 992
1175 991
1176 992
1177 993
1178 992
1179 993
1180 992
1181 992
1182 992
1183 992
1184 993
1185 997
1186 994
1187 993
1188 993
1189 992
1190 991
1191 998
1192 994
1193 993
1194 992
1195 992
1196 992
1197 996
1198 995
1199 993
1200 992
1201 989
1202 992
1203 992
1204 995
1205 992
1206 991
1207 991
1208 991
1209 992
1210 839
1211 790
1212 770
1213 760
1214 757
1215 757
1216 736
1217 752
1218 753
1219 754
1220 755
1221 755
1222 755
1223 750
1224 751
1225 754
1226 754
1227 754
1228 755
1229 758
1230 755
1231 755
1232 755
1233 753
1234 754
1235 755
1236 754
1237 753
1238 755
1239 755
1240 755
1241 754
1242 755
1243 753
1244 754
1245 754
1246 754
1247 755
1248 764
1249 757
1250 755
1251 755
1252 754
1253 754
1254 754
1255 757
1256 754
1257 754
1258 755
1259 754
1260 754
1261 754
1262 753
1263 754
1264 754
1265 754
1266 755
1267 754
1268 759
1269 756
1270 755
1271 754
1272 754
1273 754
1274 754
1275 753
1276 755
1277 755
1278 755
1279 755
1280 753
1281 754
1282 754
1283 755
1284 755
1285 755
1286 754
1287 756
1288 754
1289 753
1290 754
1291 753
1292 755
1293 749
1294 750
1295 752
1296 753
1297 754
1298 754
1299 762
1300 757
1301 755
1302 755
1303 755
1304 754
1305 769
1306 901
1307 954
1308 973
1309 983
1310 986
1311 989
1312 992
1313 992
1314 992
1315 991
1316 991
1317 992
1318 988
1319 998
1320 994
1321 992
1322 991
1323 989
1324 991
1325 985
1326 986
1327 988
1328 991
1329 991
1330 991
1331 982
1332 988
1333 992
1334 991
1335 991
1336 992
1337 992
1338 993
1339 992
1340 992
1341 992
1342 991
1343 992
1344 992
1345 989
1346 992
1347 992
1348 992
1349 992
1350 962
1351 976
1352 983
1353 987
1354 991
1355 992
1356 992
1357 993
1358 988
1359 992
1360 992
1361 992
1362 992
1363 994
1364 993
1365 993
1366 992
1367 992
1368 992
1369 992
1370 988
1371 992
1372 992
1373 992
1374 992
1375 992
1376 992
1377 988
1378 992
1379 992
1380 991
1381 992
1382 978
1383 985
1384 987
1385 991
1386 992
1387 991
1388 993
1389 994
1390 991
1391 992
1392 992
1393 992
1394 992
1395 992
1396 992
1397 992
1398 991
1399 993
1400 993
1401 830
1402 788
1403 769
1404 761
1405 758
1406 757
1407 755
1408 753
1409 752
1410 755
1411 755
1412 754
1413 755
1414 755
1415 755
1416 754
1417 755
1418 755
1419 755
1420 754
1421 758
1422 755
1423 755
1424 755
1425 755
1426 754
1427 754
1428 754
1429 755
1430 755
1431 754
1432 755
1433 760
1434 754
1435 755
1436 754
1437 754
1438 755
1439 753
1440 755
1441 753
1442 754
1443 754
1444 754
1445 755
1446 756
1447 755
1448 755
1449 754
1450 754
1451 754
1452 754
1453 754
1454 752
1455 754
1456 754
1457 754
1458 755
1459 754
1460 754
1461 755
1462 754
1463 753
1464 754
1465 746
1466 751
1467 754
1468 753
1469 754
1470 754
1471 754
1472 758
1473 755
1474 755
1475 754
1476 754
1477 755
1478 753
1479 754
1480 755
1481 754
1482 754
1483 754
1484 770
1485 760
1486 757
1487 755
1488 754
1489 754
1490 754
1491 755
1492 754
1493 754
1494 754
1495 754
1496 769
1497 896
1498 952
1499 973
1500 983
1501 987
1502 988
1503 991
1504 994
1505 992
1506 989
1507 992
1508 991
1509 989
1510 989
1511 988
1512 991
1513 991
1514 988
1515 992
1516 977
1517 984
1518 987
1519 992
1520 992
1521 992
1522 992
1523 988
1524 991
1525 989
1526 992
1527 989
1528 992
1529 992
1530 989
1531 992
1532 991
1533 992
1534 993
1535 1019
1536 1001
1537 995
1538 993
1539 993
1540 992
1541 992
1542 997
1543 993
1544 993
1545 992
1546 991
1547 992
1548 997
1549 995
1550 994
1551 992
1552 992
1553 992
1554 992
1555 994
1556 991
1557 992
1558 992
1559 992
1560 993
1561 987
1562 988
1563 991
1564 992
1565 993
1566 993
1567 1016
1568 1001
1569 995
1570 993
1571 993
1572 992
1573 992
1574 991
1575 989
1576 991
1577 992
1578 992
1579 993
1580 992
1581 988
1582 992
1583 992
1584 992
1585 992
1586 995
1587 989
1588 991
1589 989
1590 991
1591 992
1592 839
1593 788
1594 768
1595 760
1596 758
1597 756
1598 756
1599 747
1600 753
1601 755
1602 755
1603 755
1604 755
1605 755
1606 757
1607 755
1608 755
1609 755
1610 755
1611 754
1612 757
1613 754
1614 755
1615 755
1616 754
1617 754
1618 738
1619 747
1620 750
1621 753
1622 754
1623 755
1624 755
1625 751
1626 753
1627 753
1628 755
1629 754
1630 755
1631 755
1632 753
1633 754
1634 754
1635 754
1636 755
1637 746
1638 749
1639 752
1640 753
1641 754
1642 754
1643 755
1644 753
1645 752
1646 753
1647 753
1648 753
1649 754
1650 749
1651 753
1652 753
1653 753
1654 754
1655 754
1656 754
1657 756
1658 753
1659 753
1660 754
1661 754
1662 754
1663 756
1664 754
1665 754
1666 754
1667 754
1668 755
1669 778
1670 767
1671 761
1672 756
1673 754
1674 755
1675 756
1676 756
1677 754
1678 755
1679 754
1680 754
1681 754
1682 753
1683 753
1684 754
1685 753
1686 754
1687 845
1688 934
1689 969
1690 980
1691 986
1692 988
1693 989
1694 991
1695 993
1696 988
1697 992
1698 989
1699 991
1700 991
1701 989
1702 991
1703 991
1704 989
1705 992
1706 991
1707 992
1708 995
1709 992
1710 992
1711 993
1712 992
1713 992
1714 991
1715 988
1716 991
1717 991
1718 992
1719 992
1720 996
1721 994
1722 992
1723 992
1724 994
1725 992
1726 992
1727 995
1728 991
1729 991
1730 992
1731 991
1732 992
1733 993
1734 994
1735 992
1736 992
1737 991
1738 992
1739 991
1740 988
1741 989
1742 992
1743 992
1744 992
1745 992
1746 992
1747 989
1748 992
1749 993
1750 992
1751 992
1752 999
1753 995
1754 994
1755 992
1756 992
1757 992
1758 992
1759 996
1760 992
1761 992
1762 992
1763 992
1764 992
1765 994
1766 992
1767 993
1768 992
1769 992
1770 992
1771 988
1772 993
1773 992
1774 992
1775 992
1776 992
1777 993
1778 989
1779 988
1780 989
1781 992
1782 980
1783 845
1784 790
1785 769
1786 761
1787 758
1788 756
1789 755
1790 755
1791 755
1792 753
1793 755
1794 755
1795 754
1796 755
1797 754
1798 754
1799 754
1800 754
1801 755
1802 755
1803 757
1804 752
1805 753
1806 754
1807 754
1808 754
1809 755
1810 756
1811 753
1812 754
1813 755
1814 754
1815 755
1816 749
1817 752
1818 754
1819 754
1820 754
1821 755
1822 754
1823 757
1824 755
1825 754
1826 755
1827 754
1828 754
1829 761
1830 757
1831 756
1832 754
1833 754
1834 755
1835 749
1836 752
1837 753
1838 754
1839 754
1840 754
1841 754
1842 758
1843 755
1844 756
1845 755
1846 753
1847 761
1848 757
1849 754
1850 755
1851 755
1852 755
1853 755
1854 748
1855 757
1856 754
1857 746
1858 752
1859 754
1860 754
1861 752
1862 752
1863 754
1864 754
1865 754
1866 754
1867 758
1868 756
1869 755
1870 754
1871 755
1872 755
1873 754
1874 756
1875 755
1876 755
1877 755
1878 894
1879 952
1880 973
1881 982
1882 987
1883 988
1884 988
1885 991
1886 1013
1887 1004
1888 997
1889 992
1890 992
1891 991
1892 992
1893 996
1894 993
1895 992
1896 992
1897 992
1898 992
1899 993
1900 992
1901 992
1902 993
1903 992
1904 992
1905 991
1906 989
1907 992
1908 992
1909 992
1910 993
1911 989
1912 993
1913 992
1914 992
1915 991
1916 992
1917 991
1918 982
1919 987
1920 992
1921 991
1922 991
1923 993
1924 992
1925 994
1926 992
1927 992
1928 992
1929 992
1930 993
1931 991
1932 991
1933 992
1934 992
1935 992
1936 992
1937 995
1938 995
1939 992
1940 992
1941 992
1942 992
1943 993
1944 994
1945 993
1946 992
1947 992
1948 992
1949 992
1950 988
1951 991
1952 989
1953 991
1954 992
1955 993
1956 992
1957 992
1958 992
1959 991
1960 989
1961 992
1962 992
1963 992
1964 992
1965 992
1966 993
1967 992
1968 993
1969 995
1970 995
1971 993
1972 992
1973 977
1974 845
1975 793
1976 773
1977 762
1978 758
1979 756
1980 755
1981 756
1982 755
1983 755
1984 755
1985 755
1986 755
1987 756
1988 779
1989 767
1990 760
1991 756
1992 755
1993 755
1994 755
1995 752
1996 752
1997 754
1998 754
1999 754
2000 755
2001 747
2002 752
2003 753
2004 754
2005 754
2006 755
2007 753
2008 757
2009 754
2010 754
2011 754
2012 754
2013 755
2014 759
2015 755
2016 755
2017 754
2018 754
2019 755
2020 766
2021 762
2022 757
2023 755
2024 755
2025 754
2026 755
2027 755
2028 754
2029 754
2030 755
2031 754
2032 754
2033 752
2034 753
2035 754
2036 755
2037 755
2038 755
2039 755
2040 755
2041 754
2042 754
2043 754
2044 754
2045 754
2046 756
2047 753
