1 3332
2 3328
3 3330
4 3332
5 3330
6 3331
7 3328
8 3329
9 3330
10 3330
11 3330
12 3330
13 3330
14 3330
15 3330
16 3330
17 3330
18 3311
19 3322
20 3326
21 3328
22 3328
23 3329
24 3330
25 3327
26 3327
27 3328
28 3329
29 3330
30 3330
31 3331
32 3329
33 3330
34 3330
35 3330
36 3330
37 3330
38 3332
39 3330
40 3330
41 3331
42 3331
43 3330
44 3336
45 3333
46 3333
47 3331
48 3331
49 3332
50 3329
51 3328
52 3196
53 1777
54 1182
55 936
56 831
57 789
58 770
59 762
60 759
61 757
62 756
63 760
64 756
65 755
66 755
67 753
68 754
69 775
70 763
71 755
72 754
73 752
74 752
75 751
76 749
77 747
78 750
79 749
80 750
81 749
82 748
83 748
84 748
85 747
86 747
87 746
88 744
89 753
90 748
91 747
92 746
93 745
94 746
95 753
96 748
97 747
98 746
99 745
100 746
101 753
102 749
103 747
104 746
105 747
106 746
107 744
108 747
109 746
110 746
111 747
112 746
113 747
114 752
115 747
116 748
117 747
118 746
119 747
120 770
121 759
122 752
123 748
124 746
125 747
126 747
127 745
128 744
129 746
130 748
131 746
132 747
133 746
134 745
135 746
136 746
137 748
138 747
139 753
140 748
141 747
142 746
143 746
144 746
145 746
146 747
147 747
148 2341
149 2892
150 3131
151 3235
152 3280
153 3300
154 3312
155 3317
156 3320
157 3322
158 3322
159 3323
160 3322
161 3323
162 3323
163 3325
164 3326
165 3330
166 3327
167 3326
168 3326
169 3326
170 3326
171 3339
172 3335
173 3330
174 3328
175 3328
176 3328
177 3328
178 3332
179 3329
180 3329
181 3328
182 3329
183 3329
184 3328
185 3329
186 3329
187 3330
188 3329
189 3329
190 3306
191 3318
192 3323
193 3328
194 3330
195 3328
196 3329
197 3325
198 3326
199 3328
200 3329
201 3330
202 3331
203 3332
204 3330
205 3329
206 3330
207 3330
208 3331
209 3330
210 3330
211 3328
212 3328
213 3329
214 3330
215 3330
216 3334
217 3331
218 3332
219 3330
220 3331
221 3331
222 3346
223 3338
224 3333
225 3331
226 3332
227 3332
228 3331
229 3331
230 3331
231 3331
232 3331
233 3331
234 3331
235 3331
236 3329
237 3331
238 3330
239 3331
240 3332
241 3342
242 3338
243 3198
244 1778
245 1184
246 935
247 832
248 787
249 771
250 762
251 759
252 755
253 755
254 756
255 755
256 755
257 755
258 753
259 753
260 753
261 752
262 752
263 752
264 753
265 750
266 751
267 753
268 752
269 750
270 751
271 748
272 748
273 741
274 746
275 747
276 747
277 747
278 747
279 746
280 749
281 747
282 747
283 746
284 746
285 747
286 744
287 744
288 746
289 746
290 746
291 747
292 760
293 753
294 749
295 748
296 748
297 747
298 747
299 746
300 745
301 748
302 748
303 748
304 748
305 748
306 746
307 747
308 748
309 748
310 747
311 732
312 739
313 744
314 745
315 746
316 747
317 747
318 745
319 745
320 746
321 747
322 746
323 746
324 740
325 744
326 746
327 747
328 746
329 746
330 745
331 747
332 746
333 746
334 747
335 746
336 746
337 742
338 747
339 2313
340 2880
341 3126
342 3233
343 3284
344 3306
345 3313
346 3315
347 3318
348 3321
349 3322
350 3325
351 3322
352 3325
353 3325
354 3324
355 3324
356 3323
357 3324
358 3324
359 3324
360 3326
361 3328
362 3308
363 3320
364 3323
365 3324
366 3326
367 3327
368 3327
369 3332
370 3328
371 3330
372 3328
373 3328
374 3329
375 3327
376 3327
377 3328
378 3329
379 3328
380 3329
381 3328
382 3332
383 3331
384 3329
385 3330
386 3330
387 3330
388 3332
389 3328
390 3329
391 3330
392 3330
393 3330
394 3315
395 3323
396 3325
397 3327
398 3329
399 3330
400 3329
401 3330
402 3329
403 3330
404 3330
405 3331
406 3329
407 3331
408 3329
409 3330
410 3329
411 3329
412 3330
413 3327
414 3327
415 3329
416 3330
417 3331
418 3330
419 3330
420 3328
421 3327
422 3328
423 3330
424 3330
425 3331
426 3327
427 3328
428 3330
429 3331
430 3331
431 3331
432 3330
433 3331
434 2057
435 1298
436 982
437 851
438 797
439 771
440 762
441 759
442 757
443 755
444 756
445 739
446 746
447 749
448 752
449 753
450 753
451 752
452 748
453 748
454 752
455 752
456 749
457 749
458 748
459 748
460 748
461 748
462 748
463 748
464 746
465 753
466 748
467 747
468 748
469 747
470 746
471 741
472 742
473 743
474 745
475 745
476 745
477 751
478 748
479 746
480 747
481 745
482 747
483 746
484 747
485 745
486 747
487 747
488 746
489 748
490 747
491 747
492 746
493 747
494 747
495 749
496 728
497 738
498 743
499 746
500 747
501 748
502 747
503 749
504 746
505 748
506 747
507 747
508 748
509 748
510 746
511 747
512 747
513 748
514 746
515 731
516 745
517 745
518 746
519 746
520 746
521 746
522 751
523 747
524 747
525 745
526 746
527 746
528 741
529 868
530 2273
531 2866
532 3119
533 3228
534 3276
535 3303
536 3311
537 3317
538 3321
539 3321
540 3323
541 3328
542 3326
543 3326
544 3326
545 3326
546 3326
547 3340
548 3333
549 3329
550 3327
551 3327
552 3326
553 3325
554 3325
555 3325
556 3327
557 3326
558 3328
559 3328
560 3328
561 3327
562 3328
563 3328
564 3328
565 3330
566 3312
567 3326
568 3327
569 3328
570 3330
571 3329
572 3331
573 3327
574 3327
575 3329
576 3329
577 3327
578 3330
579 3325
580 3327
581 3327
582 3328
583 3329
584 3331
585 3330
586 3331
587 3330
588 3329
589 3329
590 3331
591 3332
592 3333
593 3331
594 3331
595 3330
596 3330
597 3330
598 3348
599 3340
600 3333
601 3331
602 3331
603 3331
604 3330
605 3335
606 3331
607 3331
608 3331
609 3331
610 3331
611 3332
612 3332
613 3331
614 3331
615 3330
616 3331
617 3330
618 3330
619 3329
620 3329
621 3332
622 3330
623 3330
624 3333
625 1768
626 1178
627 935
628 832
629 789
630 764
631 760
632 759
633 756
634 756
635 755
636 755
637 756
638 754
639 754
640 754
641 753
642 754
643 751
644 753
645 754
646 752
647 752
648 752
649 730
650 740
651 744
652 747
653 749
654 748
655 748
656 753
657 748
658 747
659 748
660 746
661 747
662 748
663 747
664 745
665 746
666 746
667 747
668 744
669 747
670 746
671 746
672 747
673 747
674 747
675 750
676 747
677 747
678 748
679 745
680 746
681 740
682 744
683 744
684 747
685 747
686 747
687 746
688 747
689 745
690 747
691 747
692 747
693 748
694 750
695 748
696 748
697 748
698 747
699 748
700 744
701 746
702 745
703 746
704 747
705 748
706 747
707 751
708 747
709 747
710 746
711 747
712 746
713 747
714 746
715 748
716 746
717 747
718 746
719 768
720 892
721 2273
722 2865
723 3118
724 3229
725 3276
726 3304
727 3311
728 3317
729 3320
730 3321
731 3321
732 3318
733 3323
734 3324
735 3324
736 3325
737 3325
738 3324
739 3324
740 3323
741 3325
742 3326
743 3327
744 3326
745 3322
746 3324
747 3326
748 3327
749 3327
750 3329
751 3324
752 3327
753 3329
754 3329
755 3329
756 3331
757 3330
758 3331
759 3328
760 3329
761 3329
762 3330
763 3330
764 3330
765 3326
766 3329
767 3328
768 3330
769 3330
770 3339
771 3335
772 3332
773 3330
774 3331
775 3331
776 3329
777 3325
778 3327
779 3328
780 3330
781 3330
782 3331
783 3326
784 3327
785 3328
786 3329
787 3331
788 3331
789 3332
790 3330
791 3329
792 3329
793 3331
794 3330
795 3331
796 3328
797 3329
798 3331
799 3331
800 3331
801 3331
802 3333
803 3331
804 3331
805 3331
806 3332
807 3331
808 3331
809 3332
810 3331
811 3331
812 3331
813 3331
814 3330
815 3335
816 1720
817 1157
818 924
819 829
820 788
821 760
822 757
823 756
824 755
825 755
826 755
827 754
828 755
829 753
830 754
831 753
832 753
833 752
834 752
835 749
836 751
837 750
838 751
839 750
840 752
841 746
842 747
843 746
844 748
845 747
846 747
847 742
848 744
849 744
850 746
851 746
852 747
853 749
854 746
855 746
856 746
857 747
858 745
859 748
860 746
861 746
862 745
863 745
864 745
865 746
866 746
867 745
868 746
869 747
870 746
871 747
872 731
873 742
874 744
875 746
876 747
877 747
878 747
879 749
880 747
881 747
882 747
883 747
884 748
885 747
886 747
887 747
888 747
889 747
890 748
891 726
892 738
893 743
894 745
895 745
896 746
897 744
898 749
899 745
900 745
901 740
902 743
903 744
904 747
905 746
906 746
907 747
908 746
909 747
910 747
911 887
912 2268
913 2865
914 3119
915 3228
916 3277
917 3304
918 3312
919 3317
920 3320
921 3322
922 3323
923 3318
924 3323
925 3325
926 3324
927 3325
928 3327
929 3326
930 3328
931 3326
932 3327
933 3326
934 3327
935 3328
936 3327
937 3325
938 3327
939 3327
940 3328
941 3329
942 3348
943 3339
944 3332
945 3330
946 3328
947 3329
948 3328
949 3326
950 3326
951 3328
952 3329
953 3327
954 3329
955 3328
956 3327
957 3329
958 3330
959 3330
960 3331
961 3314
962 3323
963 3327
964 3327
965 3330
966 3331
967 3330
968 3331
969 3329
970 3329
971 3330
972 3331
973 3330
974 3331
975 3330
976 3331
977 3330
978 3330
979 3331
980 3330
981 3329
982 3329
983 3329
984 3330
985 3328
986 3331
987 3331
988 3330
989 3329
990 3330
991 3330
992 3331
993 3310
994 3322
995 3326
996 3328
997 3331
998 3331
999 3331
1000 3332
1001 3329
1002 3329
1003 3329
1004 3331
1005 3331
1006 3330
1007 1707
1008 1152
1009 922
1010 827
1011 788
1012 775
1013 764
1014 758
1015 756
1016 755
1017 755
1018 755
1019 751
1020 751
1021 753
1022 752
1023 752
1024 753
1025 756
1026 755
1027 754
1028 752
1029 752
1030 752
1031 748
1032 754
1033 749
1034 750
1035 749
1036 748
1037 748
1038 748
1039 748
1040 748
1041 747
1042 748
1043 748
1044 764
1045 755
1046 751
1047 748
1048 748
1049 747
1050 746
1051 748
1052 745
1053 746
1054 746
1055 746
1056 746
1057 746
1058 745
1059 745
1060 746
1061 747
1062 747
1063 754
1064 753
1065 749
1066 747
1067 747
1068 747
1069 747
1070 741
1071 744
1072 746
1073 747
1074 746
1075 748
1076 750
1077 748
1078 748
1079 746
1080 747
1081 747
1082 748
1083 752
1084 747
1085 747
1086 747
1087 747
1088 748
1089 746
1090 746
1091 747
1092 748
1093 745
1094 748
1095 739
1096 743
1097 746
1098 746
1099 747
1100 747
1101 746
1102 890
1103 2268
1104 2865
1105 3119
1106 3228
1107 3277
1108 3304
1109 3312
1110 3318
1111 3320
1112 3322
1113 3324
1114 3345
1115 3332
1116 3328
1117 3326
1118 3327
1119 3326
1120 3326
1121 3327
1122 3325
1123 3326
1124 3327
1125 3327
1126 3328
1127 3326
1128 3323
1129 3326
1130 3327
1131 3328
1132 3328
1133 3332
1134 3327
1135 3327
1136 3328
1137 3327
1138 3328
1139 3330
1140 3332
1141 3328
1142 3329
1143 3329
1144 3329
1145 3329
1146 3330
1147 3329
1148 3330
1149 3329
1150 3330
1151 3330
1152 3330
1153 3332
1154 3329
1155 3329
1156 3331
1157 3331
1158 3331
1159 3328
1160 3328
1161 3329
1162 3329
1163 3329
1164 3331
1165 3333
1166 3332
1167 3331
1168 3331
1169 3331
1170 3332
1171 3330
1172 3333
1173 3330
1174 3330
1175 3330
1176 3331
1177 3331
1178 3331
1179 3331
1180 3331
1181 3330
1182 3331
1183 3330
1184 3325
1185 3323
1186 3328
1187 3329
1188 3329
1189 3329
1190 3331
1191 3333
1192 3329
1193 3330
1194 3331
1195 3331
1196 3331
1197 3328
1198 1706
1199 1151
1200 922
1201 829
1202 788
1203 770
1204 765
1205 759
1206 758
1207 756
1208 755
1209 755
1210 753
1211 754
1212 755
1213 754
1214 753
1215 755
1216 744
1217 748
1218 751
1219 752
1220 753
1221 753
1222 751
1223 753
1224 749
1225 749
1226 749
1227 749
1228 751
1229 749
1230 748
1231 749
1232 748
1233 747
1234 748
1235 756
1236 755
1237 751
1238 748
1239 746
1240 746
1241 746
1242 753
1243 747
1244 747
1245 746
1246 746
1247 747
1248 747
1249 747
1250 747
1251 746
1252 746
1253 746
1254 748
1255 749
1256 748
1257 747
1258 747
1259 747
1260 747
1261 746
1262 747
1263 746
1264 748
1265 748
1266 747
1267 754
1268 751
1269 748
1270 748
1271 749
1272 748
1273 748
1274 751
1275 747
1276 747
1277 747
1278 746
1279 747
1280 746
1281 746
1282 746
1283 747
1284 747
1285 745
1286 772
1287 758
1288 750
1289 747
1290 748
1291 748
1292 748
1293 1175
1294 2392
1295 2916
1296 3139
1297 3239
1298 3281
1299 3299
1300 3309
1301 3317
1302 3318
1303 3322
1304 3323
1305 3323
1306 3326
1307 3325
1308 3323
1309 3325
1310 3325
1311 3325
1312 3322
1313 3322
1314 3325
1315 3325
1316 3327
1317 3328
1318 3324
1319 3327
1320 3328
1321 3327
1322 3328
1323 3328
1324 3326
1325 3327
1326 3327
1327 3328
1328 3329
1329 3329
1330 3329
1331 3327
1332 3327
1333 3329
1334 3329
1335 3330
1336 3331
1337 3351
1338 3340
1339 3334
1340 3331
1341 3332
1342 3332
1343 3330
1344 3328
1345 3325
1346 3329
1347 3330
1348 3330
1349 3331
1350 3331
1351 3329
1352 3330
1353 3330
1354 3331
1355 3330
1356 3355
1357 3341
1358 3334
1359 3332
1360 3331
1361 3330
1362 3331
1363 3333
1364 3331
1365 3332
1366 3330
1367 3331
1368 3332
1369 3335
1370 3333
1371 3331
1372 3331
1373 3331
1374 3330
1375 3330
1376 3331
1377 3330
1378 3330
1379 3329
1380 3330
1381 3331
1382 3335
1383 3333
1384 3332
1385 3332
1386 3329
1387 3330
1388 3246
1389 1754
1390 1172
1391 930
1392 830
1393 788
1394 770
1395 758
1396 756
1397 755
1398 754
1399 753
1400 753
1401 753
1402 752
1403 753
1404 753
1405 752
1406 752
1407 724
1408 737
1409 744
1410 748
1411 749
1412 751
1413 749
1414 756
1415 752
1416 749
1417 748
1418 748
1419 749
1420 745
1421 747
1422 748
1423 747
1424 747
1425 747
1426 747
1427 752
1428 748
1429 748
1430 747
1431 747
1432 747
1433 747
1434 746
1435 747
1436 747
1437 746
1438 748
1439 746
1440 747
1441 747
1442 748
1443 747
1444 748
1445 747
1446 752
1447 747
1448 748
1449 747
1450 748
1451 747
1452 747
1453 746
1454 747
1455 747
1456 748
1457 747
1458 768
1459 757
1460 751
1461 748
1462 747
1463 746
1464 747
1465 744
1466 743
1467 747
1468 746
1469 746
1470 746
1471 747
1472 746
1473 746
1474 745
1475 746
1476 747
1477 728
1478 742
1479 746
1480 746
1481 747
1482 747
1483 748
1484 2165
1485 2816
1486 3096
1487 3218
1488 3271
1489 3299
1490 3314
1491 3316
1492 3319
1493 3319
1494 3322
1495 3324
1496 3323
1497 3323
1498 3323
1499 3324
1500 3325
1501 3326
1502 3327
1503 3325
1504 3325
1505 3326
1506 3326
1507 3327
1508 3327
1509 3311
1510 3318
1511 3322
1512 3325
1513 3326
1514 3329
1515 3329
1516 3325
1517 3326
1518 3327
1519 3327
1520 3328
1521 3328
1522 3328
1523 3328
1524 3331
1525 3329
1526 3331
1527 3330
1528 3351
1529 3338
1530 3333
1531 3330
1532 3331
1533 3330
1534 3329
1535 3329
1536 3328
1537 3331
1538 3330
1539 3331
1540 3330
1541 3334
1542 3330
1543 3330
1544 3329
1545 3330
1546 3329
1547 3329
1548 3332
1549 3330
1550 3330
1551 3328
1552 3329
1553 3330
1554 3329
1555 3328
1556 3330
1557 3330
1558 3331
1559 3332
1560 3345
1561 3338
1562 3332
1563 3331
1564 3332
1565 3330
1566 3331
1567 3333
1568 3330
1569 3330
1570 3329
1571 3330
1572 3330
1573 3330
1574 3330
1575 3330
1576 3330
1577 3331
1578 3330
1579 3181
1580 1759
1581 1174
1582 931
1583 830
1584 789
1585 770
1586 767
1587 760
1588 757
1589 756
1590 754
1591 754
1592 749
1593 752
1594 753
1595 752
1596 753
1597 751
1598 751
1599 754
1600 753
1601 750
1602 752
1603 751
1604 751
1605 751
1606 748
1607 748
1608 749
1609 748
1610 749
1611 755
1612 752
1613 749
1614 747
1615 746
1616 746
1617 746
1618 746
1619 744
1620 745
1621 746
1622 745
1623 746
1624 745
1625 746
1626 746
1627 746
1628 745
1629 746
1630 743
1631 750
1632 747
1633 746
1634 746
1635 747
1636 746
1637 742
1638 744
1639 745
1640 747
1641 745
1642 747
1643 746
1644 747
1645 746
1646 747
1647 747
1648 748
1649 747
1650 752
1651 747
1652 747
1653 746
1654 746
1655 746
1656 752
1657 747
1658 748
1659 748
1660 746
1661 746
1662 745
1663 747
1664 747
1665 747
1666 747
1667 747
1668 746
1669 752
1670 747
1671 747
1672 748
1673 747
1674 747
1675 2315
1676 2880
1677 3125
1678 3230
1679 3277
1680 3301
1681 3311
1682 3315
1683 3318
1684 3320
1685 3321
1686 3323
1687 3324
1688 3321
1689 3321
1690 3324
1691 3325
1692 3326
1693 3326
1694 3327
1695 3326
1696 3326
1697 3327
1698 3326
1699 3326
1700 3327
1701 3325
1702 3325
1703 3326
1704 3327
1705 3329
1706 3328
1707 3330
1708 3328
1709 3328
1710 3328
1711 3328
1712 3328
1713 3332
1714 3330
1715 3329
1716 3330
1717 3331
1718 3331
1719 3329
1720 3332
1721 3329
1722 3328
1723 3330
1724 3330
1725 3329
1726 3334
1727 3331
1728 3331
1729 3330
1730 3331
1731 3331
1732 3346
1733 3339
1734 3335
1735 3331
1736 3331
1737 3331
1738 3330
1739 3328
1740 3328
1741 3329
1742 3329
1743 3329
1744 3330
1745 3330
1746 3328
1747 3330
1748 3330
1749 3330
1750 3330
1751 3340
1752 3331
1753 3330
1754 3330
1755 3330
1756 3331
1757 3331
1758 3327
1759 3326
1760 3329
1761 3330
1762 3331
1763 3330
1764 3328
1765 3329
1766 3330
1767 3330
1768 3331
1769 3330
1770 3197
1771 1776
1772 1180
1773 935
1774 831
1775 788
1776 771
1777 769
1778 762
1779 758
1780 757
1781 756
1782 755
1783 766
1784 760
1785 755
1786 753
1787 754
1788 753
1789 753
1790 752
1791 751
1792 751
1793 751
1794 749
1795 751
1796 749
1797 748
1798 748
1799 747
1800 748
1801 748
1802 752
1803 747
1804 747
1805 745
1806 747
1807 746
1808 747
1809 744
1810 745
1811 745
1812 746
1813 745
1814 747
1815 748
1816 747
1817 746
1818 747
1819 746
1820 747
1821 746
1822 747
1823 747
1824 747
1825 746
1826 746
1827 747
1828 748
1829 746
1830 746
1831 747
1832 746
1833 748
1834 758
1835 753
1836 749
1837 748
1838 747
1839 748
1840 748
1841 747
1842 746
1843 747
1844 748
1845 747
1846 754
1847 748
1848 746
1849 747
1850 745
1851 746
1852 745
1853 740
1854 743
1855 737
1856 741
1857 743
1858 745
1859 746
1860 747
1861 744
1862 746
1863 746
1864 747
1865 747
1866 2334
1867 2889
1868 3129
1869 3235
1870 3279
1871 3302
1872 3311
1873 3324
1874 3322
1875 3323
1876 3324
1877 3324
1878 3325
1879 3323
1880 3322
1881 3324
1882 3325
1883 3326
1884 3328
1885 3329
1886 3327
1887 3328
1888 3327
1889 3328
1890 3329
1891 3327
1892 3328
1893 3326
1894 3326
1895 3327
1896 3328
1897 3329
1898 3328
1899 3325
1900 3328
1901 3329
1902 3327
1903 3329
1904 3312
1905 3320
1906 3325
1907 3328
1908 3328
1909 3330
1910 3329
1911 3333
1912 3329
1913 3329
1914 3330
1915 3330
1916 3329
1917 3329
1918 3330
1919 3330
1920 3328
1921 3329
1922 3330
1923 3340
1924 3331
1925 3330
1926 3329
1927 3330
1928 3329
1929 3330
1930 3331
1931 3328
1932 3330
1933 3331
1934 3331
1935 3330
1936 3327
1937 3328
1938 3329
1939 3329
1940 3329
1941 3330
1942 3328
1943 3329
1944 3330
1945 3330
1946 3331
1947 3330
1948 3330
1949 3331
1950 3328
1951 3329
1952 3329
1953 3331
1954 3331
1955 3331
1956 3331
1957 3328
1958 3329
1959 3330
1960 3331
1961 3195
1962 1779
1963 1182
1964 935
1965 831
1966 789
1967 769
1968 762
1969 758
1970 757
1971 755
1972 754
1973 754
1974 723
1975 740
1976 747
1977 749
1978 750
1979 751
1980 752
1981 757
1982 752
1983 751
1984 751
1985 749
1986 748
1987 746
1988 747
1989 747
1990 747
1991 747
1992 748
1993 748
1994 751
1995 748
1996 748
1997 747
1998 746
1999 747
2000 748
2001 746
2002 746
2003 745
2004 744
2005 746
2006 741
2007 743
2008 746
2009 745
2010 746
2011 746
2012 748
2013 745
2014 745
2015 745
2016 747
2017 746
2018 747
2019 747
2020 747
2021 747
2022 747
2023 748
2024 748
2025 720
2026 735
2027 742
2028 746
2029 747
2030 747
2031 747
2032 751
2033 749
2034 747
2035 749
2036 747
2037 748
2038 747
2039 747
2040 747
2041 747
2042 748
2043 748
2044 749
2045 752
2046 748
2047 747
