1 1732
2 1731
3 1735
4 1735
5 1735
6 1736
7 1734
8 1735
9 1735
10 1735
11 1734
12 1737
13 1736
14 1734
15 1735
16 1735
17 1735
18 1734
19 1735
20 1733
21 1734
22 1736
23 1735
24 1735
25 1730
26 1734
27 1733
28 1735
29 1735
30 1736
31 1752
32 1745
33 1740
34 1737
35 1737
36 1737
37 1736
38 1737
39 1734
40 1735
41 1736
42 1735
43 1736
44 1735
45 1736
46 1735
47 1735
48 1735
49 1736
50 1725
51 1730
52 1679
53 1138
54 917
55 827
56 788
57 768
58 764
59 762
60 761
61 759
62 758
63 763
64 760
65 760
66 757
67 758
68 758
69 756
70 761
71 757
72 758
73 757
74 758
75 756
76 762
77 760
78 758
79 757
80 757
81 757
82 752
83 753
84 755
85 755
86 755
87 756
88 755
89 754
90 754
91 754
92 755
93 756
94 756
95 755
96 754
97 755
98 754
99 754
100 756
101 777
102 764
103 759
104 757
105 757
106 754
107 755
108 751
109 753
110 754
111 755
112 755
113 756
114 758
115 756
116 757
117 756
118 756
119 757
120 755
121 760
122 757
123 756
124 756
125 755
126 757
127 755
128 755
129 756
130 756
131 755
132 755
133 759
134 756
135 756
136 756
137 756
138 756
139 755
140 756
141 753
142 755
143 756
144 755
145 755
146 755
147 767
148 1352
149 1570
150 1660
151 1700
152 1712
153 1727
154 1729
155 1730
156 1732
157 1731
158 1733
159 1740
160 1734
161 1734
162 1733
163 1734
164 1734
165 1732
166 1732
167 1733
168 1732
169 1733
170 1734
171 1734
172 1738
173 1735
174 1734
175 1735
176 1734
177 1734
178 1736
179 1735
180 1735
181 1734
182 1734
183 1734
184 1725
185 1729
186 1732
187 1734
188 1733
189 1735
190 1735
191 1739
192 1736
193 1735
194 1734
195 1735
196 1735
197 1735
198 1735
199 1737
200 1736
201 1735
202 1736
203 1753
204 1740
205 1738
206 1736
207 1737
208 1737
209 1736
210 1741
211 1738
212 1737
213 1736
214 1735
215 1736
216 1737
217 1737
218 1735
219 1736
220 1736
221 1736
222 1735
223 1735
224 1736
225 1735
226 1735
227 1735
228 1735
229 1740
230 1735
231 1737
232 1736
233 1737
234 1737
235 1735
236 1735
237 1735
238 1735
239 1735
240 1736
241 1735
242 1739
243 1225
244 953
245 840
246 793
247 773
248 764
249 761
250 760
251 760
252 758
253 760
254 762
255 756
256 757
257 758
258 757
259 757
260 757
261 760
262 757
263 758
264 756
265 756
266 757
267 758
268 756
269 757
270 756
271 756
272 756
273 755
274 756
275 755
276 755
277 755
278 756
279 755
280 758
281 755
282 756
283 756
284 755
285 755
286 746
287 751
288 754
289 754
290 755
291 756
292 755
293 753
294 752
295 754
296 755
297 755
298 755
299 755
300 755
301 756
302 755
303 754
304 755
305 773
306 767
307 760
308 756
309 755
310 755
311 755
312 761
313 757
314 757
315 755
316 755
317 756
318 757
319 757
320 757
321 755
322 755
323 755
324 755
325 755
326 755
327 755
328 755
329 755
330 756
331 752
332 755
333 755
334 756
335 755
336 756
337 758
338 807
339 1341
340 1562
341 1658
342 1699
343 1717
344 1725
345 1727
346 1731
347 1731
348 1732
349 1732
350 1731
351 1731
352 1733
353 1733
354 1733
355 1733
356 1706
357 1725
358 1729
359 1732
360 1733
361 1733
362 1733
363 1729
364 1731
365 1733
366 1734
367 1734
368 1734
369 1731
370 1732
371 1734
372 1734
373 1735
374 1734
375 1734
376 1736
377 1735
378 1735
379 1734
380 1734
381 1734
382 1743
383 1738
384 1737
385 1736
386 1735
387 1735
388 1735
389 1737
390 1736
391 1735
392 1735
393 1737
394 1735
395 1735
396 1733
397 1732
398 1735
399 1735
400 1735
401 1734
402 1733
403 1735
404 1736
405 1735
406 1735
407 1724
408 1728
409 1732
410 1733
411 1734
412 1736
413 1735
414 1739
415 1738
416 1736
417 1737
418 1736
419 1735
420 1736
421 1736
422 1735
423 1735
424 1737
425 1736
426 1717
427 1728
428 1731
429 1732
430 1734
431 1736
432 1737
433 1731
434 1131
435 911
436 826
437 787
438 771
439 767
440 763
441 760
442 758
443 759
444 758
445 758
446 760
447 757
448 757
449 758
450 757
451 757
452 755
453 757
454 757
455 757
456 756
457 757
458 761
459 761
460 758
461 757
462 756
463 756
464 756
465 761
466 756
467 756
468 756
469 754
470 755
471 754
472 754
473 755
474 755
475 755
476 755
477 776
478 763
479 759
480 756
481 755
482 755
483 755
484 749
485 751
486 753
487 755
488 755
489 755
490 752
491 754
492 755
493 754
494 755
495 756
496 756
497 760
498 757
499 754
500 755
501 756
502 756
503 751
504 754
505 756
506 756
507 755
508 755
509 761
510 759
511 757
512 755
513 755
514 756
515 755
516 757
517 755
518 755
519 755
520 754
521 756
522 754
523 756
524 756
525 755
526 755
527 756
528 758
529 808
530 1339
531 1562
532 1658
533 1700
534 1718
535 1721
536 1726
537 1729
538 1730
539 1732
540 1732
541 1733
542 1733
543 1733
544 1733
545 1733
546 1733
547 1730
548 1735
549 1735
550 1733
551 1733
552 1735
553 1734
554 1737
555 1733
556 1734
557 1734
558 1735
559 1735
560 1727
561 1732
562 1734
563 1733
564 1735
565 1735
566 1735
567 1736
568 1733
569 1735
570 1735
571 1735
572 1734
573 1733
574 1732
575 1734
576 1735
577 1735
578 1736
579 1722
580 1731
581 1732
582 1733
583 1734
584 1735
585 1737
586 1738
587 1735
588 1735
589 1735
590 1736
591 1737
592 1734
593 1734
594 1735
595 1735
596 1735
597 1736
598 1737
599 1739
600 1735
601 1735
602 1737
603 1735
604 1736
605 1731
606 1733
607 1735
608 1736
609 1736
610 1736
611 1731
612 1734
613 1734
614 1735
615 1735
616 1736
617 1736
618 1740
619 1735
620 1736
621 1734
622 1734
623 1735
624 1741
625 1116
626 908
627 823
628 787
629 771
630 768
631 767
632 763
633 760
634 758
635 758
636 758
637 754
638 756
639 756
640 756
641 757
642 758
643 759
644 758
645 757
646 756
647 756
648 756
649 754
650 756
651 756
652 756
653 756
654 756
655 756
656 760
657 755
658 756
659 755
660 755
661 755
662 747
663 753
664 754
665 755
666 754
667 755
668 755
669 758
670 756
671 756
672 755
673 755
674 756
675 757
676 755
677 755
678 755
679 755
680 756
681 746
682 749
683 752
684 754
685 755
686 755
687 755
688 757
689 755
690 755
691 755
692 755
693 755
694 755
695 756
696 755
697 755
698 755
699 755
700 756
701 760
702 757
703 756
704 755
705 754
706 755
707 756
708 755
709 756
710 755
711 755
712 755
713 756
714 756
715 756
716 755
717 755
718 755
719 756
720 811
721 1340
722 1562
723 1658
724 1700
725 1719
726 1725
727 1727
728 1729
729 1731
730 1732
731 1732
732 1730
733 1737
734 1732
735 1732
736 1734
737 1733
738 1734
739 1740
740 1735
741 1736
742 1736
743 1735
744 1736
745 1737
746 1735
747 1735
748 1733
749 1734
750 1734
751 1731
752 1737
753 1735
754 1734
755 1733
756 1734
757 1735
758 1738
759 1735
760 1736
761 1735
762 1735
763 1734
764 1727
765 1732
766 1735
767 1733
768 1735
769 1735
770 1735
771 1737
772 1733
773 1735
774 1736
775 1735
776 1736
777 1732
778 1733
779 1735
780 1735
781 1736
782 1735
783 1716
784 1727
785 1731
786 1733
787 1736
788 1735
789 1735
790 1735
791 1733
792 1735
793 1735
794 1735
795 1735
796 1735
797 1735
798 1735
799 1736
800 1736
801 1736
802 1737
803 1742
804 1737
805 1737
806 1737
807 1737
808 1736
809 1737
810 1735
811 1735
812 1735
813 1735
814 1737
815 1743
816 1116
817 907
818 821
819 786
820 770
821 763
822 764
823 760
824 759
825 758
826 758
827 757
828 761
829 757
830 758
831 758
832 758
833 757
834 752
835 755
836 756
837 756
838 756
839 756
840 757
841 761
842 759
843 757
844 756
845 756
846 757
847 755
848 755
849 756
850 754
851 754
852 756
853 756
854 758
855 756
856 754
857 756
858 755
859 756
860 754
861 755
862 756
863 755
864 755
865 756
866 760
867 758
868 756
869 756
870 756
871 756
872 754
873 758
874 755
875 756
876 756
877 755
878 756
879 752
880 754
881 754
882 756
883 755
884 757
885 733
886 746
887 752
888 754
889 755
890 755
891 762
892 765
893 757
894 757
895 757
896 755
897 757
898 756
899 755
900 755
901 748
902 752
903 753
904 743
905 752
906 754
907 754
908 755
909 755
910 756
911 811
912 1339
913 1562
914 1658
915 1700
916 1718
917 1723
918 1727
919 1729
920 1730
921 1731
922 1731
923 1732
924 1735
925 1733
926 1735
927 1734
928 1733
929 1735
930 1732
931 1732
932 1734
933 1734
934 1734
935 1735
936 1720
937 1727
938 1732
939 1731
940 1733
941 1733
942 1734
943 1738
944 1734
945 1734
946 1735
947 1735
948 1735
949 1736
950 1735
951 1735
952 1736
953 1735
954 1735
955 1735
956 1734
957 1735
958 1734
959 1734
960 1735
961 1734
962 1737
963 1735
964 1736
965 1735
966 1734
967 1736
968 1738
969 1737
970 1737
971 1736
972 1736
973 1735
974 1733
975 1734
976 1734
977 1735
978 1735
979 1735
980 1736
981 1736
982 1736
983 1735
984 1736
985 1735
986 1735
987 1730
988 1733
989 1735
990 1735
991 1735
992 1736
993 1735
994 1739
995 1735
996 1737
997 1736
998 1735
999 1736
1000 1735
1001 1735
1002 1736
1003 1736
1004 1735
1005 1737
1006 1765
1007 1120
1008 908
1009 822
1010 786
1011 771
1012 764
1013 757
1014 756
1015 757
1016 758
1017 758
1018 757
1019 759
1020 759
1021 758
1022 757
1023 758
1024 758
1025 757
1026 759
1027 757
1028 756
1029 756
1030 756
1031 756
1032 756
1033 755
1034 755
1035 755
1036 755
1037 756
1038 743
1039 749
1040 753
1041 754
1042 754
1043 755
1044 755
1045 757
1046 755
1047 755
1048 756
1049 754
1050 756
1051 756
1052 754
1053 754
1054 754
1055 755
1056 755
1057 752
1058 751
1059 753
1060 755
1061 755
1062 754
1063 755
1064 755
1065 754
1066 755
1067 756
1068 755
1069 756
1070 758
1071 756
1072 756
1073 756
1074 756
1075 756
1076 756
1077 758
1078 756
1079 755
1080 756
1081 755
1082 755
1083 760
1084 754
1085 755
1086 755
1087 756
1088 755
1089 758
1090 758
1091 755
1092 755
1093 756
1094 756
1095 754
1096 757
1097 754
1098 754
1099 756
1100 754
1101 755
1102 1010
1103 1420
1104 1599
1105 1672
1106 1706
1107 1722
1108 1717
1109 1725
1110 1728
1111 1730
1112 1732
1113 1732
1114 1732
1115 1730
1116 1731
1117 1733
1118 1734
1119 1733
1120 1733
1121 1733
1122 1733
1123 1732
1124 1732
1125 1733
1126 1733
1127 1731
1128 1732
1129 1734
1130 1734
1131 1734
1132 1733
1133 1735
1134 1737
1135 1735
1136 1737
1137 1735
1138 1734
1139 1736
1140 1730
1141 1732
1142 1733
1143 1735
1144 1735
1145 1735
1146 1735
1147 1735
1148 1734
1149 1735
1150 1735
1151 1735
1152 1737
1153 1741
1154 1736
1155 1737
1156 1736
1157 1735
1158 1735
1159 1739
1160 1740
1161 1737
1162 1735
1163 1736
1164 1737
1165 1735
1166 1737
1167 1733
1168 1734
1169 1735
1170 1735
1171 1735
1172 1738
1173 1736
1174 1736
1175 1735
1176 1735
1177 1736
1178 1735
1179 1742
1180 1738
1181 1737
1182 1736
1183 1736
1184 1737
1185 1734
1186 1735
1187 1736
1188 1736
1189 1734
1190 1736
1191 1742
1192 1739
1193 1738
1194 1735
1195 1736
1196 1736
1197 1700
1198 1136
1199 912
1200 826
1201 788
1202 771
1203 764
1204 763
1205 760
1206 761
1207 759
1208 758
1209 758
1210 780
1211 770
1212 762
1213 759
1214 759
1215 757
1216 758
1217 763
1218 758
1219 759
1220 758
1221 757
1222 758
1223 755
1224 756
1225 756
1226 756
1227 756
1228 756
1229 755
1230 756
1231 755
1232 755
1233 755
1234 755
1235 756
1236 749
1237 753
1238 755
1239 755
1240 754
1241 755
1242 760
1243 757
1244 756
1245 755
1246 756
1247 755
1248 756
1249 758
1250 755
1251 755
1252 756
1253 755
1254 756
1255 754
1256 752
1257 755
1258 755
1259 755
1260 756
1261 757
1262 757
1263 756
1264 756
1265 756
1266 755
1267 755
1268 761
1269 757
1270 757
1271 756
1272 755
1273 755
1274 755
1275 755
1276 755
1277 755
1278 756
1279 756
1280 754
1281 760
1282 757
1283 755
1284 756
1285 756
1286 756
1287 762
1288 756
1289 756
1290 756
1291 755
1292 755
1293 1308
1294 1548
1295 1652
1296 1697
1297 1717
1298 1726
1299 1727
1300 1730
1301 1729
1302 1730
1303 1731
1304 1731
1305 1732
1306 1734
1307 1732
1308 1732
1309 1733
1310 1733
1311 1733
1312 1740
1313 1736
1314 1735
1315 1733
1316 1734
1317 1734
1318 1734
1319 1730
1320 1730
1321 1733
1322 1733
1323 1734
1324 1734
1325 1732
1326 1733
1327 1735
1328 1734
1329 1734
1330 1735
1331 1733
1332 1732
1333 1733
1334 1734
1335 1736
1336 1735
1337 1735
1338 1734
1339 1736
1340 1734
1341 1735
1342 1735
1343 1737
1344 1727
1345 1730
1346 1733
1347 1734
1348 1733
1349 1734
1350 1736
1351 1734
1352 1733
1353 1735
1354 1735
1355 1735
1356 1735
1357 1735
1358 1735
1359 1735
1360 1735
1361 1735
1362 1736
1363 1735
1364 1733
1365 1735
1366 1735
1367 1734
1368 1735
1369 1735
1370 1730
1371 1732
1372 1735
1373 1735
1374 1735
1375 1736
1376 1737
1377 1736
1378 1735
1379 1736
1380 1735
1381 1735
1382 1735
1383 1734
1384 1734
1385 1733
1386 1735
1387 1734
1388 1685
1389 1132
1390 912
1391 824
1392 787
1393 771
1394 764
1395 754
1396 757
1397 757
1398 758
1399 758
1400 758
1401 757
1402 760
1403 756
1404 757
1405 756
1406 757
1407 757
1408 756
1409 756
1410 756
1411 756
1412 755
1413 756
1414 735
1415 746
1416 751
1417 754
1418 755
1419 755
1420 756
1421 759
1422 755
1423 756
1424 756
1425 755
1426 756
1427 757
1428 756
1429 756
1430 755
1431 755
1432 755
1433 754
1434 756
1435 755
1436 754
1437 755
1438 754
1439 756
1440 755
1441 755
1442 756
1443 755
1444 754
1445 754
1446 753
1447 754
1448 755
1449 756
1450 754
1451 755
1452 755
1453 757
1454 755
1455 755
1456 756
1457 755
1458 755
1459 756
1460 755
1461 756
1462 755
1463 754
1464 755
1465 733
1466 746
1467 751
1468 754
1469 754
1470 755
1471 755
1472 756
1473 754
1474 755
1475 757
1476 755
1477 757
1478 755
1479 756
1480 755
1481 755
1482 755
1483 755
1484 1363
1485 1571
1486 1660
1487 1701
1488 1719
1489 1727
1490 1729
1491 1726
1492 1730
1493 1731
1494 1732
1495 1732
1496 1733
1497 1729
1498 1731
1499 1732
1500 1733
1501 1734
1502 1733
1503 1732
1504 1737
1505 1733
1506 1734
1507 1734
1508 1733
1509 1733
1510 1732
1511 1730
1512 1734
1513 1734
1514 1734
1515 1734
1516 1754
1517 1744
1518 1738
1519 1737
1520 1735
1521 1735
1522 1735
1523 1736
1524 1735
1525 1735
1526 1735
1527 1734
1528 1735
1529 1735
1530 1733
1531 1737
1532 1734
1533 1734
1534 1735
1535 1739
1536 1736
1537 1736
1538 1735
1539 1735
1540 1737
1541 1736
1542 1740
1543 1735
1544 1735
1545 1736
1546 1735
1547 1735
1548 1732
1549 1735
1550 1734
1551 1735
1552 1736
1553 1735
1554 1734
1555 1735
1556 1735
1557 1735
1558 1735
1559 1735
1560 1736
1561 1732
1562 1735
1563 1735
1564 1737
1565 1736
1566 1737
1567 1743
1568 1740
1569 1739
1570 1737
1571 1736
1572 1736
1573 1735
1574 1738
1575 1735
1576 1736
1577 1737
1578 1737
1579 1684
1580 1139
1581 916
1582 827
1583 788
1584 771
1585 765
1586 744
1587 752
1588 755
1589 757
1590 757
1591 758
1592 758
1593 756
1594 757
1595 757
1596 756
1597 756
1598 757
1599 758
1600 759
1601 758
1602 756
1603 756
1604 757
1605 755
1606 758
1607 756
1608 756
1609 756
1610 755
1611 756
1612 755
1613 753
1614 755
1615 755
1616 754
1617 755
1618 732
1619 746
1620 752
1621 753
1622 754
1623 754
1624 755
1625 757
1626 755
1627 755
1628 755
1629 755
1630 755
1631 755
1632 755
1633 755
1634 755
1635 755
1636 756
1637 755
1638 759
1639 756
1640 755
1641 757
1642 756
1643 756
1644 761
1645 757
1646 755
1647 755
1648 755
1649 756
1650 760
1651 758
1652 756
1653 755
1654 755
1655 755
1656 755
1657 756
1658 754
1659 755
1660 757
1661 755
1662 755
1663 758
1664 757
1665 756
1666 755
1667 755
1668 755
1669 740
1670 747
1671 753
1672 753
1673 755
1674 754
1675 1364
1676 1582
1677 1664
1678 1702
1679 1720
1680 1727
1681 1731
1682 1728
1683 1729
1684 1732
1685 1732
1686 1731
1687 1733
1688 1733
1689 1735
1690 1733
1691 1733
1692 1734
1693 1734
1694 1734
1695 1740
1696 1736
1697 1736
1698 1734
1699 1734
1700 1736
1701 1735
1702 1735
1703 1735
1704 1734
1705 1734
1706 1734
1707 1733
1708 1734
1709 1732
1710 1733
1711 1734
1712 1735
1713 1736
1714 1735
1715 1734
1716 1734
1717 1734
1718 1735
1719 1735
1720 1761
1721 1745
1722 1741
1723 1736
1724 1736
1725 1735
1726 1735
1727 1733
1728 1732
1729 1734
1730 1735
1731 1735
1732 1735
1733 1736
1734 1736
1735 1736
1736 1735
1737 1736
1738 1735
1739 1736
1740 1741
1741 1737
1742 1736
1743 1736
1744 1735
1745 1736
1746 1743
1747 1738
1748 1737
1749 1736
1750 1736
1751 1736
1752 1730
1753 1733
1754 1736
1755 1735
1756 1735
1757 1735
1758 1734
1759 1735
1760 1735
1761 1735
1762 1736
1763 1736
1764 1737
1765 1738
1766 1735
1767 1736
1768 1737
1769 1735
1770 1682
1771 1116
1772 906
1773 822
1774 784
1775 770
1776 764
1777 761
1778 763
1779 759
1780 759
1781 759
1782 757
1783 759
1784 757
1785 758
1786 759
1787 758
1788 758
1789 758
1790 782
1791 766
1792 761
1793 759
1794 758
1795 757
1796 758
1797 757
1798 755
1799 755
1800 756
1801 756
1802 756
1803 755
1804 755
1805 755
1806 755
1807 755
1808 756
1809 755
1810 755
1811 754
1812 755
1813 754
1814 755
1815 755
1816 761
1817 756
1818 757
1819 755
1820 755
1821 756
1822 765
1823 761
1824 757
1825 756
1826 755
1827 756
1828 756
1829 760
1830 756
1831 756
1832 756
1833 755
1834 755
1835 755
1836 755
1837 756
1838 755
1839 755
1840 755
1841 755
1842 757
1843 756
1844 756
1845 754
1846 762
1847 759
1848 761
1849 756
1850 756
1851 755
1852 755
1853 755
1854 758
1855 748
1856 752
1857 753
1858 753
1859 754
1860 754
1861 754
1862 754
1863 754
1864 755
1865 754
1866 1366
1867 1576
1868 1661
1869 1701
1870 1718
1871 1727
1872 1729
1873 1705
1874 1720
1875 1726
1876 1729
1877 1731
1878 1733
1879 1732
1880 1730
1881 1731
1882 1732
1883 1733
1884 1733
1885 1734
1886 1735
1887 1734
1888 1735
1889 1735
1890 1735
1891 1735
1892 1734
1893 1733
1894 1733
1895 1733
1896 1734
1897 1734
1898 1734
1899 1734
1900 1733
1901 1734
1902 1734
1903 1734
1904 1735
1905 1727
1906 1732
1907 1733
1908 1733
1909 1735
1910 1734
1911 1736
1912 1737
1913 1734
1914 1735
1915 1735
1916 1735
1917 1735
1918 1734
1919 1735
1920 1734
1921 1734
1922 1734
1923 1735
1924 1760
1925 1749
1926 1740
1927 1737
1928 1737
1929 1736
1930 1735
1931 1740
1932 1736
1933 1735
1934 1735
1935 1735
1936 1736
1937 1737
1938 1735
1939 1736
1940 1735
1941 1736
1942 1737
1943 1735
1944 1734
1945 1734
1946 1735
1947 1734
1948 1735
1949 1736
1950 1739
1951 1736
1952 1736
1953 1736
1954 1735
1955 1737
1956 1733
1957 1734
1958 1734
1959 1735
1960 1735
1961 1683
1962 1140
1963 920
1964 827
1965 788
1966 771
1967 764
1968 761
1969 760
1970 758
1971 758
1972 758
1973 757
1974 757
1975 729
1976 744
1977 752
1978 755
1979 757
1980 756
1981 758
1982 755
1983 755
1984 755
1985 756
1986 755
1987 756
1988 754
1989 755
1990 756
1991 755
1992 755
1993 756
1994 754
1995 760
1996 755
1997 756
1998 756
1999 756
2000 756
2001 755
2002 753
2003 754
2004 754
2005 754
2006 755
2007 758
2008 757
2009 756
2010 755
2011 755
2012 755
2013 755
2014 759
2015 755
2016 755
2017 755
2018 755
2019 755
2020 759
2021 755
2022 755
2023 755
2024 755
2025 755
2026 777
2027 768
2028 761
2029 757
2030 756
2031 756
2032 755
2033 762
2034 756
2035 755
2036 756
2037 755
2038 756
2039 753
2040 754
2041 755
2042 754
2043 756
2044 756
2045 757
2046 756
2047 755
