1 756
2 753
3 755
4 753
5 754
6 755
7 761
8 755
9 756
10 756
11 753
12 755
13 754
14 754
15 754
16 754
17 754
18 754
19 741
20 754
21 755
22 754
23 755
24 754
25 754
26 760
27 755
28 755
29 754
30 755
31 754
32 758
33 2591
34 3321
35 3633
36 3770
37 3828
38 3853
39 3865
40 3873
41 3876
42 3878
43 3878
44 3880
45 3879
46 3878
47 3880
48 3882
49 3882
50 3883
51 3868
52 3876
53 3880
54 3881
55 3883
56 3886
57 3887
58 3886
59 3887
60 3887
61 3889
62 3889
63 3890
64 3890
65 3889
66 3890
67 3889
68 3891
69 3891
70 3867
71 3882
72 3887
73 3888
74 3890
75 3891
76 3890
77 3896
78 3892
79 3892
80 3891
81 3892
82 3892
83 3891
84 3892
85 3892
86 3892
87 3891
88 3892
89 3892
90 3894
91 3892
92 3890
93 3891
94 3892
95 3890
96 3888
97 3887
98 3889
99 3890
100 3889
101 3891
102 3889
103 3889
104 3890
105 3890
106 3890
107 3891
108 3889
109 3892
110 3888
111 3890
112 3891
113 3891
114 3891
115 3892
116 3888
117 3891
118 3889
119 3892
120 3891
121 3876
122 3886
123 3889
124 3890
125 3890
126 3891
127 3890
128 3732
129 2013
130 1289
131 985
132 858
133 807
134 781
135 771
136 768
137 765
138 764
139 764
140 761
141 764
142 763
143 761
144 760
145 760
146 758
147 765
148 760
149 759
150 758
151 758
152 758
153 760
154 760
155 758
156 758
157 757
158 757
159 760
160 760
161 758
162 757
163 757
164 755
165 756
166 756
167 756
168 756
169 756
170 756
171 756
172 754
173 753
174 754
175 754
176 754
177 755
178 755
179 755
180 754
181 755
182 754
183 755
184 755
185 754
186 755
187 755
188 754
189 755
190 755
191 776
192 769
193 761
194 756
195 755
196 755
197 754
198 753
199 754
200 754
201 755
202 754
203 753
204 755
205 755
206 755
207 755
208 755
209 755
210 753
211 756
212 754
213 755
214 754
215 754
216 754
217 759
218 755
219 754
220 753
221 753
222 755
223 746
224 2673
225 3355
226 3647
227 3774
228 3831
229 3857
230 3868
231 3873
232 3876
233 3877
234 3877
235 3879
236 3882
237 3878
238 3880
239 3881
240 3882
241 3882
242 3900
243 3893
244 3890
245 3887
246 3888
247 3887
248 3887
249 3892
250 3890
251 3889
252 3889
253 3890
254 3890
255 3890
256 3890
257 3891
258 3890
259 3892
260 3892
261 3891
262 3895
263 3894
264 3893
265 3893
266 3894
267 3893
268 3897
269 3894
270 3892
271 3894
272 3892
273 3893
274 3894
275 3892
276 3892
277 3892
278 3892
279 3891
280 3891
281 3892
282 3890
283 3892
284 3892
285 3891
286 3892
287 3893
288 3890
289 3891
290 3892
291 3891
292 3892
293 3882
294 3886
295 3887
296 3889
297 3890
298 3891
299 3891
300 3894
301 3890
302 3891
303 3890
304 3890
305 3892
306 3890
307 3889
308 3891
309 3890
310 3891
311 3893
312 3890
313 3890
314 3890
315 3890
316 3890
317 3892
318 3889
319 3730
320 2017
321 1291
322 985
323 858
324 808
325 782
326 773
327 768
328 766
329 764
330 764
331 762
332 760
333 759
334 760
335 761
336 761
337 760
338 764
339 761
340 760
341 760
342 758
343 758
344 775
345 766
346 761
347 758
348 757
349 757
350 757
351 756
352 755
353 756
354 756
355 756
356 756
357 756
358 756
359 755
360 756
361 756
362 756
363 744
364 756
365 755
366 755
367 755
368 756
369 756
370 755
371 754
372 755
373 756
374 756
375 755
376 756
377 755
378 756
379 755
380 755
381 755
382 752
383 758
384 756
385 754
386 755
387 755
388 755
389 760
390 757
391 756
392 756
393 755
394 754
395 752
396 753
397 754
398 754
399 754
400 754
401 754
402 755
403 754
404 754
405 754
406 755
407 754
408 761
409 758
410 756
411 755
412 754
413 754
414 761
415 2692
416 3363
417 3650
418 3776
419 3835
420 3858
421 3867
422 3874
423 3878
424 3880
425 3882
426 3883
427 3882
428 3881
429 3884
430 3882
431 3883
432 3886
433 3859
434 3871
435 3878
436 3881
437 3884
438 3886
439 3885
440 3892
441 3887
442 3888
443 3888
444 3888
445 3888
446 3885
447 3887
448 3889
449 3888
450 3889
451 3890
452 3892
453 3893
454 3891
455 3891
456 3891
457 3891
458 3891
459 3893
460 3892
461 3892
462 3892
463 3892
464 3894
465 3896
466 3893
467 3892
468 3891
469 3893
470 3891
471 3892
472 3890
473 3890
474 3890
475 3892
476 3891
477 3891
478 3890
479 3889
480 3890
481 3891
482 3891
483 3891
484 3908
485 3904
486 3896
487 3893
488 3892
489 3891
490 3892
491 3888
492 3888
493 3888
494 3890
495 3889
496 3891
497 3894
498 3893
499 3889
500 3890
501 3889
502 3891
503 3889
504 3892
505 3889
506 3889
507 3890
508 3891
509 3892
510 3736
511 2020
512 1292
513 985
514 859
515 807
516 790
517 776
518 770
519 766
520 764
521 762
522 761
523 762
524 759
525 761
526 760
527 760
528 760
529 757
530 757
531 759
532 759
533 758
534 760
535 775
536 765
537 761
538 759
539 758
540 758
541 758
542 758
543 756
544 757
545 757
546 756
547 756
548 754
549 755
550 755
551 756
552 755
553 756
554 758
555 755
556 755
557 756
558 756
559 755
560 755
561 752
562 753
563 755
564 755
565 754
566 755
567 749
568 754
569 754
570 755
571 755
572 755
573 755
574 758
575 756
576 755
577 756
578 756
579 756
580 756
581 754
582 755
583 755
584 755
585 755
586 770
587 762
588 758
589 755
590 755
591 754
592 754
593 759
594 755
595 754
596 754
597 754
598 754
599 754
600 754
601 754
602 755
603 754
604 755
605 732
606 2689
607 3361
608 3648
609 3774
610 3831
611 3855
612 3866
613 3873
614 3877
615 3878
616 3879
617 3881
618 3881
619 3882
620 3882
621 3882
622 3881
623 3884
624 3882
625 3882
626 3882
627 3884
628 3886
629 3886
630 3886
631 3883
632 3885
633 3887
634 3887
635 3888
636 3889
637 3883
638 3888
639 3888
640 3889
641 3890
642 3892
643 3892
644 3894
645 3890
646 3892
647 3891
648 3891
649 3891
650 3890
651 3888
652 3890
653 3891
654 3891
655 3891
656 3881
657 3886
658 3887
659 3889
660 3891
661 3891
662 3890
663 3888
664 3888
665 3891
666 3891
667 3890
668 3889
669 3892
670 3890
671 3890
672 3890
673 3891
674 3889
675 3891
676 3894
677 3893
678 3890
679 3891
680 3891
681 3891
682 3892
683 3891
684 3891
685 3891
686 3892
687 3891
688 3897
689 3892
690 3892
691 3890
692 3891
693 3891
694 3891
695 3891
696 3890
697 3889
698 3891
699 3889
700 3891
701 3728
702 2015
703 1291
704 985
705 858
706 807
707 805
708 787
709 772
710 767
711 767
712 764
713 762
714 760
715 759
716 760
717 760
718 760
719 759
720 760
721 759
722 759
723 759
724 759
725 760
726 784
727 764
728 760
729 756
730 758
731 757
732 757
733 757
734 756
735 758
736 757
737 756
738 756
739 757
740 756
741 756
742 755
743 755
744 755
745 755
746 755
747 754
748 754
749 755
750 754
751 755
752 756
753 756
754 756
755 755
756 756
757 756
758 765
759 759
760 758
761 755
762 755
763 756
764 754
765 758
766 754
767 755
768 756
769 755
770 755
771 755
772 754
773 755
774 754
775 754
776 755
777 736
778 743
779 750
780 752
781 753
782 754
783 754
784 754
785 753
786 755
787 755
788 754
789 755
790 756
791 755
792 756
793 755
794 752
795 754
796 792
797 2648
798 3342
799 3643
800 3774
801 3829
802 3857
803 3866
804 3873
805 3877
806 3879
807 3879
808 3881
809 3884
810 3883
811 3883
812 3882
813 3884
814 3884
815 3883
816 3886
817 3885
818 3885
819 3887
820 3885
821 3886
822 3886
823 3886
824 3886
825 3887
826 3887
827 3889
828 3889
829 3890
830 3890
831 3891
832 3890
833 3891
834 3889
835 3890
836 3889
837 3890
838 3890
839 3890
840 3891
841 3890
842 3890
843 3891
844 3891
845 3890
846 3890
847 3865
848 3875
849 3882
850 3888
851 3889
852 3891
853 3888
854 3885
855 3886
856 3888
857 3888
858 3888
859 3889
860 3892
861 3890
862 3890
863 3890
864 3890
865 3891
866 3890
867 3891
868 3891
869 3891
870 3891
871 3890
872 3890
873 3891
874 3888
875 3891
876 3890
877 3890
878 3889
879 3894
880 3892
881 3892
882 3890
883 3890
884 3890
885 3890
886 3893
887 3891
888 3891
889 3891
890 3892
891 3892
892 2259
893 1397
894 1030
895 877
896 816
897 788
898 794
899 778
900 770
901 767
902 764
903 757
904 760
905 759
906 757
907 760
908 760
909 760
910 760
911 759
912 758
913 759
914 759
915 759
916 760
917 761
918 759
919 758
920 756
921 756
922 757
923 758
924 753
925 755
926 755
927 756
928 756
929 756
930 755
931 756
932 756
933 755
934 755
935 755
936 756
937 756
938 755
939 755
940 754
941 755
942 755
943 755
944 755
945 756
946 755
947 755
948 755
949 757
950 757
951 755
952 754
953 754
954 755
955 754
956 753
957 753
958 754
959 755
960 754
961 755
962 753
963 755
964 754
965 755
966 754
967 755
968 732
969 745
970 752
971 752
972 754
973 754
974 753
975 760
976 756
977 753
978 754
979 753
980 755
981 756
982 754
983 754
984 753
985 754
986 754
987 906
988 2616
989 3326
990 3635
991 3769
992 3827
993 3855
994 3870
995 3874
996 3879
997 3878
998 3879
999 3881
1000 3882
1001 3882
1002 3883
1003 3883
1004 3883
1005 3883
1006 3883
1007 3883
1008 3883
1009 3884
1010 3885
1011 3886
1012 3888
1013 3888
1014 3886
1015 3887
1016 3888
1017 3889
1018 3890
1019 3905
1020 3896
1021 3892
1022 3890
1023 3892
1024 3893
1025 3892
1026 3895
1027 3892
1028 3891
1029 3892
1030 3891
1031 3893
1032 3888
1033 3890
1034 3891
1035 3890
1036 3891
1037 3892
1038 3892
1039 3894
1040 3892
1041 3891
1042 3891
1043 3891
1044 3889
1045 3887
1046 3889
1047 3889
1048 3890
1049 3890
1050 3890
1051 3891
1052 3891
1053 3891
1054 3889
1055 3890
1056 3891
1057 3891
1058 3893
1059 3891
1060 3890
1061 3891
1062 3891
1063 3891
1064 3891
1065 3890
1066 3891
1067 3892
1068 3891
1069 3892
1070 3888
1071 3891
1072 3891
1073 3892
1074 3890
1075 3891
1076 3890
1077 3890
1078 3887
1079 3890
1080 3890
1081 3891
1082 3890
1083 1993
1084 1280
1085 981
1086 856
1087 806
1088 783
1089 775
1090 773
1091 767
1092 764
1093 764
1094 763
1095 761
1096 761
1097 759
1098 760
1099 760
1100 759
1101 760
1102 757
1103 758
1104 758
1105 758
1106 758
1107 759
1108 763
1109 758
1110 757
1111 757
1112 756
1113 756
1114 756
1115 756
1116 756
1117 755
1118 756
1119 756
1120 755
1121 754
1122 755
1123 755
1124 755
1125 754
1126 755
1127 754
1128 757
1129 755
1130 754
1131 756
1132 755
1133 755
1134 757
1135 754
1136 756
1137 755
1138 754
1139 755
1140 742
1141 751
1142 754
1143 755
1144 756
1145 755
1146 755
1147 753
1148 752
1149 754
1150 755
1151 755
1152 754
1153 754
1154 754
1155 755
1156 755
1157 754
1158 756
1159 740
1160 746
1161 751
1162 752
1163 753
1164 754
1165 754
1166 759
1167 755
1168 753
1169 754
1170 754
1171 754
1172 756
1173 754
1174 754
1175 753
1176 753
1177 754
1178 915
1179 2612
1180 3326
1181 3635
1182 3769
1183 3829
1184 3853
1185 3868
1186 3870
1187 3878
1188 3877
1189 3880
1190 3880
1191 3882
1192 3880
1193 3882
1194 3882
1195 3883
1196 3882
1197 3884
1198 3884
1199 3883
1200 3885
1201 3887
1202 3887
1203 3887
1204 3886
1205 3886
1206 3890
1207 3889
1208 3889
1209 3891
1210 3900
1211 3894
1212 3892
1213 3890
1214 3891
1215 3890
1216 3891
1217 3891
1218 3890
1219 3890
1220 3891
1221 3891
1222 3893
1223 3893
1224 3889
1225 3891
1226 3890
1227 3892
1228 3891
1229 3904
1230 3900
1231 3894
1232 3892
1233 3893
1234 3892
1235 3891
1236 3894
1237 3890
1238 3890
1239 3890
1240 3888
1241 3889
1242 3891
1243 3890
1244 3889
1245 3889
1246 3889
1247 3889
1248 3888
1249 3891
1250 3890
1251 3890
1252 3890
1253 3890
1254 3891
1255 3887
1256 3887
1257 3890
1258 3892
1259 3891
1260 3892
1261 3885
1262 3889
1263 3890
1264 3891
1265 3892
1266 3892
1267 3892
1268 3895
1269 3891
1270 3891
1271 3892
1272 3891
1273 3892
1274 1947
1275 1259
1276 972
1277 853
1278 804
1279 782
1280 770
1281 768
1282 764
1283 762
1284 762
1285 762
1286 762
1287 761
1288 758
1289 758
1290 760
1291 760
1292 759
1293 760
1294 758
1295 759
1296 757
1297 758
1298 757
1299 758
1300 762
1301 758
1302 757
1303 758
1304 757
1305 757
1306 760
1307 758
1308 757
1309 756
1310 755
1311 755
1312 749
1313 753
1314 754
1315 755
1316 756
1317 755
1318 755
1319 758
1320 755
1321 755
1322 756
1323 755
1324 755
1325 751
1326 754
1327 755
1328 755
1329 754
1330 755
1331 768
1332 761
1333 757
1334 755
1335 755
1336 755
1337 755
1338 757
1339 755
1340 754
1341 755
1342 755
1343 755
1344 755
1345 755
1346 754
1347 753
1348 754
1349 754
1350 760
1351 755
1352 754
1353 754
1354 753
1355 754
1356 754
1357 752
1358 753
1359 754
1360 754
1361 755
1362 755
1363 758
1364 756
1365 755
1366 754
1367 755
1368 754
1369 920
1370 2610
1371 3323
1372 3634
1373 3768
1374 3828
1375 3855
1376 3874
1377 3876
1378 3877
1379 3880
1380 3880
1381 3882
1382 3863
1383 3875
1384 3879
1385 3882
1386 3883
1387 3886
1388 3884
1389 3888
1390 3884
1391 3886
1392 3887
1393 3888
1394 3887
1395 3888
1396 3887
1397 3888
1398 3888
1399 3890
1400 3890
1401 3875
1402 3881
1403 3886
1404 3888
1405 3891
1406 3890
1407 3892
1408 3888
1409 3888
1410 3892
1411 3891
1412 3893
1413 3891
1414 3889
1415 3889
1416 3893
1417 3891
1418 3892
1419 3892
1420 3891
1421 3891
1422 3891
1423 3891
1424 3890
1425 3890
1426 3890
1427 3887
1428 3887
1429 3890
1430 3890
1431 3891
1432 3891
1433 3890
1434 3889
1435 3890
1436 3889
1437 3890
1438 3888
1439 3889
1440 3890
1441 3888
1442 3888
1443 3890
1444 3890
1445 3891
1446 3893
1447 3891
1448 3892
1449 3891
1450 3891
1451 3890
1452 3889
1453 3889
1454 3889
1455 3889
1456 3892
1457 3892
1458 3892
1459 3889
1460 3890
1461 3890
1462 3891
1463 3891
1464 3891
1465 1935
1466 1254
1467 971
1468 853
1469 805
1470 782
1471 751
1472 757
1473 760
1474 762
1475 761
1476 762
1477 762
1478 756
1479 756
1480 758
1481 759
1482 760
1483 760
1484 762
1485 760
1486 758
1487 757
1488 758
1489 758
1490 758
1491 761
1492 758
1493 757
1494 757
1495 756
1496 756
1497 758
1498 756
1499 757
1500 756
1501 755
1502 756
1503 752
1504 754
1505 755
1506 755
1507 755
1508 755
1509 755
1510 756
1511 754
1512 755
1513 755
1514 755
1515 755
1516 755
1517 755
1518 756
1519 755
1520 755
1521 756
1522 739
1523 748
1524 753
1525 752
1526 755
1527 755
1528 755
1529 755
1530 753
1531 754
1532 754
1533 755
1534 755
1535 757
1536 755
1537 755
1538 754
1539 753
1540 754
1541 754
1542 756
1543 754
1544 754
1545 754
1546 754
1547 754
1548 760
1549 757
1550 757
1551 755
1552 754
1553 755
1554 752
1555 752
1556 751
1557 752
1558 754
1559 754
1560 920
1561 2611
1562 3326
1563 3635
1564 3771
1565 3830
1566 3858
1567 3867
1568 3874
1569 3878
1570 3880
1571 3880
1572 3881
1573 3895
1574 3889
1575 3884
1576 3884
1577 3883
1578 3885
1579 3884
1580 3885
1581 3883
1582 3883
1583 3885
1584 3887
1585 3886
1586 3887
1587 3887
1588 3887
1589 3888
1590 3887
1591 3889
1592 3887
1593 3888
1594 3888
1595 3890
1596 3889
1597 3892
1598 3890
1599 3886
1600 3887
1601 3891
1602 3891
1603 3891
1604 3892
1605 3890
1606 3891
1607 3891
1608 3891
1609 3891
1610 3893
1611 3891
1612 3894
1613 3890
1614 3889
1615 3891
1616 3891
1617 3891
1618 3892
1619 3888
1620 3890
1621 3889
1622 3890
1623 3890
1624 3878
1625 3887
1626 3888
1627 3889
1628 3891
1629 3891
1630 3890
1631 3887
1632 3887
1633 3888
1634 3889
1635 3890
1636 3891
1637 3887
1638 3889
1639 3890
1640 3889
1641 3891
1642 3891
1643 3896
1644 3893
1645 3892
1646 3890
1647 3892
1648 3891
1649 3891
1650 3889
1651 3890
1652 3891
1653 3891
1654 3891
1655 3890
1656 1928
1657 1253
1658 969
1659 853
1660 805
1661 782
1662 772
1663 770
1664 766
1665 764
1666 763
1667 763
1668 762
1669 760
1670 758
1671 760
1672 760
1673 760
1674 760
1675 767
1676 761
1677 760
1678 760
1679 758
1680 758
1681 757
1682 761
1683 758
1684 757
1685 757
1686 756
1687 758
1688 757
1689 756
1690 757
1691 755
1692 756
1693 756
1694 780
1695 770
1696 761
1697 757
1698 756
1699 755
1700 755
1701 760
1702 756
1703 755
1704 756
1705 755
1706 755
1707 752
1708 753
1709 754
1710 754
1711 755
1712 755
1713 755
1714 756
1715 754
1716 754
1717 755
1718 754
1719 755
1720 759
1721 755
1722 755
1723 755
1724 754
1725 753
1726 761
1727 757
1728 757
1729 756
1730 754
1731 755
1732 754
1733 759
1734 755
1735 754
1736 755
1737 755
1738 756
1739 755
1740 754
1741 754
1742 754
1743 753
1744 755
1745 760
1746 761
1747 757
1748 755
1749 755
1750 753
1751 1548
1752 2879
1753 3439
1754 3685
1755 3788
1756 3838
1757 3860
1758 3867
1759 3874
1760 3878
1761 3878
1762 3881
1763 3883
1764 3883
1765 3883
1766 3883
1767 3881
1768 3883
1769 3883
1770 3883
1771 3887
1772 3885
1773 3887
1774 3887
1775 3886
1776 3887
1777 3875
1778 3883
1779 3886
1780 3888
1781 3889
1782 3888
1783 3890
1784 3891
1785 3891
1786 3891
1787 3892
1788 3891
1789 3892
1790 3891
1791 3890
1792 3892
1793 3892
1794 3892
1795 3894
1796 3884
1797 3892
1798 3891
1799 3892
1800 3891
1801 3892
1802 3891
1803 3896
1804 3891
1805 3892
1806 3892
1807 3891
1808 3892
1809 3891
1810 3890
1811 3890
1812 3890
1813 3891
1814 3893
1815 3876
1816 3888
1817 3888
1818 3891
1819 3890
1820 3892
1821 3890
1822 3894
1823 3891
1824 3892
1825 3891
1826 3892
1827 3891
1828 3895
1829 3892
1830 3890
1831 3890
1832 3891
1833 3892
1834 3891
1835 3893
1836 3891
1837 3891
1838 3891
1839 3892
1840 3891
1841 3896
1842 3891
1843 3892
1844 3889
1845 3891
1846 3780
1847 2012
1848 1297
1849 987
1850 860
1851 809
1852 783
1853 773
1854 768
1855 765
1856 763
1857 757
1858 760
1859 760
1860 761
1861 760
1862 761
1863 760
1864 758
1865 759
1866 729
1867 747
1868 753
1869 756
1870 757
1871 758
1872 757
1873 753
1874 755
1875 757
1876 756
1877 757
1878 757
1879 758
1880 758
1881 757
1882 757
1883 756
1884 755
1885 756
1886 756
1887 754
1888 755
1889 755
1890 755
1891 756
1892 759
1893 755
1894 755
1895 756
1896 755
1897 756
1898 747
1899 753
1900 754
1901 754
1902 755
1903 755
1904 754
1905 755
1906 754
1907 755
1908 755
1909 754
1910 753
1911 760
1912 756
1913 754
1914 754
1915 755
1916 755
1917 775
1918 767
1919 758
1920 755
1921 754
1922 755
1923 754
1924 752
1925 752
1926 753
1927 754
1928 754
1929 755
1930 752
1931 752
1932 755
1933 755
1934 754
1935 755
1936 757
1937 755
1938 754
1939 753
1940 753
1941 754
1942 2520
1943 3288
1944 3617
1945 3764
1946 3825
1947 3854
1948 3866
1949 3875
1950 3877
1951 3879
1952 3878
1953 3880
1954 3880
1955 3882
1956 3881
1957 3880
1958 3882
1959 3883
1960 3884
1961 3884
1962 3882
1963 3882
1964 3884
1965 3886
1966 3887
1967 3887
1968 3885
1969 3889
1970 3889
1971 3888
1972 3889
1973 3890
1974 3891
1975 3889
1976 3889
1977 3889
1978 3890
1979 3889
1980 3891
1981 3890
1982 3890
1983 3892
1984 3891
1985 3892
1986 3892
1987 3883
1988 3885
1989 3888
1990 3890
1991 3891
1992 3891
1993 3891
1994 3887
1995 3889
1996 3891
1997 3892
1998 3890
1999 3892
2000 3890
2001 3891
2002 3892
2003 3892
2004 3890
2005 3891
2006 3892
2007 3894
2008 3891
2009 3892
2010 3893
2011 3891
2012 3892
2013 3890
2014 3889
2015 3890
2016 3890
2017 3889
2018 3891
2019 3874
2020 3883
2021 3886
2022 3888
2023 3889
2024 3890
2025 3890
2026 3892
2027 3889
2028 3890
2029 3890
2030 3890
2031 3890
2032 3891
2033 3889
2034 3890
2035 3889
2036 3890
2037 3739
2038 1999
2039 1283
2040 982
2041 858
2042 806
2043 781
2044 772
2045 761
2046 761
2047 762
