1 795
2 793
3 793
4 798
5 795
6 795
7 795
8 795
9 795
10 791
11 793
12 793
13 793
14 794
15 795
16 801
17 802
18 797
19 795
20 795
21 796
22 796
23 799
24 795
25 796
26 796
27 795
28 795
29 794
30 792
31 796
32 795
33 794
34 795
35 785
36 789
37 792
38 793
39 793
40 794
41 793
42 792
43 792
44 793
45 794
46 794
47 795
48 794
49 793
50 796
51 795
52 793
53 794
54 798
55 792
56 793
57 794
58 793
59 794
60 794
61 802
62 795
63 795
64 794
65 793
66 794
67 789
68 791
69 793
70 792
71 792
72 793
73 793
74 792
75 792
76 793
77 794
78 793
79 794
80 798
81 794
82 794
83 793
84 792
85 793
86 797
87 796
88 792
89 792
90 793
91 793
92 792
93 797
94 794
95 793
96 793
97 793
98 794
99 799
100 796
101 794
102 794
103 793
104 794
105 786
106 793
107 793
108 793
109 793
110 793
111 793
112 789
113 789
114 792
115 792
116 792
117 793
118 793
119 792
120 792
121 794
122 793
123 793
124 780
125 783
126 790
127 791
128 792
129 792
130 791
131 796
132 793
133 793
134 792
135 792
136 793
137 792
138 792
139 793
140 792
141 792
142 792
143 761
144 781
145 788
146 790
147 792
148 791
149 792
150 798
151 794
152 793
153 792
154 792
155 793
156 789
157 791
158 792
159 791
160 791
161 792
162 791
163 795
164 792
165 791
166 793
167 792
168 792
169 789
170 791
171 792
172 792
173 791
174 791
175 788
176 789
177 792
178 793
179 793
180 793
181 792
182 791
183 791
184 792
185 792
186 792
187 792
188 796
189 791
190 792
191 791
192 792
193 792
194 798
195 794
196 793
197 791
198 791
199 792
200 792
201 794
202 792
203 792
204 792
205 791
206 791
207 792
208 791
209 792
210 792
211 791
212 791
213 805
214 795
215 792
216 791
217 791
218 791
219 791
220 795
221 791
222 791
223 792
224 791
225 789
226 790
227 790
228 791
229 792
230 791
231 791
232 772
233 785
234 787
235 789
236 791
237 791
238 791
239 792
240 790
241 792
242 791
243 791
244 789
245 790
246 790
247 792
248 791
249 791
250 791
251 809
252 798
253 793
254 792
255 792
256 792
257 792
258 793
259 790
260 791
261 791
262 791
263 790
264 793
265 792
266 792
267 791
268 791
269 792
270 790
271 793
272 790
273 790
274 791
275 791
276 791
277 795
278 844
279 924
280 1013
281 1107
282 1194
283 1230
284 1238
285 1241
286 1238
287 1237
288 1233
289 1231
290 1231
291 1226
292 1223
293 1220
294 1217
295 1215
296 1211
297 1210
298 1208
299 1206
300 1204
301 1201
302 1214
303 1202
304 1194
305 1188
306 1186
307 1182
308 1180
309 1179
310 1174
311 1172
312 1168
313 1166
314 1164
315 1162
316 1159
317 1155
318 1154
319 1149
320 1149
321 1155
322 1151
323 1144
324 1141
325 1138
326 1137
327 1132
328 1130
329 1126
330 1125
331 1123
332 1121
333 1120
334 1115
335 1113
336 1112
337 1110
338 1107
339 1106
340 1097
341 1104
342 1099
343 1098
344 1095
345 1093
346 1091
347 1087
348 1086
349 1085
350 1084
351 1082
352 1082
353 1080
354 1079
355 1076
356 1073
357 1071
358 1068
359 1067
360 1071
361 1062
362 1061
363 1060
364 1059
365 1057
366 1052
367 1051
368 1050
369 1048
370 1046
371 1045
372 1037
373 1038
374 1038
375 1038
376 1036
377 1034
378 1033
379 1034
380 1029
381 1027
382 1025
383 1024
384 1023
385 1025
386 1023
387 1020
388 1017
389 1017
390 1013
391 997
392 1004
393 1007
394 1008
395 1006
396 1004
397 1003
398 1000
399 998
400 998
401 996
402 995
403 994
404 992
405 988
406 988
407 987
408 984
409 985
410 972
411 980
412 980
413 980
414 979
415 977
416 975
417 983
418 975
419 972
420 972
421 970
422 971
423 970
424 967
425 966
426 964
427 962
428 961
429 959
430 966
431 959
432 959
433 958
434 956
435 955
436 960
437 956
438 954
439 951
440 950
441 946
442 949
443 947
444 945
445 944
446 943
447 942
448 940
449 943
450 937
451 938
452 937
453 937
454 936
455 938
456 932
457 933
458 932
459 930
460 930
461 915
462 924
463 924
464 924
465 923
466 922
467 922
468 920
469 920
470 920
471 919
472 918
473 917
474 915
475 915
476 914
477 914
478 911
479 911
480 893
481 903
482 906
483 907
484 907
485 907
486 906
487 908
488 903
489 903
490 902
491 902
492 902
493 900
494 898
495 899
496 898
497 895
498 896
499 900
500 895
501 894
502 895
503 893
504 893
505 893
506 894
507 892
508 890
509 890
510 889
511 889
512 890
513 888
514 886
515 886
516 885
517 885
518 885
519 888
520 884
521 884
522 883
523 882
524 880
525 887
526 880
527 879
528 877
529 876
530 876
531 882
532 877
533 875
534 874
535 873
536 874
537 872
538 872
539 869
540 869
541 870
542 869
543 870
544 867
545 865
546 867
547 867
548 866
549 867
550 875
551 869
552 867
553 864
554 861
555 861
556 861
557 861
558 860
559 860
560 860
561 859
562 858
563 857
564 857
565 857
566 856
567 856
568 856
569 851
570 858
571 856
572 856
573 854
574 854
575 852
576 850
577 850
578 851
579 851
580 850
581 851
582 850
583 849
584 850
585 848
586 848
587 847
588 847
589 847
590 845
591 845
592 846
593 846
594 845
595 847
596 845
597 844
598 844
599 842
600 843
601 849
602 845
603 843
604 843
605 842
606 841
607 840
608 841
609 839
610 839
611 838
612 839
613 838
614 837
615 837
616 837
617 837
618 837
619 836
620 843
621 838
622 836
623 834
624 835
625 835
626 835
627 837
628 834
629 834
630 833
631 832
632 832
633 832
634 830
635 831
636 831
637 831
638 831
639 852
640 843
641 834
642 831
643 831
644 831
645 832
646 828
647 829
648 829
649 830
650 829
651 829
652 828
653 828
654 829
655 828
656 828
657 828
658 817
659 826
660 826
661 826
662 825
663 827
664 826
665 826
666 825
667 826
668 826
669 825
670 824
671 826
672 824
673 824
674 824
675 823
676 821
677 815
678 817
679 821
680 822
681 822
682 822
683 822
684 828
685 822
686 821
687 822
688 821
689 820
690 817
691 817
692 819
693 819
694 820
695 822
696 820
697 818
698 818
699 818
700 819
701 819
702 819
703 820
704 816
705 818
706 817
707 817
708 817
709 825
710 819
711 818
712 816
713 816
714 816
715 815
716 815
717 816
718 815
719 816
720 816
721 815
722 810
723 813
724 815
725 815
726 813
727 815
728 819
729 816
730 815
731 813
732 814
733 811
734 812
735 815
736 813
737 812
738 813
739 813
740 813
741 811
742 810
743 811
744 811
745 810
746 813
747 832
748 823
749 816
750 812
751 811
752 809
753 810
754 811
755 809
756 810
757 810
758 810
759 810
760 810
761 809
762 810
763 810
764 808
765 809
766 830
767 820
768 813
769 810
770 809
771 808
772 808
773 802
774 805
775 806
776 807
777 807
778 807
779 809
780 808
781 807
782 806
783 807
784 807
785 805
786 809
787 807
788 806
789 806
790 807
791 807
792 805
793 805
794 805
795 806
796 805
797 805
798 801
799 803
800 804
801 804
802 805
803 806
804 804
805 804
806 804
807 804
808 805
809 806
810 805
811 811
812 807
813 805
814 804
815 803
816 805
817 806
818 804
819 804
820 803
821 803
822 803
823 802
824 806
825 803
826 803
827 802
828 804
829 804
830 802
831 801
832 803
833 803
834 802
835 803
836 776
837 788
838 795
839 801
840 802
841 802
842 799
843 801
844 801
845 802
846 802
847 803
848 802
849 799
850 798
851 801
852 801
853 801
854 801
855 788
856 802
857 802
858 801
859 802
860 802
861 801
862 806
863 801
864 802
865 799
866 797
867 797
868 796
869 797
870 798
871 798
872 798
873 798
874 798
875 804
876 799
877 798
878 798
879 797
880 798
881 795
882 796
883 797
884 798
885 798
886 797
887 806
888 801
889 799
890 798
891 797
892 807
893 802
894 795
895 796
896 796
897 797
898 796
899 797
900 798
901 786
902 793
903 796
904 795
905 796
906 777
907 788
908 794
909 795
910 796
911 797
912 796
913 794
914 794
915 795
916 796
917 797
918 796
919 797
920 795
921 796
922 796
923 795
924 797
925 786
926 788
927 794
928 794
929 795
930 795
931 796
932 788
933 791
934 793
935 794
936 795
937 795
938 797
939 795
940 795
941 795
942 795
943 794
944 792
945 797
946 795
947 794
948 795
949 795
950 794
951 794
952 793
953 794
954 794
955 795
956 795
957 801
958 796
959 796
960 792
961 793
962 794
963 794
964 797
965 795
966 793
967 794
968 794
969 794
970 793
971 794
972 794
973 794
974 794
975 794
976 797
977 796
978 794
979 792
980 792
981 794
982 793
983 796
984 794
985 793
986 794
987 793
988 792
989 796
990 793
991 794
992 794
993 794
994 794
995 774
996 782
997 790
998 792
999 793
1000 793
1001 794
1002 794
1003 793
1004 792
1005 793
1006 792
1007 795
1008 794
1009 793
1010 793
1011 793
1012 793
1013 794
1014 788
1015 796
1016 793
1017 792
1018 793
1019 793
1020 794
1021 788
1022 789
1023 792
1024 792
1025 791
1026 792
1027 788
1028 790
1029 791
1030 792
1031 792
1032 792
1033 791
1034 797
1035 791
1036 792
1037 792
1038 792
1039 793
1040 790
1041 789
1042 792
1043 792
1044 792
1045 792
1046 793
1047 793
1048 794
1049 791
1050 791
1051 792
1052 792
1053 794
1054 793
1055 792
1056 792
1057 792
1058 792
1059 787
1060 791
1061 792
1062 791
1063 790
1064 792
1065 788
1066 792
1067 792
1068 791
1069 792
1070 791
1071 792
1072 791
1073 790
1074 791
1075 792
1076 792
1077 792
1078 792
1079 791
1080 791
1081 791
1082 792
1083 793
1084 769
1085 780
1086 788
1087 791
1088 791
1089 791
1090 791
1091 791
1092 790
1093 792
1094 791
1095 791
1096 792
1097 793
1098 792
1099 791
1100 792
1101 791
1102 792
1103 763
1104 781
1105 787
1106 788
1107 790
1108 791
1109 791
1110 797
1111 793
1112 792
1113 792
1114 792
1115 791
1116 791
1117 791
1118 791
1119 791
1120 791
1121 791
1122 790
1123 787
1124 789
1125 791
1126 791
1127 791
1128 788
1129 796
1130 792
1131 791
1132 791
1133 791
1134 792
1135 787
1136 788
1137 791
1138 791
1139 790
1140 791
1141 791
1142 790
1143 789
1144 791
1145 791
1146 791
1147 792
1148 789
1149 790
1150 791
1151 791
1152 790
1153 791
1154 787
1155 790
1156 789
1157 789
1158 790
1159 791
1160 790
1161 791
1162 790
1163 790
1164 790
1165 790
1166 790
1167 792
1168 789
1169 791
1170 791
1171 789
1172 790
1173 799
1174 796
1175 793
1176 791
1177 792
1178 791
1179 791
1180 788
1181 789
1182 789
1183 791
1184 788
1185 790
1186 791
1187 790
1188 792
1189 790
1190 789
1191 791
1192 765
1193 780
1194 787
1195 789
1196 789
1197 790
1198 789
1199 787
1200 787
1201 789
1202 789
1203 790
1204 791
1205 791
1206 791
1207 789
1208 789
1209 790
1210 790
1211 771
1212 790
1213 788
1214 789
1215 790
1216 791
1217 791
1218 796
1219 791
1220 791
1221 792
1222 791
1223 791
1224 787
1225 788
1226 790
1227 790
1228 790
1229 790
1230 791
1231 795
1232 817
1233 883
1234 965
1235 1059
1236 1152
1237 1208
1238 1228
1239 1237
1240 1240
1241 1237
1242 1236
1243 1230
1244 1228
1245 1226
1246 1223
1247 1221
1248 1218
1249 1214
1250 1215
1251 1211
1252 1208
1253 1207
1254 1203
1255 1201
1256 1200
1257 1196
1258 1195
1259 1190
1260 1188
1261 1185
1262 1193
1263 1185
1264 1178
1265 1174
1266 1171
1267 1168
1268 1165
1269 1165
1270 1159
1271 1158
1272 1155
1273 1152
1274 1150
1275 1147
1276 1147
1277 1144
1278 1141
1279 1138
1280 1136
1281 1120
1282 1128
1283 1127
1284 1125
1285 1124
1286 1120
1287 1118
1288 1124
1289 1115
1290 1112
1291 1111
1292 1108
1293 1106
1294 1103
1295 1099
1296 1097
1297 1096
1298 1095
1299 1092
1300 1097
1301 1095
1302 1089
1303 1086
1304 1084
1305 1082
1306 1080
1307 1082
1308 1077
1309 1074
1310 1074
1311 1071
1312 1070
1313 1071
1314 1067
1315 1065
1316 1062
1317 1060
1318 1060
1319 1055
1320 1051
1321 1050
1322 1050
1323 1050
1324 1047
1325 1045
1326 1046
1327 1041
1328 1039
1329 1038
1330 1035
1331 1035
1332 1031
1333 1031
1334 1029
1335 1028
1336 1026
1337 1024
1338 1022
1339 1025
1340 1019
1341 1016
1342 1016
1343 1014
1344 1013
1345 1012
1346 1009
1347 1008
1348 1007
1349 1005
1350 1004
1351 987
1352 996
1353 997
1354 996
1355 997
1356 996
1357 994
1358 989
1359 988
1360 986
1361 987
1362 985
1363 985
1364 983
1365 981
1366 980
1367 980
1368 978
1369 975
1370 996
1371 987
1372 977
1373 974
1374 972
1375 970
1376 968
1377 962
1378 963
1379 963
1380 963
1381 962
1382 962
1383 958
1384 957
1385 959
1386 957
1387 956
1388 955
1389 954
1390 951
1391 951
1392 951
1393 950
1394 950
1395 949
1396 948
1397 947
1398 946
1399 944
1400 943
1401 943
1402 938
1403 939
1404 938
1405 937
1406 938
1407 936
1408 935
1409 932
1410 933
1411 931
1412 931
1413 930
1414 929
1415 924
1416 924
1417 926
1418 924
1419 923
1420 924
1421 921
1422 922
1423 920
1424 916
1425 919
1426 917
1427 917
1428 918
1429 912
1430 914
1431 912
1432 911
1433 912
1434 909
1435 910
1436 909
1437 908
1438 907
1439 907
1440 888
1441 894
1442 900
1443 900
1444 901
1445 900
1446 901
1447 900
1448 898
1449 898
1450 898
1451 896
1452 897
1453 895
1454 893
1455 894
1456 893
1457 892
1458 893
1459 898
1460 893
1461 893
1462 891
1463 890
1464 890
1465 889
1466 894
1467 888
1468 887
1469 886
1470 885
1471 884
1472 879
1473 880
1474 882
1475 880
1476 881
1477 880
1478 880
1479 882
1480 880
1481 879
1482 877
1483 877
1484 875
1485 878
1486 875
1487 875
1488 874
1489 874
1490 873
1491 881
1492 875
1493 871
1494 871
1495 870
1496 869
1497 869
1498 870
1499 868
1500 868
1501 868
1502 866
1503 867
1504 867
1505 864
1506 864
1507 862
1508 862
1509 861
1510 886
1511 874
1512 865
1513 861
1514 860
1515 859
1516 859
1517 858
1518 856
1519 856
1520 857
1521 856
1522 855
1523 855
1524 854
1525 856
1526 855
1527 853
1528 853
1529 866
1530 857
1531 854
1532 853
1533 851
1534 851
1535 851
1536 848
1537 848
1538 847
1539 848
1540 847
1541 848
1542 847
1543 846
1544 848
1545 846
1546 845
1547 845
1548 844
1549 850
1550 847
1551 844
1552 844
1553 841
1554 842
1555 837
1556 839
1557 840
1558 840
1559 841
1560 841
1561 845
1562 843
1563 842
1564 840
1565 839
1566 839
1567 839
1568 841
1569 838
1570 837
1571 838
1572 836
1573 837
1574 837
1575 835
1576 834
1577 834
1578 835
1579 835
1580 839
1581 833
1582 833
1583 832
1584 833
1585 833
1586 834
1587 833
1588 831
1589 832
1590 831
1591 831
1592 831
1593 834
1594 832
1595 831
1596 831
1597 831
1598 832
1599 850
1600 838
1601 832
1602 831
1603 830
1604 829
1605 830
1606 827
1607 828
1608 828
1609 828
1610 828
1611 827
1612 827
1613 827
1614 827
1615 827
1616 826
1617 826
1618 803
1619 813
1620 821
1621 822
1622 825
1623 825
1624 825
1625 831
1626 826
1627 823
1628 823
1629 823
1630 824
1631 823
1632 822
1633 822
1634 822
1635 823
1636 822
1637 829
1638 822
1639 822
1640 822
1641 822
1642 821
1643 821
1644 817
1645 819
1646 820
1647 820
1648 819
1649 821
1650 822
1651 821
1652 819
1653 818
1654 818
1655 818
1656 817
1657 820
1658 819
1659 818
1660 817
1661 817
1662 818
1663 817
1664 817
1665 816
1666 817
1667 816
1668 817
1669 824
1670 818
1671 817
1672 816
1673 816
1674 816
1675 816
1676 816
1677 814
1678 815
1679 815
1680 815
1681 815
1682 810
1683 811
1684 813
1685 813
1686 814
1687 815
1688 811
1689 815
1690 813
1691 813
1692 813
1693 813
1694 811
1695 810
1696 809
1697 811
1698 811
1699 811
1700 813
1701 808
1702 810
1703 810
1704 810
1705 809
1706 810
1707 807
1708 807
1709 808
1710 810
1711 809
1712 810
1713 810
1714 814
1715 809
1716 810
1717 810
1718 808
1719 809
1720 809
1721 808
1722 808
1723 808
1724 807
1725 807
1726 810
1727 809
1728 807
1729 806
1730 807
1731 807
1732 808
1733 812
1734 809
1735 808
1736 807
1737 807
1738 806
1739 802
1740 804
1741 804
1742 805
1743 805
1744 805
1745 806
1746 805
1747 805
1748 805
1749 806
1750 806
1751 805
1752 798
1753 802
1754 804
1755 804
1756 805
1757 804
1758 806
1759 805
1760 805
1761 804
1762 804
1763 803
1764 803
1765 804
1766 803
1767 804
1768 804
1769 803
1770 803
1771 804
1772 801
1773 804
1774 803
1775 803
1776 803
1777 798
1778 799
1779 802
1780 802
1781 803
1782 803
1783 803
1784 806
1785 804
1786 803
1787 803
1788 802
1789 801
1790 802
1791 801
1792 802
1793 802
1794 801
1795 801
1796 824
1797 814
1798 806
1799 802
1800 802
1801 802
1802 802
1803 807
1804 802
1805 802
1806 802
1807 801
1808 801
1809 799
1810 799
1811 801
1812 801
1813 799
1814 799
1815 806
1816 807
1817 803
1818 801
1819 801
1820 799
1821 799
1822 803
1823 797
1824 798
1825 798
1826 799
1827 797
1828 795
1829 796
1830 797
1831 797
1832 799
1833 798
1834 798
1835 802
1836 796
1837 797
1838 797
1839 798
1840 797
1841 791
1842 794
1843 796
1844 796
1845 796
1846 807
1847 802
1848 798
1849 798
1850 796
1851 796
1852 796
1853 796
1854 801
1855 796
1856 788
1857 792
1858 794
1859 797
1860 794
1861 795
1862 796
1863 796
1864 797
1865 797
1866 811
1867 805
1868 801
1869 798
1870 796
1871 796
1872 796
1873 794
1874 794
1875 795
1876 796
1877 796
1878 796
1879 795
1880 795
1881 796
1882 796
1883 797
1884 796
1885 827
1886 807
1887 801
1888 798
1889 796
1890 796
1891 795
1892 802
1893 796
1894 795
1895 794
1896 794
1897 793
1898 793
1899 793
1900 795
1901 796
1902 795
1903 795
1904 785
1905 794
1906 795
1907 795
1908 795
1909 795
1910 793
1911 799
1912 794
1913 794
1914 795
1915 794
1916 795
1917 794
1918 795
1919 795
1920 794
1921 794
1922 795
1923 794
1924 793
1925 792
1926 792
1927 794
1928 794
1929 794
1930 793
1931 793
1932 794
1933 793
1934 793
1935 794
1936 797
1937 796
1938 794
1939 794
1940 794
1941 794
1942 793
1943 793
1944 793
1945 792
1946 794
1947 793
1948 794
1949 794
1950 794
1951 794
1952 793
1953 794
1954 795
1955 793
1956 794
1957 793
1958 794
1959 794
1960 793
1961 793
1962 792
1963 792
1964 792
1965 792
1966 793
1967 795
1968 797
1969 794
1970 793
1971 794
1972 792
1973 793
1974 772
1975 781
1976 789
1977 792
1978 792
1979 792
1980 793
1981 797
1982 794
1983 793
1984 793
1985 792
1986 794
1987 793
1988 793
1989 792
1990 791
1991 792
1992 792
1993 777
1994 792
1995 792
1996 792
1997 792
1998 793
1999 791
2000 788
2001 789
2002 791
2003 792
2004 792
2005 793
2006 795
2007 794
2008 793
2009 793
2010 792
2011 792
2012 793
2013 795
2014 793
2015 792
2016 792
2017 793
2018 791
2019 793
2020 791
2021 792
2022 792
2023 792
2024 792
2025 793
2026 792
2027 793
2028 792
2029 792
2030 792
2031 792
2032 795
2033 791
2034 792
2035 792
2036 792
2037 792
2038 796
2039 793
2040 792
2041 793
2042 791
2043 793
2044 776
2045 787
2046 788
2047 791
