time	V
0.000000000000000e+000	0.000000e+000
1.000000000000000e-006	0.000000e+000
1.022690456484403e-006	2.362647e-005
1.045380912968807e-006	1.325018e-004
1.068071369453210e-006	3.266261e-004
1.090761825937613e-006	6.059992e-004
1.113452282422017e-006	9.706213e-004
1.136142738906420e-006	1.420492e-003
1.158833195390823e-006	1.955612e-003
1.258833195390823e-006	5.101061e-003
1.358833195390823e-006	9.520202e-003
1.400000000000000e-006	1.176218e-002
1.417666390781646e-006	1.286034e-002
1.452999172344937e-006	1.525441e-002
1.500000000000000e-006	1.862538e-002
1.535100366532957e-006	2.139294e-002
1.570200733065913e-006	2.416422e-002
1.605301099598870e-006	2.693921e-002
1.640401466131827e-006	2.971792e-002
1.675501832664783e-006	3.250033e-002
1.710602199197740e-006	3.528646e-002
1.745702565730696e-006	3.807630e-002
2.424887913483454e-006	9.178324e-002
3.104073261236212e-006	1.452576e-001
3.783258608988970e-006	1.984994e-001
4.462443956741728e-006	2.515086e-001
5.141629304494486e-006	3.042853e-001
5.820814652247244e-006	3.568294e-001
6.500000000000000e-006	4.091409e-001
6.570000000000000e-006	4.141372e-001
6.750000000000000e-006	4.235636e-001
6.900000000000001e-006	4.279031e-001
7.000000000000001e-006	4.288732e-001
7.030000000000001e-006	4.288162e-001
2.011857142857166e-005	3.945403e-001
3.320714285714331e-005	3.625649e-001
4.629571428571496e-005	3.328899e-001
5.938428571428662e-005	3.055155e-001
7.247285714285828e-005	2.804415e-001
8.556142857142993e-005	2.576681e-001
9.865000000000156e-005	2.371951e-001
9.875000000000156e-005	2.370418e-001
1.009000000000000e-004	2.337707e-001
1.009999999999968e-004	2.336196e-001
1.010000000000000e-004	2.336196e-001
1.010000000000065e-004	2.336196e-001
1.010000000000452e-004	2.336196e-001
1.010000000000968e-004	2.336196e-001
1.010158324838505e-004	2.335979e-001
1.010316649676042e-004	2.336208e-001
1.010474974513579e-004	2.336882e-001
1.010633299351116e-004	2.338003e-001
1.010791624188654e-004	2.339570e-001
1.010949949026191e-004	2.341582e-001
1.011108273863728e-004	2.344041e-001
1.012108273863728e-004	2.367330e-001
1.013108273863728e-004	2.404298e-001
1.015000000000000e-004	2.514911e-001
1.015700000000000e-004	2.569061e-001
1.022742857142857e-004	3.115983e-001
1.029785714285714e-004	3.660453e-001
1.036828571428571e-004	4.202470e-001
1.043871428571429e-004	4.742035e-001
1.050914285714286e-004	5.279148e-001
1.057957142857143e-004	5.813808e-001
1.065000000000000e-004	6.346015e-001
1.065699999999998e-004	6.394958e-001
1.068499999999996e-004	6.518720e-001
1.070000000000000e-004	6.536064e-001
1.070300000000000e-004	6.535058e-001
1.198471428571432e-004	6.022795e-001
1.326642857142864e-004	5.544352e-001
1.454814285714295e-004	5.099728e-001
1.582985714285727e-004	4.688925e-001
1.711157142857159e-004	4.311941e-001
1.839328571428590e-004	3.968777e-001
1.967500000000022e-004	3.659433e-001
1.968500000000022e-004	3.657069e-001
2.009000000000000e-004	3.562582e-001
2.009999999999955e-004	3.560280e-001
2.010000000000000e-004	3.560280e-001
2.010000000000091e-004	3.560280e-001
2.010000000000273e-004	3.560280e-001
2.010223517418129e-004	3.559981e-001
2.010447034835985e-004	3.560514e-001
2.010670552253840e-004	3.561878e-001
2.010894069671696e-004	3.564073e-001
2.011117587089552e-004	3.567098e-001
2.011341104507407e-004	3.570955e-001
2.011564621925263e-004	3.575644e-001
2.013564621925263e-004	3.646095e-001
2.015000000000000e-004	3.735046e-001
2.015287400979906e-004	3.757014e-001
2.015574801959811e-004	3.779022e-001
2.015862202939717e-004	3.801070e-001
2.016149603919622e-004	3.823156e-001
2.016437004899528e-004	3.845283e-001
2.016724405879434e-004	3.867449e-001
2.017011806859339e-004	3.889654e-001
2.023867263022291e-004	4.416229e-001
2.030722719185242e-004	4.940502e-001
2.037578175348194e-004	5.462475e-001
2.044433631511146e-004	5.982146e-001
2.051289087674097e-004	6.499515e-001
2.058144543837049e-004	7.014583e-001
2.065000000000000e-004	7.527350e-001
2.065691735198462e-004	7.575245e-001
2.068482289710990e-004	7.696936e-001
2.070000000000000e-004	7.713589e-001
2.070300000000000e-004	7.712355e-001
2.195042857142860e-004	7.122933e-001
2.319785714285721e-004	6.571595e-001
2.444528571428581e-004	6.058343e-001
2.569271428571441e-004	5.583176e-001
2.694014285714301e-004	5.146094e-001
2.818757142857161e-004	4.747098e-001
2.943500000000021e-004	4.386187e-001
2.944500000000021e-004	4.383353e-001
3.009999999999954e-004	4.201658e-001
3.010000000000364e-004	4.201658e-001
3.010000000000774e-004	4.201658e-001
3.010000000001184e-004	4.201658e-001
3.010000000001594e-004	4.201658e-001
3.010000000002004e-004	4.201658e-001
3.010000000002413e-004	4.201658e-001
3.010000000002823e-004	4.201658e-001
3.010223517420315e-004	4.201267e-001
3.010447034837806e-004	4.201707e-001
3.010670552255297e-004	4.202978e-001
3.010894069672789e-004	4.205080e-001
3.011117587090280e-004	4.208014e-001
3.011341104507772e-004	4.211778e-001
3.011564621925263e-004	4.216374e-001
3.012055390221654e-004	4.227522e-001
3.012546158518045e-004	4.242476e-001
3.013036926814436e-004	4.261238e-001
3.013527695110827e-004	4.283807e-001
3.014018463407218e-004	4.310183e-001
3.014509231703609e-004	4.340365e-001
3.015000000000000e-004	4.374355e-001
3.015287400979897e-004	4.396205e-001
3.015574801959794e-004	4.418094e-001
3.015862202939691e-004	4.440022e-001
3.016149603919588e-004	4.461990e-001
3.016437004899485e-004	4.483998e-001
3.016724405879382e-004	4.506045e-001
3.017011806859278e-004	4.528132e-001
3.065000000000000e-004	8.146329e-001
3.065691735198505e-004	8.193948e-001
3.066307201598719e-004	8.230222e-001
3.066922667998932e-004	8.260911e-001
3.067538134399146e-004	8.286014e-001
3.068153600799360e-004	8.305532e-001
3.068769067199573e-004	8.319464e-001
3.069384533599787e-004	8.327810e-001
3.070000000000000e-004	8.330570e-001
3.070300000000000e-004	8.329217e-001
3.191614285714289e-004	7.709058e-001
3.312928571428577e-004	7.128086e-001
3.434242857142867e-004	6.586304e-001
3.555557142857155e-004	6.083710e-001
3.676871428571444e-004	5.620304e-001
3.798185714285732e-004	5.196087e-001
3.919500000000021e-004	4.811059e-001
3.920500000000021e-004	4.807950e-001
4.009000000000000e-004	4.540651e-001
4.009999999999955e-004	4.537717e-001
4.010000000000000e-004	4.537717e-001
4.010000000000090e-004	4.537717e-001
4.010000000000270e-004	4.537717e-001
4.010220856496485e-004	4.537275e-001
4.010441712992699e-004	4.537646e-001
4.010662569488914e-004	4.538831e-001
4.010883425985128e-004	4.540828e-001
4.011104282481343e-004	4.543638e-001
4.011325138977557e-004	4.547262e-001
4.011545995473772e-004	4.551698e-001
4.012039424691805e-004	4.562714e-001
4.012532853909837e-004	4.577564e-001
4.013026283127870e-004	4.596249e-001
4.013519712345902e-004	4.618768e-001
4.014013141563935e-004	4.645121e-001
4.014506570781967e-004	4.675309e-001
4.015000000000000e-004	4.709330e-001
4.015300542348330e-004	4.732123e-001
4.015601084696660e-004	4.754954e-001
4.015901627044990e-004	4.777825e-001
4.016202169393320e-004	4.800734e-001
4.016502711741650e-004	4.823682e-001
4.016803254089980e-004	4.846670e-001
4.017103796438310e-004	4.869696e-001
4.065000000000000e-004	8.470652e-001
4.065700000000000e-004	8.518634e-001
4.066314285714286e-004	8.554662e-001
4.066928571428571e-004	8.585119e-001
4.067542857142857e-004	8.610005e-001
4.068157142857143e-004	8.629321e-001
4.068771428571429e-004	8.643066e-001
4.069385714285714e-004	8.651241e-001
4.070000000000000e-004	8.653846e-001
4.070300000000000e-004	8.652430e-001
4.188328571428574e-004	8.024606e-001
4.306357142857147e-004	7.435588e-001
4.424385714285720e-004	6.885377e-001
4.542414285714294e-004	6.373972e-001
4.660442857142867e-004	5.901374e-001
4.778471428571440e-004	5.467582e-001
4.896500000000013e-004	5.072597e-001
4.897500000000013e-004	5.069320e-001
4.999499999999960e-004	4.745899e-001
5.000000000000000e-004	4.744365e-001
